district_id,district_name,electoral_district_id,electoral_district_type,eligible_voters,eligible_voters_a1,eligible_voters_a2,eligible_voters_a3,voters,voters_b1,invalid_votes,valid_votes,vote_yes,vote_no
1,Mitte,1A ,Briefwahlbezirk,0,0,0,0,528,528,2,526,257,269
1,Mitte,1B ,Briefwahlbezirk,0,0,0,0,500,500,0,500,200,300
1,Mitte,1C ,Briefwahlbezirk,0,0,0,0,500,500,1,499,200,299
1,Mitte,1D ,Briefwahlbezirk,0,0,0,0,514,514,1,513,260,253
1,Mitte,1E ,Briefwahlbezirk,0,0,0,0,500,500,1,499,200,299
1,Mitte,1F ,Briefwahlbezirk,0,0,0,0,500,500,1,499,200,299
1,Mitte,1G ,Briefwahlbezirk,0,0,0,0,1032,1032,0,1032,438,594
1,Mitte,1H ,Briefwahlbezirk,0,0,0,0,1038,1038,1,1037,438,599
1,Mitte,1I ,Briefwahlbezirk,0,0,0,0,529,529,2,527,257,270
1,Mitte,1K ,Briefwahlbezirk,0,0,0,0,546,546,0,546,292,254
1,Mitte,1L ,Briefwahlbezirk,0,0,0,0,517,517,0,517,235,282
1,Mitte,1M ,Briefwahlbezirk,0,0,0,0,1040,1040,0,1040,399,641
1,Mitte,1N ,Briefwahlbezirk,0,0,0,0,1050,1050,37,1013,498,515
1,Mitte,1O ,Briefwahlbezirk,0,0,0,0,513,513,0,513,260,253
1,Mitte,1P ,Briefwahlbezirk,0,0,0,0,1047,1047,2,1045,507,538
1,Mitte,1Q ,Briefwahlbezirk,0,0,0,0,537,537,1,536,289,247
1,Mitte,1R ,Briefwahlbezirk,0,0,0,0,528,528,0,528,339,189
1,Mitte,100,Urnenwahlbezirk,3095,2900,195,0,588,1,0,588,205,383
1,Mitte,101,Urnenwahlbezirk,2479,2209,270,0,484,5,0,484,211,273
1,Mitte,105,Urnenwahlbezirk,3973,3666,307,0,891,5,1,890,352,538
1,Mitte,107,Urnenwahlbezirk,3587,3346,241,0,804,5,1,803,267,536
1,Mitte,111,Urnenwahlbezirk,2281,2144,137,0,534,6,0,534,202,332
1,Mitte,112,Urnenwahlbezirk,2396,2252,144,0,559,0,0,559,162,397
1,Mitte,115,Urnenwahlbezirk,3096,2863,233,0,640,5,1,639,225,414
1,Mitte,118,Urnenwahlbezirk,2509,2316,193,0,546,2,2,544,195,349
1,Mitte,120,Urnenwahlbezirk,3454,3304,150,0,560,2,1,559,361,198
1,Mitte,121,Urnenwahlbezirk,2912,2706,206,0,540,0,2,538,186,352
1,Mitte,129,Urnenwahlbezirk,3059,2930,129,0,460,0,0,460,250,210
1,Mitte,200,Urnenwahlbezirk,2101,1857,244,0,460,5,0,460,149,311
1,Mitte,202,Urnenwahlbezirk,3399,2996,403,0,645,4,2,643,165,478
1,Mitte,205,Urnenwahlbezirk,2931,2618,313,0,586,2,1,585,130,455
1,Mitte,207,Urnenwahlbezirk,3168,2723,445,0,602,2,0,602,230,372
1,Mitte,209,Urnenwahlbezirk,3914,3658,256,0,779,10,3,776,228,548
1,Mitte,212,Urnenwahlbezirk,3479,2969,510,0,639,2,1,638,112,526
1,Mitte,214,Urnenwahlbezirk,3074,2729,345,0,547,0,4,543,106,437
1,Mitte,217,Urnenwahlbezirk,2197,1947,250,0,423,0,0,423,113,310
1,Mitte,219,Urnenwahlbezirk,3308,2996,312,0,760,1,1,759,154,605
1,Mitte,221,Urnenwahlbezirk,3903,3557,346,0,751,1,1,750,133,617
1,Mitte,300,Urnenwahlbezirk,3180,2952,228,0,687,2,1,686,392,294
1,Mitte,302,Urnenwahlbezirk,2839,2579,260,0,577,0,1,576,285,291
1,Mitte,305,Urnenwahlbezirk,3162,2877,285,0,834,6,0,834,415,419
1,Mitte,307,Urnenwahlbezirk,2626,2448,178,0,536,2,1,535,270,265
1,Mitte,308,Urnenwahlbezirk,1993,1876,117,0,298,0,2,296,137,159
1,Mitte,312,Urnenwahlbezirk,2368,2139,229,0,673,2,2,671,318,353
1,Mitte,315,Urnenwahlbezirk,2273,2059,214,0,615,3,1,614,328,286
1,Mitte,317,Urnenwahlbezirk,3682,3283,399,0,1051,4,2,1049,545,504
1,Mitte,321,Urnenwahlbezirk,2366,2147,219,0,438,0,0,438,243,195
1,Mitte,323,Urnenwahlbezirk,2195,2055,140,0,423,1,1,422,199,223
1,Mitte,325,Urnenwahlbezirk,2596,2407,189,0,405,0,2,403,198,205
1,Mitte,327,Urnenwahlbezirk,2882,2746,136,0,453,3,3,450,238,212
1,Mitte,400,Urnenwahlbezirk,3144,3048,96,0,377,0,1,376,173,203
1,Mitte,403,Urnenwahlbezirk,2570,2413,157,0,531,1,1,530,242,288
1,Mitte,404,Urnenwahlbezirk,2491,2341,150,0,460,0,0,460,229,231
1,Mitte,405,Urnenwahlbezirk,1873,1771,102,0,336,0,0,336,174,162
1,Mitte,409,Urnenwahlbezirk,3046,2842,204,0,665,5,0,665,299,366
1,Mitte,414,Urnenwahlbezirk,1963,1859,104,0,363,0,0,363,162,201
1,Mitte,415,Urnenwahlbezirk,2819,2663,156,0,463,2,2,461,243,218
1,Mitte,416,Urnenwahlbezirk,3412,3254,158,0,607,1,1,606,248,358
1,Mitte,421,Urnenwahlbezirk,2708,2569,139,0,526,0,3,523,226,297
1,Mitte,425,Urnenwahlbezirk,2610,2515,95,0,464,4,0,464,220,244
1,Mitte,427,Urnenwahlbezirk,2744,2590,154,0,498,0,0,498,166,332
1,Mitte,431,Urnenwahlbezirk,2956,2839,117,0,438,0,1,437,191,246
1,Mitte,500,Urnenwahlbezirk,3182,3013,169,0,514,2,1,513,351,162
1,Mitte,504,Urnenwahlbezirk,3008,2895,113,0,441,1,2,439,224,215
1,Mitte,505,Urnenwahlbezirk,2696,2511,185,0,661,0,2,659,466,193
1,Mitte,508,Urnenwahlbezirk,2286,2144,142,0,418,1,0,418,282,136
1,Mitte,510,Urnenwahlbezirk,2206,2097,109,0,337,0,0,337,247,90
1,Mitte,512,Urnenwahlbezirk,2119,2038,81,0,380,0,2,378,195,183
1,Mitte,513,Urnenwahlbezirk,2513,2353,160,0,329,1,2,327,180,147
1,Mitte,516,Urnenwahlbezirk,3003,2871,132,0,510,0,2,508,273,235
1,Mitte,519,Urnenwahlbezirk,2389,2245,144,0,520,0,0,520,317,203
1,Mitte,522,Urnenwahlbezirk,2366,2263,103,0,330,0,1,329,233,96
1,Mitte,524,Urnenwahlbezirk,1980,1905,75,0,295,0,0,295,114,181
1,Mitte,528,Urnenwahlbezirk,3006,2881,125,0,556,0,2,554,251,303
1,Mitte,600,Urnenwahlbezirk,2101,1993,108,0,309,0,1,308,173,135
1,Mitte,601,Urnenwahlbezirk,2849,2779,70,0,324,0,0,324,154,170
1,Mitte,602,Urnenwahlbezirk,1914,1841,73,0,390,0,0,390,196,194
1,Mitte,603,Urnenwahlbezirk,2708,2591,117,0,329,0,0,329,188,141
1,Mitte,605,Urnenwahlbezirk,2758,2668,90,0,379,0,0,379,154,225
1,Mitte,612,Urnenwahlbezirk,2030,1964,66,0,272,3,0,272,119,153
1,Mitte,613,Urnenwahlbezirk,3042,2943,99,0,442,0,2,440,216,224
1,Mitte,617,Urnenwahlbezirk,2153,2071,82,0,269,0,0,269,123,146
1,Mitte,620,Urnenwahlbezirk,1902,1792,110,0,226,0,1,225,126,99
1,Mitte,623,Urnenwahlbezirk,2838,2725,113,0,420,2,0,420,207,213
1,Mitte,624,Urnenwahlbezirk,2158,2063,95,0,337,0,0,337,181,156
1,Mitte,627,Urnenwahlbezirk,2679,2607,72,0,369,4,1,368,200,168
1,Mitte,632,Urnenwahlbezirk,2289,2179,110,0,378,4,2,376,198,178
1,Mitte,634,Urnenwahlbezirk,2541,2455,86,0,372,0,1,371,145,226
2,Friedrichshain-Kreuzberg,1A ,Briefwahlbezirk,0,0,0,0,770,770,1,769,248,521
2,Friedrichshain-Kreuzberg,1B ,Briefwahlbezirk,0,0,0,0,648,648,0,648,210,438
2,Friedrichshain-Kreuzberg,1C ,Briefwahlbezirk,0,0,0,0,768,768,0,768,213,555
2,Friedrichshain-Kreuzberg,1D ,Briefwahlbezirk,0,0,0,0,794,794,1,793,223,570
2,Friedrichshain-Kreuzberg,1E ,Briefwahlbezirk,0,0,0,0,772,772,1,771,248,523
2,Friedrichshain-Kreuzberg,1F ,Briefwahlbezirk,0,0,0,0,770,770,1,769,227,542
2,Friedrichshain-Kreuzberg,1G ,Briefwahlbezirk,0,0,0,0,765,765,0,765,237,528
2,Friedrichshain-Kreuzberg,1H ,Briefwahlbezirk,0,0,0,0,776,776,3,773,209,564
2,Friedrichshain-Kreuzberg,1J ,Briefwahlbezirk,0,0,0,0,823,823,3,820,231,589
2,Friedrichshain-Kreuzberg,1K ,Briefwahlbezirk,0,0,0,0,1234,1234,1,1233,330,903
2,Friedrichshain-Kreuzberg,101,Urnenwahlbezirk,1905,1823,82,0,275,0,0,275,131,144
2,Friedrichshain-Kreuzberg,102,Urnenwahlbezirk,1001,970,31,0,158,0,1,157,95,62
2,Friedrichshain-Kreuzberg,103,Urnenwahlbezirk,734,702,32,0,114,0,0,114,48,66
2,Friedrichshain-Kreuzberg,104,Urnenwahlbezirk,913,865,48,0,169,0,0,169,56,113
2,Friedrichshain-Kreuzberg,105,Urnenwahlbezirk,3520,3310,210,0,774,3,3,771,244,527
2,Friedrichshain-Kreuzberg,106,Urnenwahlbezirk,2626,2454,172,0,726,3,4,722,251,471
2,Friedrichshain-Kreuzberg,107,Urnenwahlbezirk,1396,1271,125,0,438,2,0,438,178,260
2,Friedrichshain-Kreuzberg,108,Urnenwahlbezirk,3746,3513,233,0,866,0,5,861,276,585
2,Friedrichshain-Kreuzberg,109,Urnenwahlbezirk,972,935,37,0,259,0,1,258,68,190
2,Friedrichshain-Kreuzberg,110,Urnenwahlbezirk,2387,2262,125,0,639,0,2,637,150,487
2,Friedrichshain-Kreuzberg,111,Urnenwahlbezirk,2353,2248,105,0,641,3,6,635,187,448
2,Friedrichshain-Kreuzberg,112,Urnenwahlbezirk,2487,2356,131,0,620,9,2,618,171,447
2,Friedrichshain-Kreuzberg,113,Urnenwahlbezirk,1273,1233,40,0,168,0,1,167,98,69
2,Friedrichshain-Kreuzberg,114,Urnenwahlbezirk,918,870,48,0,140,1,0,140,52,88
2,Friedrichshain-Kreuzberg,115,Urnenwahlbezirk,1974,1900,74,0,336,0,2,334,168,166
2,Friedrichshain-Kreuzberg,116,Urnenwahlbezirk,965,917,48,0,124,0,0,124,53,71
2,Friedrichshain-Kreuzberg,117,Urnenwahlbezirk,2987,2858,129,0,519,1,1,518,259,259
2,Friedrichshain-Kreuzberg,118,Urnenwahlbezirk,911,892,19,0,164,0,1,163,76,87
2,Friedrichshain-Kreuzberg,119,Urnenwahlbezirk,1115,1048,67,0,306,1,1,305,105,200
2,Friedrichshain-Kreuzberg,120,Urnenwahlbezirk,3222,3018,204,0,888,2,0,888,209,679
2,Friedrichshain-Kreuzberg,121,Urnenwahlbezirk,1150,1052,98,0,318,0,0,318,78,240
2,Friedrichshain-Kreuzberg,122,Urnenwahlbezirk,1049,960,89,0,242,2,0,242,77,165
2,Friedrichshain-Kreuzberg,123,Urnenwahlbezirk,1896,1754,142,0,517,2,0,517,159,358
2,Friedrichshain-Kreuzberg,124,Urnenwahlbezirk,2388,2239,149,0,624,5,2,622,166,456
2,Friedrichshain-Kreuzberg,125,Urnenwahlbezirk,3262,3103,159,0,671,4,1,670,190,480
2,Friedrichshain-Kreuzberg,126,Urnenwahlbezirk,1065,1014,51,0,225,0,0,225,51,174
2,Friedrichshain-Kreuzberg,127,Urnenwahlbezirk,1384,1296,88,0,342,1,1,341,67,274
2,Friedrichshain-Kreuzberg,128,Urnenwahlbezirk,806,783,23,0,177,0,0,177,36,141
2,Friedrichshain-Kreuzberg,129,Urnenwahlbezirk,1013,935,78,0,251,1,0,251,70,181
2,Friedrichshain-Kreuzberg,130,Urnenwahlbezirk,1968,1898,70,0,323,1,0,323,116,207
2,Friedrichshain-Kreuzberg,131,Urnenwahlbezirk,1721,1645,76,0,264,0,3,261,157,104
2,Friedrichshain-Kreuzberg,132,Urnenwahlbezirk,1012,967,45,0,194,0,0,194,48,146
2,Friedrichshain-Kreuzberg,133,Urnenwahlbezirk,1013,976,37,0,158,0,0,158,96,62
2,Friedrichshain-Kreuzberg,134,Urnenwahlbezirk,2291,2204,87,0,454,1,0,454,114,340
2,Friedrichshain-Kreuzberg,135,Urnenwahlbezirk,1095,1053,42,0,212,1,0,212,38,174
2,Friedrichshain-Kreuzberg,136,Urnenwahlbezirk,1215,1153,62,0,284,1,0,284,85,199
2,Friedrichshain-Kreuzberg,137,Urnenwahlbezirk,1323,1250,73,0,341,1,1,340,77,263
2,Friedrichshain-Kreuzberg,138,Urnenwahlbezirk,3142,2978,164,0,716,5,2,714,158,556
2,Friedrichshain-Kreuzberg,139,Urnenwahlbezirk,1150,1088,62,0,305,2,0,305,63,242
2,Friedrichshain-Kreuzberg,140,Urnenwahlbezirk,1810,1746,64,0,350,1,2,348,85,263
2,Friedrichshain-Kreuzberg,141,Urnenwahlbezirk,2541,2417,124,0,697,2,0,697,133,564
2,Friedrichshain-Kreuzberg,142,Urnenwahlbezirk,2280,2169,111,0,432,3,2,430,130,300
2,Friedrichshain-Kreuzberg,143,Urnenwahlbezirk,1382,1323,59,0,311,4,2,309,83,226
2,Friedrichshain-Kreuzberg,144,Urnenwahlbezirk,2343,2227,116,0,537,3,0,537,99,438
2,Friedrichshain-Kreuzberg,145,Urnenwahlbezirk,1082,1031,51,0,212,1,0,212,47,165
2,Friedrichshain-Kreuzberg,146,Urnenwahlbezirk,2164,2043,121,0,490,0,1,489,92,397
2,Friedrichshain-Kreuzberg,147,Urnenwahlbezirk,617,580,37,0,176,0,0,176,39,137
2,Friedrichshain-Kreuzberg,148,Urnenwahlbezirk,1023,953,70,0,270,1,0,270,62,208
2,Friedrichshain-Kreuzberg,149,Urnenwahlbezirk,2279,2153,126,0,459,2,0,459,96,363
2,Friedrichshain-Kreuzberg,150,Urnenwahlbezirk,1219,1167,52,0,207,0,0,207,35,172
2,Friedrichshain-Kreuzberg,151,Urnenwahlbezirk,1218,1173,45,0,230,0,1,229,51,178
2,Friedrichshain-Kreuzberg,152,Urnenwahlbezirk,899,849,50,0,169,0,0,169,44,125
2,Friedrichshain-Kreuzberg,153,Urnenwahlbezirk,2179,2042,137,0,494,1,2,492,100,392
2,Friedrichshain-Kreuzberg,154,Urnenwahlbezirk,1325,1235,90,0,241,0,0,241,42,199
2,Friedrichshain-Kreuzberg,155,Urnenwahlbezirk,1416,1323,93,0,218,1,0,218,50,168
2,Friedrichshain-Kreuzberg,156,Urnenwahlbezirk,2513,2261,252,0,494,0,2,492,103,389
2,Friedrichshain-Kreuzberg,157,Urnenwahlbezirk,1177,1071,106,0,253,0,0,253,45,208
2,Friedrichshain-Kreuzberg,158,Urnenwahlbezirk,1253,1179,74,0,278,0,0,278,45,233
2,Friedrichshain-Kreuzberg,159,Urnenwahlbezirk,1909,1797,112,0,514,0,1,513,100,413
2,Friedrichshain-Kreuzberg,160,Urnenwahlbezirk,1403,1313,90,0,334,0,0,334,73,261
2,Friedrichshain-Kreuzberg,161,Urnenwahlbezirk,1306,1246,60,0,296,3,2,294,51,243
2,Friedrichshain-Kreuzberg,162,Urnenwahlbezirk,3902,3716,186,0,741,1,2,739,132,607
2,Friedrichshain-Kreuzberg,163,Urnenwahlbezirk,1142,1091,51,0,244,1,0,244,45,199
2,Friedrichshain-Kreuzberg,164,Urnenwahlbezirk,5395,5163,232,0,1198,1,1,1197,230,967
2,Friedrichshain-Kreuzberg,165,Urnenwahlbezirk,2501,2347,154,0,499,2,1,498,125,373
2,Friedrichshain-Kreuzberg,166,Urnenwahlbezirk,4119,3932,187,0,914,3,3,911,168,743
2,Friedrichshain-Kreuzberg,167,Urnenwahlbezirk,2453,2331,122,0,525,4,1,524,128,396
2,Friedrichshain-Kreuzberg,168,Urnenwahlbezirk,3758,3577,181,0,718,2,0,718,142,576
2,Friedrichshain-Kreuzberg,169,Urnenwahlbezirk,1395,1333,62,0,301,0,0,301,55,246
2,Friedrichshain-Kreuzberg,170,Urnenwahlbezirk,2550,2443,107,0,490,3,1,489,96,393
2,Friedrichshain-Kreuzberg,171,Urnenwahlbezirk,1399,1317,82,0,292,0,1,291,50,241
2,Friedrichshain-Kreuzberg,172,Urnenwahlbezirk,4059,3815,244,0,776,1,2,774,139,635
2,Friedrichshain-Kreuzberg,173,Urnenwahlbezirk,3864,3635,229,0,795,0,0,795,156,639
2,Friedrichshain-Kreuzberg,174,Urnenwahlbezirk,1436,1376,60,0,275,0,2,273,73,200
2,Friedrichshain-Kreuzberg,175,Urnenwahlbezirk,2473,2355,118,0,546,3,1,545,115,430
2,Friedrichshain-Kreuzberg,176,Urnenwahlbezirk,3505,3346,159,0,616,1,3,613,115,498
2,Friedrichshain-Kreuzberg,177,Urnenwahlbezirk,2814,2668,146,0,551,4,0,551,120,431
2,Friedrichshain-Kreuzberg,178,Urnenwahlbezirk,1198,1134,64,0,259,0,1,258,68,190
2,Friedrichshain-Kreuzberg,179,Urnenwahlbezirk,1256,1210,46,0,291,0,0,291,63,228
2,Friedrichshain-Kreuzberg,180,Urnenwahlbezirk,4210,3937,273,0,797,1,3,794,170,624
2,Friedrichshain-Kreuzberg,181,Urnenwahlbezirk,914,845,69,0,275,0,0,275,64,211
2,Friedrichshain-Kreuzberg,182,Urnenwahlbezirk,1308,1218,90,0,234,0,0,234,43,191
2,Friedrichshain-Kreuzberg,183,Urnenwahlbezirk,2464,2309,155,0,452,1,1,451,106,345
2,Friedrichshain-Kreuzberg,184,Urnenwahlbezirk,1242,1163,79,0,285,0,0,285,64,221
2,Friedrichshain-Kreuzberg,185,Urnenwahlbezirk,2375,2150,225,0,564,0,0,564,96,468
2,Friedrichshain-Kreuzberg,186,Urnenwahlbezirk,2043,1886,157,0,457,0,1,456,73,383
2,Friedrichshain-Kreuzberg,187,Urnenwahlbezirk,2364,2159,205,0,383,0,2,381,48,333
3,Pankow,1A ,Briefwahlbezirk,0,0,0,0,765,765,0,765,245,520
3,Pankow,1B ,Briefwahlbezirk,0,0,0,0,768,768,0,768,264,504
3,Pankow,2A ,Briefwahlbezirk,0,0,0,0,771,771,3,768,243,525
3,Pankow,2B ,Briefwahlbezirk,0,0,0,0,775,775,1,774,242,532
3,Pankow,3A ,Briefwahlbezirk,0,0,0,0,772,772,0,772,267,505
3,Pankow,3B ,Briefwahlbezirk,0,0,0,0,769,769,1,768,243,525
3,Pankow,4A ,Briefwahlbezirk,0,0,0,0,776,776,3,773,245,528
3,Pankow,4B ,Briefwahlbezirk,0,0,0,0,779,779,0,779,273,506
3,Pankow,5A ,Briefwahlbezirk,0,0,0,0,897,897,2,895,289,606
3,Pankow,5B ,Briefwahlbezirk,0,0,0,0,780,780,3,777,269,508
3,Pankow,6A ,Briefwahlbezirk,0,0,0,0,776,776,1,775,228,547
3,Pankow,6B ,Briefwahlbezirk,0,0,0,0,773,773,1,772,256,516
3,Pankow,6C ,Briefwahlbezirk,0,0,0,0,761,761,4,757,265,492
3,Pankow,7A ,Briefwahlbezirk,0,0,0,0,775,775,0,775,247,528
3,Pankow,7B ,Briefwahlbezirk,0,0,0,0,777,777,1,776,215,561
3,Pankow,8A ,Briefwahlbezirk,0,0,0,0,770,770,0,770,248,522
3,Pankow,8B ,Briefwahlbezirk,0,0,0,0,769,769,2,767,242,525
3,Pankow,8C ,Briefwahlbezirk,0,0,0,0,786,786,0,786,245,541
3,Pankow,9A ,Briefwahlbezirk,0,0,0,0,772,772,1,771,234,537
3,Pankow,9B ,Briefwahlbezirk,0,0,0,0,796,796,2,794,246,548
3,Pankow,9C ,Briefwahlbezirk,0,0,0,0,790,790,0,790,263,527
3,Pankow,101,Urnenwahlbezirk,2388,2206,182,0,454,1,0,454,136,318
3,Pankow,102,Urnenwahlbezirk,2281,2142,139,0,332,0,0,332,95,237
3,Pankow,103,Urnenwahlbezirk,1604,1523,81,0,371,0,0,371,82,289
3,Pankow,104,Urnenwahlbezirk,1187,1104,83,0,192,0,1,191,52,139
3,Pankow,105,Urnenwahlbezirk,1138,1112,26,0,131,0,0,131,36,95
3,Pankow,106,Urnenwahlbezirk,910,877,33,0,123,2,1,122,38,84
3,Pankow,107,Urnenwahlbezirk,1474,1375,99,0,263,3,0,263,73,190
3,Pankow,108,Urnenwahlbezirk,3619,3463,156,0,594,3,0,594,188,406
3,Pankow,109,Urnenwahlbezirk,3132,2991,141,0,596,2,0,596,152,444
3,Pankow,110,Urnenwahlbezirk,1414,1379,35,0,250,0,0,250,111,139
3,Pankow,111,Urnenwahlbezirk,1233,1145,88,0,358,0,1,357,107,250
3,Pankow,112,Urnenwahlbezirk,2968,2736,232,0,860,4,0,860,255,605
3,Pankow,113,Urnenwahlbezirk,1070,990,80,0,324,2,0,324,111,213
3,Pankow,114,Urnenwahlbezirk,1478,1400,78,0,413,3,0,413,152,261
3,Pankow,115,Urnenwahlbezirk,3006,2856,150,0,662,0,1,661,250,411
3,Pankow,116,Urnenwahlbezirk,1487,1415,72,0,269,3,0,269,102,167
3,Pankow,117,Urnenwahlbezirk,3260,3076,184,0,715,0,0,715,208,507
3,Pankow,201,Urnenwahlbezirk,816,794,22,0,177,0,0,177,38,139
3,Pankow,202,Urnenwahlbezirk,631,609,22,0,124,0,1,123,65,58
3,Pankow,203,Urnenwahlbezirk,2845,2717,128,0,535,0,0,535,170,365
3,Pankow,204,Urnenwahlbezirk,2666,2541,125,0,477,0,0,477,176,301
3,Pankow,205,Urnenwahlbezirk,1159,1072,87,0,241,0,0,241,94,147
3,Pankow,206,Urnenwahlbezirk,2588,2382,205,1,646,5,0,646,274,372
3,Pankow,207,Urnenwahlbezirk,2176,2040,136,0,558,2,0,558,240,318
3,Pankow,208,Urnenwahlbezirk,1566,1459,107,0,411,1,0,411,166,245
3,Pankow,209,Urnenwahlbezirk,2866,2653,213,0,634,2,0,634,186,448
3,Pankow,210,Urnenwahlbezirk,3041,2834,207,0,730,1,2,728,227,501
3,Pankow,211,Urnenwahlbezirk,1264,1173,91,0,314,1,0,314,111,203
3,Pankow,212,Urnenwahlbezirk,2802,2567,235,0,768,5,3,765,277,488
3,Pankow,213,Urnenwahlbezirk,2824,2524,300,0,715,5,3,712,308,404
3,Pankow,214,Urnenwahlbezirk,1311,1235,76,0,264,0,1,263,74,189
3,Pankow,215,Urnenwahlbezirk,1406,1297,109,0,384,0,0,384,133,251
3,Pankow,216,Urnenwahlbezirk,1570,1389,181,0,413,0,1,412,138,274
3,Pankow,301,Urnenwahlbezirk,2496,2305,191,0,564,0,0,564,167,397
3,Pankow,302,Urnenwahlbezirk,1024,939,85,0,210,0,2,208,65,143
3,Pankow,303,Urnenwahlbezirk,2307,2178,129,0,414,1,1,413,114,299
3,Pankow,304,Urnenwahlbezirk,1140,1063,77,0,247,1,1,246,63,183
3,Pankow,305,Urnenwahlbezirk,2341,2124,217,0,511,0,0,511,138,373
3,Pankow,306,Urnenwahlbezirk,1155,1060,95,0,296,0,0,296,83,213
3,Pankow,307,Urnenwahlbezirk,1068,921,147,0,291,1,0,291,85,206
3,Pankow,308,Urnenwahlbezirk,1181,1050,131,0,333,0,0,333,117,216
3,Pankow,309,Urnenwahlbezirk,2385,2184,201,0,548,0,1,547,166,381
3,Pankow,310,Urnenwahlbezirk,2406,2221,184,1,516,0,1,515,114,401
3,Pankow,311,Urnenwahlbezirk,1115,1060,55,0,221,0,1,220,49,171
3,Pankow,312,Urnenwahlbezirk,2819,2578,241,0,765,2,2,763,191,572
3,Pankow,313,Urnenwahlbezirk,1353,1234,119,0,451,0,1,450,123,327
3,Pankow,314,Urnenwahlbezirk,1098,998,100,0,282,0,1,281,92,189
3,Pankow,315,Urnenwahlbezirk,2214,2047,167,0,479,0,3,476,140,336
3,Pankow,316,Urnenwahlbezirk,1343,1265,78,0,311,0,1,310,99,211
3,Pankow,317,Urnenwahlbezirk,2416,2250,166,0,598,3,0,598,178,420
3,Pankow,318,Urnenwahlbezirk,941,878,63,0,225,0,0,225,59,166
3,Pankow,401,Urnenwahlbezirk,2472,2233,239,0,550,3,1,549,159,390
3,Pankow,402,Urnenwahlbezirk,2363,2184,179,0,561,0,0,561,183,378
3,Pankow,403,Urnenwahlbezirk,1040,990,50,0,190,2,0,190,31,159
3,Pankow,404,Urnenwahlbezirk,2172,2017,155,0,411,0,0,411,96,315
3,Pankow,405,Urnenwahlbezirk,1178,1136,42,0,168,0,0,168,52,116
3,Pankow,406,Urnenwahlbezirk,1682,1606,76,0,316,1,1,315,78,237
3,Pankow,407,Urnenwahlbezirk,2676,2464,212,0,615,0,0,615,222,393
3,Pankow,408,Urnenwahlbezirk,2243,2170,73,0,317,3,2,315,83,232
3,Pankow,409,Urnenwahlbezirk,1254,1194,60,0,209,0,0,209,57,152
3,Pankow,410,Urnenwahlbezirk,1176,1097,79,0,229,1,0,229,47,182
3,Pankow,411,Urnenwahlbezirk,2659,2532,127,0,444,2,1,443,118,325
3,Pankow,412,Urnenwahlbezirk,1017,969,48,0,201,0,1,200,65,135
3,Pankow,413,Urnenwahlbezirk,771,720,51,0,160,0,0,160,42,118
3,Pankow,414,Urnenwahlbezirk,2250,2160,90,0,411,1,1,410,93,317
3,Pankow,415,Urnenwahlbezirk,2660,2508,152,0,497,0,0,497,116,381
3,Pankow,416,Urnenwahlbezirk,1477,1372,105,0,237,0,0,237,27,210
3,Pankow,501,Urnenwahlbezirk,2796,2650,146,0,634,0,1,633,182,451
3,Pankow,502,Urnenwahlbezirk,3012,2833,179,0,500,3,2,498,139,359
3,Pankow,503,Urnenwahlbezirk,1586,1493,93,0,415,0,0,415,124,291
3,Pankow,504,Urnenwahlbezirk,2499,2320,179,0,595,0,0,595,152,443
3,Pankow,505,Urnenwahlbezirk,2179,2041,138,0,505,2,0,505,122,383
3,Pankow,506,Urnenwahlbezirk,2938,2705,233,0,565,0,2,563,152,411
3,Pankow,507,Urnenwahlbezirk,2222,2032,190,0,488,1,2,486,101,385
3,Pankow,508,Urnenwahlbezirk,2344,2162,182,0,481,0,0,481,95,386
3,Pankow,509,Urnenwahlbezirk,2408,2243,165,0,479,4,3,476,121,355
3,Pankow,510,Urnenwahlbezirk,2754,2599,155,0,589,3,2,587,135,452
3,Pankow,511,Urnenwahlbezirk,1144,1050,94,0,255,0,1,254,54,200
3,Pankow,512,Urnenwahlbezirk,2306,2165,141,0,535,1,0,535,159,376
3,Pankow,513,Urnenwahlbezirk,1240,1159,81,0,314,0,0,314,87,227
3,Pankow,514,Urnenwahlbezirk,801,708,93,0,232,0,0,232,64,168
3,Pankow,601,Urnenwahlbezirk,1135,1079,56,0,290,1,0,290,68,222
3,Pankow,602,Urnenwahlbezirk,1316,1258,58,0,245,0,0,245,72,173
3,Pankow,603,Urnenwahlbezirk,1270,1218,52,0,287,1,1,286,62,224
3,Pankow,604,Urnenwahlbezirk,2446,2336,110,0,645,0,1,644,144,500
3,Pankow,605,Urnenwahlbezirk,1842,1722,120,0,498,1,0,498,122,376
3,Pankow,606,Urnenwahlbezirk,2332,2218,114,0,626,0,0,626,160,466
3,Pankow,607,Urnenwahlbezirk,1620,1532,88,0,363,1,1,362,93,269
3,Pankow,608,Urnenwahlbezirk,1699,1593,106,0,428,0,2,426,101,325
3,Pankow,609,Urnenwahlbezirk,1802,1697,105,0,480,7,0,480,123,357
3,Pankow,610,Urnenwahlbezirk,2120,1986,134,0,496,1,0,496,117,379
3,Pankow,611,Urnenwahlbezirk,1651,1511,140,0,447,3,1,446,119,327
3,Pankow,612,Urnenwahlbezirk,1643,1546,97,0,402,3,0,402,103,299
3,Pankow,613,Urnenwahlbezirk,887,842,45,0,189,0,0,189,45,144
3,Pankow,614,Urnenwahlbezirk,787,745,42,0,187,1,1,186,45,141
3,Pankow,615,Urnenwahlbezirk,1643,1508,135,0,389,1,1,388,88,300
3,Pankow,616,Urnenwahlbezirk,1920,1814,106,0,443,2,1,442,104,338
3,Pankow,617,Urnenwahlbezirk,2170,2004,166,0,465,2,2,463,122,341
3,Pankow,618,Urnenwahlbezirk,1823,1713,110,0,398,1,2,396,115,281
3,Pankow,619,Urnenwahlbezirk,1690,1580,110,0,399,3,0,399,93,306
3,Pankow,701,Urnenwahlbezirk,1396,1349,47,0,203,1,0,203,54,149
3,Pankow,702,Urnenwahlbezirk,2876,2748,128,0,499,2,2,497,136,361
3,Pankow,703,Urnenwahlbezirk,2931,2794,137,0,473,2,2,471,123,348
3,Pankow,704,Urnenwahlbezirk,2455,2312,143,0,537,30,2,535,151,384
3,Pankow,705,Urnenwahlbezirk,1584,1486,98,0,200,0,0,200,54,146
3,Pankow,706,Urnenwahlbezirk,1508,1431,77,0,255,0,0,255,58,197
3,Pankow,707,Urnenwahlbezirk,1373,1286,87,0,228,0,1,227,70,157
3,Pankow,708,Urnenwahlbezirk,1517,1424,93,0,290,0,0,290,85,205
3,Pankow,709,Urnenwahlbezirk,2273,2126,147,0,479,3,0,479,129,350
3,Pankow,710,Urnenwahlbezirk,2096,1949,147,0,506,2,1,505,128,377
3,Pankow,711,Urnenwahlbezirk,956,880,76,0,193,2,0,193,50,143
3,Pankow,712,Urnenwahlbezirk,2444,2279,165,0,561,3,0,561,138,423
3,Pankow,713,Urnenwahlbezirk,1139,1057,82,0,284,2,2,282,72,210
3,Pankow,714,Urnenwahlbezirk,1068,1022,46,0,214,2,0,214,42,172
3,Pankow,715,Urnenwahlbezirk,1496,1389,107,0,308,1,2,306,59,247
3,Pankow,716,Urnenwahlbezirk,2095,1990,105,0,380,0,1,379,91,288
3,Pankow,717,Urnenwahlbezirk,1335,1257,78,0,257,3,0,257,86,171
3,Pankow,801,Urnenwahlbezirk,2017,1883,134,0,366,0,2,364,87,277
3,Pankow,802,Urnenwahlbezirk,1376,1283,93,0,301,1,0,301,58,243
3,Pankow,803,Urnenwahlbezirk,1123,1054,69,0,265,1,1,264,68,196
3,Pankow,804,Urnenwahlbezirk,2462,2304,158,0,532,2,2,530,156,374
3,Pankow,805,Urnenwahlbezirk,1151,1058,93,0,278,1,0,278,84,194
3,Pankow,806,Urnenwahlbezirk,1277,1177,100,0,335,1,1,334,92,242
3,Pankow,807,Urnenwahlbezirk,2234,2130,104,0,604,2,3,601,159,442
3,Pankow,808,Urnenwahlbezirk,1708,1612,96,0,440,3,0,440,89,351
3,Pankow,809,Urnenwahlbezirk,2157,2007,150,0,559,3,2,557,143,414
3,Pankow,810,Urnenwahlbezirk,2131,1964,167,0,496,1,0,496,120,376
3,Pankow,811,Urnenwahlbezirk,1132,1054,78,0,313,0,0,313,84,229
3,Pankow,812,Urnenwahlbezirk,1328,1207,121,0,316,0,0,316,76,240
3,Pankow,813,Urnenwahlbezirk,1138,1057,81,0,315,3,1,314,79,235
3,Pankow,814,Urnenwahlbezirk,2270,2091,179,0,613,6,0,613,199,414
3,Pankow,815,Urnenwahlbezirk,1118,992,126,0,279,0,0,279,81,198
3,Pankow,816,Urnenwahlbezirk,1891,1748,143,0,513,3,1,512,117,395
3,Pankow,817,Urnenwahlbezirk,1086,992,94,0,254,5,0,254,72,182
3,Pankow,818,Urnenwahlbezirk,1313,1218,95,0,307,0,0,307,58,249
3,Pankow,901,Urnenwahlbezirk,2593,2424,169,0,613,1,3,610,151,459
3,Pankow,902,Urnenwahlbezirk,2403,2303,100,0,587,4,1,586,127,459
3,Pankow,903,Urnenwahlbezirk,1128,1079,49,0,240,0,0,240,66,174
3,Pankow,904,Urnenwahlbezirk,828,791,37,0,159,0,0,159,49,110
3,Pankow,905,Urnenwahlbezirk,1271,1178,93,0,273,0,0,273,61,212
3,Pankow,906,Urnenwahlbezirk,2489,2313,176,0,526,1,0,526,127,399
3,Pankow,907,Urnenwahlbezirk,2491,2297,194,0,475,0,3,472,112,360
3,Pankow,908,Urnenwahlbezirk,786,730,56,0,134,0,0,134,19,115
3,Pankow,909,Urnenwahlbezirk,1059,1020,39,0,165,1,2,163,32,131
3,Pankow,910,Urnenwahlbezirk,1109,980,129,0,337,0,1,336,62,274
3,Pankow,911,Urnenwahlbezirk,1269,1213,56,0,209,1,1,208,55,153
3,Pankow,912,Urnenwahlbezirk,2788,2636,152,0,655,1,3,652,172,480
3,Pankow,913,Urnenwahlbezirk,1383,1284,99,0,331,6,0,331,76,255
3,Pankow,914,Urnenwahlbezirk,1092,1013,79,0,324,1,0,324,109,215
3,Pankow,915,Urnenwahlbezirk,2273,2094,179,0,580,1,0,580,171,409
3,Pankow,916,Urnenwahlbezirk,1175,1059,116,0,400,2,0,400,113,287
3,Pankow,917,Urnenwahlbezirk,2409,2235,174,0,584,2,1,583,148,435
3,Pankow,918,Urnenwahlbezirk,2459,2335,124,0,485,6,1,484,106,378
3,Pankow,919,Urnenwahlbezirk,2113,1991,122,0,341,0,1,340,90,250
4,Charlottenburg-Wilmersdorf,1A ,Briefwahlbezirk,0,0,0,0,707,707,1,706,436,270
4,Charlottenburg-Wilmersdorf,1B ,Briefwahlbezirk,0,0,0,0,735,735,2,733,459,274
4,Charlottenburg-Wilmersdorf,1C ,Briefwahlbezirk,0,0,0,0,738,738,2,736,478,258
4,Charlottenburg-Wilmersdorf,1D ,Briefwahlbezirk,0,0,0,0,720,720,2,718,439,279
4,Charlottenburg-Wilmersdorf,1E ,Briefwahlbezirk,0,0,0,0,824,824,1,823,487,336
4,Charlottenburg-Wilmersdorf,1F ,Briefwahlbezirk,0,0,0,0,768,768,3,765,508,257
4,Charlottenburg-Wilmersdorf,1G ,Briefwahlbezirk,0,0,0,0,1124,1124,1,1123,748,375
4,Charlottenburg-Wilmersdorf,1H ,Briefwahlbezirk,0,0,0,0,989,989,2,987,655,332
4,Charlottenburg-Wilmersdorf,1J ,Briefwahlbezirk,0,0,0,0,839,839,0,839,549,290
4,Charlottenburg-Wilmersdorf,1K ,Briefwahlbezirk,0,0,0,0,905,905,1,904,554,350
4,Charlottenburg-Wilmersdorf,1L ,Briefwahlbezirk,0,0,0,0,1097,1097,1,1096,671,425
4,Charlottenburg-Wilmersdorf,1M ,Briefwahlbezirk,0,0,0,0,778,778,0,778,503,275
4,Charlottenburg-Wilmersdorf,1N ,Briefwahlbezirk,0,0,0,0,749,749,1,748,492,256
4,Charlottenburg-Wilmersdorf,1O ,Briefwahlbezirk,0,0,0,0,721,721,2,719,451,268
4,Charlottenburg-Wilmersdorf,1P ,Briefwahlbezirk,0,0,0,0,997,997,4,993,656,337
4,Charlottenburg-Wilmersdorf,1Q ,Briefwahlbezirk,0,0,0,0,808,808,2,806,517,289
4,Charlottenburg-Wilmersdorf,1R ,Briefwahlbezirk,0,0,0,0,647,647,1,646,422,224
4,Charlottenburg-Wilmersdorf,1S ,Briefwahlbezirk,0,0,0,0,643,643,0,643,424,219
4,Charlottenburg-Wilmersdorf,1T ,Briefwahlbezirk,0,0,0,0,690,690,1,689,411,278
4,Charlottenburg-Wilmersdorf,1U ,Briefwahlbezirk,0,0,0,0,1208,1208,0,1208,756,452
4,Charlottenburg-Wilmersdorf,1V ,Briefwahlbezirk,0,0,0,0,1012,1012,1,1011,634,377
4,Charlottenburg-Wilmersdorf,1W ,Briefwahlbezirk,0,0,0,0,776,776,0,776,495,281
4,Charlottenburg-Wilmersdorf,1X ,Briefwahlbezirk,0,0,0,0,165,165,0,165,96,69
4,Charlottenburg-Wilmersdorf,1Y ,Briefwahlbezirk,0,0,0,0,160,160,0,160,105,55
4,Charlottenburg-Wilmersdorf,1Z ,Briefwahlbezirk,0,0,0,0,97,97,0,97,56,41
4,Charlottenburg-Wilmersdorf,101,Urnenwahlbezirk,1818,1729,89,0,286,0,2,284,173,111
4,Charlottenburg-Wilmersdorf,102,Urnenwahlbezirk,2025,1897,128,0,325,1,2,323,231,92
4,Charlottenburg-Wilmersdorf,103,Urnenwahlbezirk,1633,1539,94,0,332,0,0,332,249,83
4,Charlottenburg-Wilmersdorf,104,Urnenwahlbezirk,1633,1552,81,0,354,1,1,353,256,97
4,Charlottenburg-Wilmersdorf,105,Urnenwahlbezirk,1368,1277,90,1,225,0,0,225,161,64
4,Charlottenburg-Wilmersdorf,106,Urnenwahlbezirk,2153,2042,111,0,409,0,0,409,293,116
4,Charlottenburg-Wilmersdorf,107,Urnenwahlbezirk,2039,1909,130,0,375,0,0,375,287,88
4,Charlottenburg-Wilmersdorf,108,Urnenwahlbezirk,1213,1148,65,0,245,0,0,245,134,111
4,Charlottenburg-Wilmersdorf,109,Urnenwahlbezirk,1428,1362,66,0,276,1,1,275,170,105
4,Charlottenburg-Wilmersdorf,110,Urnenwahlbezirk,1555,1463,92,0,360,1,0,360,183,177
4,Charlottenburg-Wilmersdorf,111,Urnenwahlbezirk,2018,1875,143,0,471,0,0,471,250,221
4,Charlottenburg-Wilmersdorf,112,Urnenwahlbezirk,1986,1860,126,0,483,0,0,483,218,265
4,Charlottenburg-Wilmersdorf,113,Urnenwahlbezirk,1265,1172,93,0,285,0,0,285,162,123
4,Charlottenburg-Wilmersdorf,114,Urnenwahlbezirk,1265,1116,149,0,437,0,0,437,276,161
4,Charlottenburg-Wilmersdorf,115,Urnenwahlbezirk,2274,2057,217,0,651,2,0,651,461,190
4,Charlottenburg-Wilmersdorf,116,Urnenwahlbezirk,2029,1706,323,0,684,5,1,683,473,210
4,Charlottenburg-Wilmersdorf,117,Urnenwahlbezirk,1313,1116,197,0,377,3,0,377,277,100
4,Charlottenburg-Wilmersdorf,118,Urnenwahlbezirk,1797,1662,135,0,487,0,1,486,328,158
4,Charlottenburg-Wilmersdorf,119,Urnenwahlbezirk,1827,1591,236,0,553,1,1,552,380,172
4,Charlottenburg-Wilmersdorf,120,Urnenwahlbezirk,1638,1466,172,0,433,2,1,432,274,158
4,Charlottenburg-Wilmersdorf,121,Urnenwahlbezirk,1644,1554,90,0,302,0,2,300,182,118
4,Charlottenburg-Wilmersdorf,122,Urnenwahlbezirk,894,836,58,0,209,2,2,207,94,113
4,Charlottenburg-Wilmersdorf,123,Urnenwahlbezirk,1543,1415,128,0,334,0,0,334,162,172
4,Charlottenburg-Wilmersdorf,124,Urnenwahlbezirk,1349,1247,102,0,317,0,2,315,201,114
4,Charlottenburg-Wilmersdorf,125,Urnenwahlbezirk,1410,1235,175,0,352,3,0,352,207,145
4,Charlottenburg-Wilmersdorf,126,Urnenwahlbezirk,1458,1248,210,0,462,3,0,462,308,154
4,Charlottenburg-Wilmersdorf,127,Urnenwahlbezirk,1652,1397,255,0,483,0,1,482,315,167
4,Charlottenburg-Wilmersdorf,128,Urnenwahlbezirk,1566,1348,218,0,474,4,0,474,310,164
4,Charlottenburg-Wilmersdorf,129,Urnenwahlbezirk,1508,1301,207,0,448,3,2,446,318,128
4,Charlottenburg-Wilmersdorf,130,Urnenwahlbezirk,2156,1913,243,0,609,0,0,609,380,229
4,Charlottenburg-Wilmersdorf,131,Urnenwahlbezirk,1724,1465,259,0,582,0,1,581,397,184
4,Charlottenburg-Wilmersdorf,132,Urnenwahlbezirk,1561,1332,229,0,547,0,1,546,356,190
4,Charlottenburg-Wilmersdorf,133,Urnenwahlbezirk,737,652,85,0,289,4,0,289,178,111
4,Charlottenburg-Wilmersdorf,134,Urnenwahlbezirk,1307,1207,100,0,355,1,1,354,190,164
4,Charlottenburg-Wilmersdorf,135,Urnenwahlbezirk,1560,1444,116,0,423,0,1,422,264,158
4,Charlottenburg-Wilmersdorf,136,Urnenwahlbezirk,1606,1471,135,0,343,1,0,343,173,170
4,Charlottenburg-Wilmersdorf,137,Urnenwahlbezirk,1313,1191,122,0,336,0,1,335,180,155
4,Charlottenburg-Wilmersdorf,138,Urnenwahlbezirk,1266,1162,104,0,338,0,0,338,197,141
4,Charlottenburg-Wilmersdorf,139,Urnenwahlbezirk,1726,1605,121,0,388,0,0,388,194,194
4,Charlottenburg-Wilmersdorf,140,Urnenwahlbezirk,1800,1677,123,0,512,2,0,512,208,304
4,Charlottenburg-Wilmersdorf,141,Urnenwahlbezirk,2006,1866,140,0,475,1,2,473,221,252
4,Charlottenburg-Wilmersdorf,142,Urnenwahlbezirk,1783,1586,197,0,450,2,1,449,256,193
4,Charlottenburg-Wilmersdorf,143,Urnenwahlbezirk,1492,1356,136,0,403,0,0,403,245,158
4,Charlottenburg-Wilmersdorf,144,Urnenwahlbezirk,1526,1391,135,0,421,1,0,421,206,215
4,Charlottenburg-Wilmersdorf,145,Urnenwahlbezirk,2073,1811,262,0,519,4,0,519,290,229
4,Charlottenburg-Wilmersdorf,146,Urnenwahlbezirk,1414,1265,149,0,414,0,1,413,209,204
4,Charlottenburg-Wilmersdorf,147,Urnenwahlbezirk,1706,1579,127,0,446,0,0,446,219,227
4,Charlottenburg-Wilmersdorf,148,Urnenwahlbezirk,1916,1732,184,0,579,4,0,579,313,266
4,Charlottenburg-Wilmersdorf,149,Urnenwahlbezirk,1794,1661,133,0,417,1,1,416,201,215
4,Charlottenburg-Wilmersdorf,150,Urnenwahlbezirk,2103,1882,221,0,558,3,1,557,270,287
4,Charlottenburg-Wilmersdorf,151,Urnenwahlbezirk,1806,1659,147,0,384,0,1,383,178,205
4,Charlottenburg-Wilmersdorf,152,Urnenwahlbezirk,2096,1875,220,1,487,1,0,487,247,240
4,Charlottenburg-Wilmersdorf,153,Urnenwahlbezirk,1429,1282,147,0,330,0,0,330,160,170
4,Charlottenburg-Wilmersdorf,154,Urnenwahlbezirk,1056,958,98,0,207,1,0,207,128,79
4,Charlottenburg-Wilmersdorf,155,Urnenwahlbezirk,1461,1299,162,0,249,1,0,249,131,118
4,Charlottenburg-Wilmersdorf,156,Urnenwahlbezirk,1135,1065,70,0,281,0,0,281,165,116
4,Charlottenburg-Wilmersdorf,157,Urnenwahlbezirk,1518,1374,144,0,278,0,0,278,146,132
4,Charlottenburg-Wilmersdorf,158,Urnenwahlbezirk,1663,1558,105,0,319,0,0,319,199,120
4,Charlottenburg-Wilmersdorf,159,Urnenwahlbezirk,1788,1573,215,0,381,1,0,381,186,195
4,Charlottenburg-Wilmersdorf,160,Urnenwahlbezirk,1011,932,79,0,227,1,1,226,122,104
4,Charlottenburg-Wilmersdorf,161,Urnenwahlbezirk,1907,1767,140,0,425,0,0,425,217,208
4,Charlottenburg-Wilmersdorf,162,Urnenwahlbezirk,1295,1186,109,0,313,0,0,313,162,151
4,Charlottenburg-Wilmersdorf,163,Urnenwahlbezirk,1862,1723,139,0,437,0,1,436,208,228
4,Charlottenburg-Wilmersdorf,164,Urnenwahlbezirk,1873,1753,120,0,374,0,0,374,190,184
4,Charlottenburg-Wilmersdorf,165,Urnenwahlbezirk,1665,1526,139,0,363,0,0,363,179,184
4,Charlottenburg-Wilmersdorf,166,Urnenwahlbezirk,1713,1572,141,0,441,0,1,440,217,223
4,Charlottenburg-Wilmersdorf,167,Urnenwahlbezirk,1971,1737,234,0,422,0,0,422,223,199
4,Charlottenburg-Wilmersdorf,168,Urnenwahlbezirk,2105,1875,230,0,506,0,0,506,267,239
4,Charlottenburg-Wilmersdorf,169,Urnenwahlbezirk,1671,1490,181,0,424,1,0,424,236,188
4,Charlottenburg-Wilmersdorf,170,Urnenwahlbezirk,1630,1478,152,0,320,0,3,317,173,144
4,Charlottenburg-Wilmersdorf,171,Urnenwahlbezirk,874,716,158,0,263,0,1,262,198,64
4,Charlottenburg-Wilmersdorf,172,Urnenwahlbezirk,2138,1912,226,0,548,4,0,548,305,243
4,Charlottenburg-Wilmersdorf,173,Urnenwahlbezirk,1781,1597,184,0,394,2,0,394,244,150
4,Charlottenburg-Wilmersdorf,174,Urnenwahlbezirk,1651,1476,175,0,447,5,1,446,265,181
4,Charlottenburg-Wilmersdorf,175,Urnenwahlbezirk,1635,1309,326,0,394,0,0,394,292,102
4,Charlottenburg-Wilmersdorf,176,Urnenwahlbezirk,1693,1485,208,0,527,0,1,526,351,175
4,Charlottenburg-Wilmersdorf,177,Urnenwahlbezirk,1550,1394,156,0,465,4,1,464,304,160
4,Charlottenburg-Wilmersdorf,178,Urnenwahlbezirk,2033,1857,176,0,521,5,0,521,337,184
4,Charlottenburg-Wilmersdorf,179,Urnenwahlbezirk,1632,1362,270,0,408,5,0,408,305,103
4,Charlottenburg-Wilmersdorf,180,Urnenwahlbezirk,1687,1469,218,0,421,1,0,421,313,108
4,Charlottenburg-Wilmersdorf,181,Urnenwahlbezirk,1645,1453,192,0,371,2,0,371,255,116
4,Charlottenburg-Wilmersdorf,182,Urnenwahlbezirk,1559,1360,199,0,424,0,0,424,284,140
4,Charlottenburg-Wilmersdorf,183,Urnenwahlbezirk,2155,1977,178,0,518,0,3,515,287,228
4,Charlottenburg-Wilmersdorf,184,Urnenwahlbezirk,2134,1937,197,0,671,9,2,669,392,277
4,Charlottenburg-Wilmersdorf,185,Urnenwahlbezirk,1742,1563,179,0,395,0,0,395,243,152
4,Charlottenburg-Wilmersdorf,186,Urnenwahlbezirk,1694,1579,115,0,455,2,1,454,262,192
4,Charlottenburg-Wilmersdorf,187,Urnenwahlbezirk,1648,1487,161,0,437,3,0,437,274,163
4,Charlottenburg-Wilmersdorf,188,Urnenwahlbezirk,1902,1717,185,0,393,1,0,393,239,154
4,Charlottenburg-Wilmersdorf,189,Urnenwahlbezirk,922,806,116,0,189,0,0,189,104,85
4,Charlottenburg-Wilmersdorf,190,Urnenwahlbezirk,1543,1413,130,0,375,0,1,374,237,137
4,Charlottenburg-Wilmersdorf,191,Urnenwahlbezirk,1588,1429,159,0,404,4,0,404,249,155
4,Charlottenburg-Wilmersdorf,192,Urnenwahlbezirk,1394,1276,118,0,324,3,0,324,193,131
4,Charlottenburg-Wilmersdorf,193,Urnenwahlbezirk,1576,1430,146,0,415,5,0,415,234,181
4,Charlottenburg-Wilmersdorf,194,Urnenwahlbezirk,1542,1405,137,0,280,0,2,278,170,108
4,Charlottenburg-Wilmersdorf,195,Urnenwahlbezirk,1511,1384,127,0,416,5,0,416,248,168
4,Charlottenburg-Wilmersdorf,196,Urnenwahlbezirk,1629,1480,149,0,524,0,0,524,328,196
4,Charlottenburg-Wilmersdorf,197,Urnenwahlbezirk,1601,1464,137,0,415,2,2,413,225,188
4,Charlottenburg-Wilmersdorf,198,Urnenwahlbezirk,1117,1030,87,0,320,0,0,320,197,123
4,Charlottenburg-Wilmersdorf,199,Urnenwahlbezirk,1323,1184,139,0,316,5,0,316,189,127
4,Charlottenburg-Wilmersdorf,200,Urnenwahlbezirk,1673,1541,132,0,417,0,1,416,248,168
4,Charlottenburg-Wilmersdorf,201,Urnenwahlbezirk,1921,1715,206,0,472,0,0,472,253,219
4,Charlottenburg-Wilmersdorf,202,Urnenwahlbezirk,2029,1816,213,0,563,2,2,561,290,271
4,Charlottenburg-Wilmersdorf,203,Urnenwahlbezirk,1422,1270,152,0,344,3,0,344,200,144
4,Charlottenburg-Wilmersdorf,204,Urnenwahlbezirk,2028,1830,198,0,608,1,1,607,330,277
4,Charlottenburg-Wilmersdorf,205,Urnenwahlbezirk,1886,1704,182,0,468,2,1,467,243,224
4,Charlottenburg-Wilmersdorf,206,Urnenwahlbezirk,2078,1892,186,0,534,1,2,532,302,230
4,Charlottenburg-Wilmersdorf,207,Urnenwahlbezirk,1737,1601,136,0,354,0,0,354,196,158
4,Charlottenburg-Wilmersdorf,208,Urnenwahlbezirk,1955,1755,198,2,579,0,2,577,311,266
4,Charlottenburg-Wilmersdorf,209,Urnenwahlbezirk,1781,1615,166,0,553,0,0,553,327,226
4,Charlottenburg-Wilmersdorf,210,Urnenwahlbezirk,2084,1875,209,0,721,0,2,719,384,335
4,Charlottenburg-Wilmersdorf,211,Urnenwahlbezirk,921,833,88,0,210,0,1,209,122,87
4,Charlottenburg-Wilmersdorf,212,Urnenwahlbezirk,1804,1656,148,0,382,1,1,381,280,101
4,Charlottenburg-Wilmersdorf,213,Urnenwahlbezirk,1822,1658,163,1,482,0,0,482,289,193
4,Charlottenburg-Wilmersdorf,214,Urnenwahlbezirk,918,855,63,0,223,0,1,222,119,103
4,Charlottenburg-Wilmersdorf,215,Urnenwahlbezirk,1536,1399,137,0,471,4,2,469,241,228
4,Charlottenburg-Wilmersdorf,216,Urnenwahlbezirk,1794,1627,167,0,567,0,1,566,377,189
4,Charlottenburg-Wilmersdorf,217,Urnenwahlbezirk,1636,1508,128,0,521,0,3,518,312,206
4,Charlottenburg-Wilmersdorf,218,Urnenwahlbezirk,1526,1351,175,0,575,5,0,575,348,227
4,Charlottenburg-Wilmersdorf,219,Urnenwahlbezirk,2207,1995,212,0,599,0,0,599,364,235
4,Charlottenburg-Wilmersdorf,220,Urnenwahlbezirk,1807,1624,183,0,597,4,1,596,341,255
4,Charlottenburg-Wilmersdorf,221,Urnenwahlbezirk,2150,1898,252,0,638,0,2,636,340,296
4,Charlottenburg-Wilmersdorf,222,Urnenwahlbezirk,1585,1419,166,0,500,2,2,498,320,178
4,Charlottenburg-Wilmersdorf,223,Urnenwahlbezirk,1551,1413,138,0,375,0,0,375,231,144
4,Charlottenburg-Wilmersdorf,224,Urnenwahlbezirk,1686,1528,158,0,460,0,0,460,315,145
4,Charlottenburg-Wilmersdorf,225,Urnenwahlbezirk,1561,1394,167,0,481,3,0,481,310,171
4,Charlottenburg-Wilmersdorf,226,Urnenwahlbezirk,1798,1582,216,0,594,1,0,594,404,190
4,Charlottenburg-Wilmersdorf,227,Urnenwahlbezirk,1659,1464,195,0,539,10,0,539,339,200
4,Charlottenburg-Wilmersdorf,228,Urnenwahlbezirk,1647,1474,173,0,495,0,0,495,333,162
4,Charlottenburg-Wilmersdorf,229,Urnenwahlbezirk,1602,1409,193,0,430,1,0,430,261,169
4,Charlottenburg-Wilmersdorf,230,Urnenwahlbezirk,1800,1650,150,0,346,0,1,345,196,149
4,Charlottenburg-Wilmersdorf,231,Urnenwahlbezirk,1496,1408,88,0,244,0,1,243,116,127
5,Spandau,1A ,Briefwahlbezirk,0,0,0,0,379,379,0,379,259,120
5,Spandau,1B ,Briefwahlbezirk,0,0,0,0,422,422,0,422,320,102
5,Spandau,1C ,Briefwahlbezirk,0,0,0,0,488,488,0,488,330,158
5,Spandau,1D ,Briefwahlbezirk,0,0,0,0,476,476,0,476,324,152
5,Spandau,1E ,Briefwahlbezirk,0,0,0,0,524,524,4,520,341,179
5,Spandau,1F ,Briefwahlbezirk,0,0,0,0,406,406,1,405,268,137
5,Spandau,1G ,Briefwahlbezirk,0,0,0,0,489,489,0,489,335,154
5,Spandau,1H ,Briefwahlbezirk,0,0,0,0,494,494,0,494,326,168
5,Spandau,1I ,Briefwahlbezirk,0,0,0,0,514,514,1,513,347,166
5,Spandau,1K ,Briefwahlbezirk,0,0,0,0,518,518,2,516,369,147
5,Spandau,1L ,Briefwahlbezirk,0,0,0,0,524,524,0,524,369,155
5,Spandau,1M ,Briefwahlbezirk,0,0,0,0,489,489,1,488,360,128
5,Spandau,1N ,Briefwahlbezirk,0,0,0,0,505,505,0,505,360,145
5,Spandau,1O ,Briefwahlbezirk,0,0,0,0,511,511,0,511,356,155
5,Spandau,1P ,Briefwahlbezirk,0,0,0,0,568,568,2,566,404,162
5,Spandau,1Q ,Briefwahlbezirk,0,0,0,0,495,495,1,494,370,124
5,Spandau,1R ,Briefwahlbezirk,0,0,0,0,491,491,0,491,354,137
5,Spandau,1S ,Briefwahlbezirk,0,0,0,0,505,505,1,504,352,152
5,Spandau,1T ,Briefwahlbezirk,0,0,0,0,502,502,1,501,376,125
5,Spandau,1U ,Briefwahlbezirk,0,0,0,0,496,496,1,495,350,145
5,Spandau,101,Urnenwahlbezirk,865,792,73,0,223,0,1,222,160,62
5,Spandau,102,Urnenwahlbezirk,1371,1228,143,0,429,2,1,428,305,123
5,Spandau,103,Urnenwahlbezirk,908,848,60,0,177,0,0,177,104,73
5,Spandau,104,Urnenwahlbezirk,1544,1438,106,0,278,0,1,277,204,73
5,Spandau,105,Urnenwahlbezirk,1866,1724,142,0,432,2,1,431,284,147
5,Spandau,106,Urnenwahlbezirk,2550,2355,195,0,437,1,1,436,299,137
5,Spandau,107,Urnenwahlbezirk,1910,1696,214,0,640,4,2,638,448,190
5,Spandau,108,Urnenwahlbezirk,2410,2229,181,0,507,1,0,507,348,159
5,Spandau,109,Urnenwahlbezirk,1043,991,52,0,214,2,0,214,150,64
5,Spandau,110,Urnenwahlbezirk,1187,1110,77,0,148,0,0,148,112,36
5,Spandau,111,Urnenwahlbezirk,956,934,22,0,177,2,0,177,112,65
5,Spandau,112,Urnenwahlbezirk,810,785,25,0,140,1,0,140,99,41
5,Spandau,113,Urnenwahlbezirk,902,827,75,0,318,0,1,317,213,104
5,Spandau,114,Urnenwahlbezirk,526,501,25,0,125,0,0,125,99,26
5,Spandau,115,Urnenwahlbezirk,879,864,15,0,123,0,0,123,83,40
5,Spandau,116,Urnenwahlbezirk,1839,1722,117,0,351,0,0,351,260,91
5,Spandau,117,Urnenwahlbezirk,1703,1604,99,0,370,0,0,370,258,112
5,Spandau,118,Urnenwahlbezirk,2009,1903,106,0,407,4,0,407,299,108
5,Spandau,119,Urnenwahlbezirk,2561,2449,112,0,405,1,0,405,303,102
5,Spandau,120,Urnenwahlbezirk,810,788,22,0,121,0,0,121,80,41
5,Spandau,121,Urnenwahlbezirk,2079,1985,94,0,366,2,1,365,252,113
5,Spandau,122,Urnenwahlbezirk,1514,1437,77,0,228,0,2,226,165,61
5,Spandau,123,Urnenwahlbezirk,669,633,36,0,111,0,0,111,63,48
5,Spandau,124,Urnenwahlbezirk,747,725,22,0,162,0,1,161,101,60
5,Spandau,125,Urnenwahlbezirk,843,811,32,0,111,0,0,111,79,32
5,Spandau,126,Urnenwahlbezirk,708,689,19,0,162,0,0,162,115,47
5,Spandau,127,Urnenwahlbezirk,1454,1411,43,0,204,1,0,204,151,53
5,Spandau,128,Urnenwahlbezirk,1305,1251,54,0,235,0,0,235,150,85
5,Spandau,129,Urnenwahlbezirk,906,891,15,0,124,0,0,124,79,45
5,Spandau,130,Urnenwahlbezirk,712,682,30,0,121,0,0,121,71,50
5,Spandau,131,Urnenwahlbezirk,851,828,23,0,164,0,1,163,109,54
5,Spandau,132,Urnenwahlbezirk,2047,1918,129,0,442,1,1,441,296,145
5,Spandau,133,Urnenwahlbezirk,1541,1454,87,0,314,0,0,314,191,123
5,Spandau,134,Urnenwahlbezirk,1630,1480,150,0,479,0,0,479,321,158
5,Spandau,135,Urnenwahlbezirk,2594,2394,200,0,720,0,1,719,497,222
5,Spandau,136,Urnenwahlbezirk,3167,2922,245,0,829,0,2,827,517,310
5,Spandau,137,Urnenwahlbezirk,1838,1738,100,0,403,2,1,402,309,93
5,Spandau,138,Urnenwahlbezirk,2092,1964,128,0,410,0,1,409,281,128
5,Spandau,139,Urnenwahlbezirk,619,592,27,0,131,0,0,131,100,31
5,Spandau,140,Urnenwahlbezirk,2862,2692,170,0,541,0,0,541,398,143
5,Spandau,141,Urnenwahlbezirk,2718,2617,101,0,400,1,0,400,299,101
5,Spandau,142,Urnenwahlbezirk,2312,2195,117,0,338,2,2,336,230,106
5,Spandau,143,Urnenwahlbezirk,1868,1748,120,0,486,1,1,485,330,155
5,Spandau,144,Urnenwahlbezirk,2625,2520,105,0,396,0,1,395,265,130
5,Spandau,145,Urnenwahlbezirk,1647,1573,74,0,284,0,2,282,209,73
5,Spandau,146,Urnenwahlbezirk,1574,1478,96,0,268,0,1,267,202,65
5,Spandau,147,Urnenwahlbezirk,2146,2038,108,0,505,2,1,504,302,202
5,Spandau,148,Urnenwahlbezirk,2240,2162,78,0,328,0,0,328,236,92
5,Spandau,149,Urnenwahlbezirk,2546,2421,125,0,547,0,1,546,410,136
5,Spandau,150,Urnenwahlbezirk,718,687,31,0,100,0,0,100,76,24
5,Spandau,151,Urnenwahlbezirk,2393,2230,163,0,472,0,2,470,345,125
5,Spandau,152,Urnenwahlbezirk,1139,1089,50,0,200,1,0,200,130,70
5,Spandau,153,Urnenwahlbezirk,966,914,52,0,235,1,1,234,169,65
5,Spandau,154,Urnenwahlbezirk,1889,1757,132,0,536,3,1,535,365,170
5,Spandau,155,Urnenwahlbezirk,1803,1684,119,0,505,1,0,505,367,138
5,Spandau,156,Urnenwahlbezirk,1563,1459,104,0,330,2,2,328,218,110
5,Spandau,157,Urnenwahlbezirk,1714,1590,124,0,317,2,1,316,193,123
5,Spandau,158,Urnenwahlbezirk,1603,1483,120,0,304,0,1,303,206,97
5,Spandau,159,Urnenwahlbezirk,979,955,24,0,221,0,0,221,166,55
5,Spandau,160,Urnenwahlbezirk,1866,1739,127,0,397,0,1,396,290,106
5,Spandau,161,Urnenwahlbezirk,2671,2499,172,0,551,0,1,550,381,169
5,Spandau,162,Urnenwahlbezirk,1609,1533,76,0,273,1,1,272,188,84
5,Spandau,163,Urnenwahlbezirk,2497,2344,153,0,420,0,2,418,267,151
5,Spandau,164,Urnenwahlbezirk,2214,2081,133,0,410,0,0,410,254,156
5,Spandau,165,Urnenwahlbezirk,1547,1452,95,0,290,0,1,289,181,108
5,Spandau,166,Urnenwahlbezirk,1361,1286,75,0,220,0,0,220,130,90
5,Spandau,167,Urnenwahlbezirk,1588,1477,111,0,318,0,0,318,221,97
5,Spandau,168,Urnenwahlbezirk,1947,1824,123,0,459,0,0,459,295,164
5,Spandau,169,Urnenwahlbezirk,2682,2530,152,0,565,0,2,563,405,158
5,Spandau,170,Urnenwahlbezirk,1511,1437,74,0,319,1,1,318,227,91
5,Spandau,171,Urnenwahlbezirk,2664,2558,106,0,259,0,1,258,181,77
5,Spandau,172,Urnenwahlbezirk,2318,2221,97,0,338,0,0,338,240,98
5,Spandau,173,Urnenwahlbezirk,982,911,71,0,262,2,1,261,178,83
5,Spandau,174,Urnenwahlbezirk,2470,2223,247,0,621,0,0,621,426,195
5,Spandau,175,Urnenwahlbezirk,1647,1575,72,0,325,2,1,324,241,83
5,Spandau,176,Urnenwahlbezirk,1528,1467,61,0,371,0,0,371,286,85
5,Spandau,177,Urnenwahlbezirk,1541,1442,99,0,297,1,1,296,221,75
5,Spandau,178,Urnenwahlbezirk,1569,1475,94,0,424,0,2,422,291,131
5,Spandau,179,Urnenwahlbezirk,734,714,20,0,123,0,0,123,101,22
5,Spandau,180,Urnenwahlbezirk,2051,1916,135,0,474,4,0,474,293,181
5,Spandau,181,Urnenwahlbezirk,1184,1122,62,0,311,0,0,311,172,139
5,Spandau,182,Urnenwahlbezirk,1080,1010,70,0,276,0,0,276,177,99
5,Spandau,183,Urnenwahlbezirk,1829,1750,79,0,272,0,0,272,231,41
5,Spandau,184,Urnenwahlbezirk,1376,1330,46,0,264,0,0,264,201,63
5,Spandau,185,Urnenwahlbezirk,1836,1697,139,0,446,0,0,446,320,126
5,Spandau,186,Urnenwahlbezirk,2417,2199,218,0,688,0,1,687,482,205
5,Spandau,187,Urnenwahlbezirk,851,732,119,0,297,0,1,296,184,112
5,Spandau,188,Urnenwahlbezirk,1951,1696,255,0,634,0,1,633,436,197
5,Spandau,189,Urnenwahlbezirk,2227,1892,335,0,658,3,0,658,450,208
5,Spandau,190,Urnenwahlbezirk,1947,1767,180,0,680,2,0,680,410,270
5,Spandau,191,Urnenwahlbezirk,1133,1003,130,0,350,1,0,350,236,114
5,Spandau,192,Urnenwahlbezirk,835,765,70,0,252,1,0,252,176,76
5,Spandau,193,Urnenwahlbezirk,1046,912,134,0,383,1,0,383,247,136
5,Spandau,194,Urnenwahlbezirk,935,864,71,0,323,2,0,323,208,115
5,Spandau,195,Urnenwahlbezirk,1088,916,172,0,410,2,0,410,288,122
5,Spandau,196,Urnenwahlbezirk,1176,1039,137,0,401,0,0,401,290,111
5,Spandau,197,Urnenwahlbezirk,1972,1745,227,0,624,2,0,624,440,184
5,Spandau,198,Urnenwahlbezirk,1853,1596,257,0,614,2,0,614,426,188
5,Spandau,199,Urnenwahlbezirk,2005,1818,187,0,805,2,0,805,573,232
6,Steglitz-Zehlendorf,1A ,Briefwahlbezirk,0,0,0,0,515,515,12,503,349,154
6,Steglitz-Zehlendorf,1B ,Briefwahlbezirk,0,0,0,0,500,500,0,500,346,154
6,Steglitz-Zehlendorf,1C ,Briefwahlbezirk,0,0,0,0,603,603,1,602,419,183
6,Steglitz-Zehlendorf,1D ,Briefwahlbezirk,0,0,0,0,602,602,2,600,419,181
6,Steglitz-Zehlendorf,1E ,Briefwahlbezirk,0,0,0,0,605,605,0,605,429,176
6,Steglitz-Zehlendorf,1F ,Briefwahlbezirk,0,0,0,0,608,608,1,607,441,166
6,Steglitz-Zehlendorf,1G ,Briefwahlbezirk,0,0,0,0,607,607,0,607,433,174
6,Steglitz-Zehlendorf,1H ,Briefwahlbezirk,0,0,0,0,602,602,0,602,434,168
6,Steglitz-Zehlendorf,1J ,Briefwahlbezirk,0,0,0,0,596,596,1,595,413,182
6,Steglitz-Zehlendorf,1K ,Briefwahlbezirk,0,0,0,0,602,602,0,602,408,194
6,Steglitz-Zehlendorf,1L ,Briefwahlbezirk,0,0,0,0,606,606,1,605,431,174
6,Steglitz-Zehlendorf,1M ,Briefwahlbezirk,0,0,0,0,594,594,1,593,410,183
6,Steglitz-Zehlendorf,1N ,Briefwahlbezirk,0,0,0,0,615,615,6,609,406,203
6,Steglitz-Zehlendorf,1O ,Briefwahlbezirk,0,0,0,0,607,607,1,606,426,180
6,Steglitz-Zehlendorf,1P ,Briefwahlbezirk,0,0,0,0,607,607,0,607,432,175
6,Steglitz-Zehlendorf,1Q ,Briefwahlbezirk,0,0,0,0,613,613,0,613,434,179
6,Steglitz-Zehlendorf,1R ,Briefwahlbezirk,0,0,0,0,604,604,1,603,416,187
6,Steglitz-Zehlendorf,1S ,Briefwahlbezirk,0,0,0,0,603,603,0,603,428,175
6,Steglitz-Zehlendorf,1T ,Briefwahlbezirk,0,0,0,0,607,607,2,605,430,175
6,Steglitz-Zehlendorf,1U ,Briefwahlbezirk,0,0,0,0,612,612,0,612,427,185
6,Steglitz-Zehlendorf,1V ,Briefwahlbezirk,0,0,0,0,608,608,1,607,441,166
6,Steglitz-Zehlendorf,1W ,Briefwahlbezirk,0,0,0,0,610,610,1,609,409,200
6,Steglitz-Zehlendorf,1X ,Briefwahlbezirk,0,0,0,0,600,600,0,600,407,193
6,Steglitz-Zehlendorf,1Y ,Briefwahlbezirk,0,0,0,0,627,627,0,627,438,189
6,Steglitz-Zehlendorf,1Z ,Briefwahlbezirk,0,0,0,0,604,604,4,600,408,192
6,Steglitz-Zehlendorf,2A ,Briefwahlbezirk,0,0,0,0,597,597,0,597,385,212
6,Steglitz-Zehlendorf,2B ,Briefwahlbezirk,0,0,0,0,611,611,0,611,428,183
6,Steglitz-Zehlendorf,2C ,Briefwahlbezirk,0,0,0,0,609,609,0,609,435,174
6,Steglitz-Zehlendorf,2D ,Briefwahlbezirk,0,0,0,0,604,604,0,604,400,204
6,Steglitz-Zehlendorf,2E ,Briefwahlbezirk,0,0,0,0,603,603,1,602,439,163
6,Steglitz-Zehlendorf,2F ,Briefwahlbezirk,0,0,0,0,595,595,0,595,412,183
6,Steglitz-Zehlendorf,2G ,Briefwahlbezirk,0,0,0,0,598,598,1,597,440,157
6,Steglitz-Zehlendorf,2H ,Briefwahlbezirk,0,0,0,0,597,597,2,595,423,172
6,Steglitz-Zehlendorf,2J ,Briefwahlbezirk,0,0,0,0,600,600,2,598,416,182
6,Steglitz-Zehlendorf,2K ,Briefwahlbezirk,0,0,0,0,607,607,5,602,437,165
6,Steglitz-Zehlendorf,2L ,Briefwahlbezirk,0,0,0,0,607,607,4,603,405,198
6,Steglitz-Zehlendorf,2M ,Briefwahlbezirk,0,0,0,0,586,586,0,586,403,183
6,Steglitz-Zehlendorf,2N ,Briefwahlbezirk,0,0,0,0,595,595,3,592,391,201
6,Steglitz-Zehlendorf,2O ,Briefwahlbezirk,0,0,0,0,609,609,1,608,428,180
6,Steglitz-Zehlendorf,001,Urnenwahlbezirk,1825,1561,264,0,635,3,3,632,430,202
6,Steglitz-Zehlendorf,002,Urnenwahlbezirk,2317,2085,232,0,572,3,1,571,307,264
6,Steglitz-Zehlendorf,003,Urnenwahlbezirk,2463,2223,240,0,709,0,3,706,376,330
6,Steglitz-Zehlendorf,004,Urnenwahlbezirk,1302,1193,109,0,370,2,2,368,177,191
6,Steglitz-Zehlendorf,005,Urnenwahlbezirk,2129,1947,182,0,545,2,2,543,322,221
6,Steglitz-Zehlendorf,006,Urnenwahlbezirk,1328,1190,138,0,392,8,1,391,229,162
6,Steglitz-Zehlendorf,007,Urnenwahlbezirk,2126,1799,327,0,670,4,2,668,386,282
6,Steglitz-Zehlendorf,008,Urnenwahlbezirk,1269,1175,94,0,330,1,1,329,196,133
6,Steglitz-Zehlendorf,009,Urnenwahlbezirk,2339,2144,195,0,649,2,3,646,403,243
6,Steglitz-Zehlendorf,010,Urnenwahlbezirk,821,754,67,0,264,0,1,263,168,95
6,Steglitz-Zehlendorf,011,Urnenwahlbezirk,886,845,41,0,204,1,0,204,132,72
6,Steglitz-Zehlendorf,012,Urnenwahlbezirk,1113,1012,101,0,323,1,1,322,160,162
6,Steglitz-Zehlendorf,013,Urnenwahlbezirk,1900,1655,245,0,530,4,1,529,290,239
6,Steglitz-Zehlendorf,014,Urnenwahlbezirk,884,778,106,0,253,0,1,252,172,80
6,Steglitz-Zehlendorf,015,Urnenwahlbezirk,980,891,89,0,325,0,1,324,172,152
6,Steglitz-Zehlendorf,016,Urnenwahlbezirk,2080,1857,223,0,594,3,0,594,384,210
6,Steglitz-Zehlendorf,017,Urnenwahlbezirk,1169,986,183,0,407,0,1,406,272,134
6,Steglitz-Zehlendorf,018,Urnenwahlbezirk,1194,1052,142,0,327,0,1,326,175,151
6,Steglitz-Zehlendorf,019,Urnenwahlbezirk,1340,1225,115,0,444,2,2,442,280,162
6,Steglitz-Zehlendorf,020,Urnenwahlbezirk,1280,1152,128,0,484,3,0,484,296,188
6,Steglitz-Zehlendorf,021,Urnenwahlbezirk,2286,1974,312,0,740,0,0,740,475,265
6,Steglitz-Zehlendorf,022,Urnenwahlbezirk,1108,1017,91,0,346,3,0,346,175,171
6,Steglitz-Zehlendorf,023,Urnenwahlbezirk,1025,937,88,0,279,1,2,277,175,102
6,Steglitz-Zehlendorf,024,Urnenwahlbezirk,1061,953,108,0,310,0,1,309,185,124
6,Steglitz-Zehlendorf,025,Urnenwahlbezirk,1163,1051,112,0,428,2,0,428,270,158
6,Steglitz-Zehlendorf,026,Urnenwahlbezirk,1955,1799,156,0,478,0,3,475,325,150
6,Steglitz-Zehlendorf,027,Urnenwahlbezirk,2207,2019,188,0,612,2,2,610,362,248
6,Steglitz-Zehlendorf,028,Urnenwahlbezirk,1118,1025,93,0,229,1,1,228,150,78
6,Steglitz-Zehlendorf,029,Urnenwahlbezirk,1248,1122,126,0,288,1,0,288,174,114
6,Steglitz-Zehlendorf,030,Urnenwahlbezirk,1282,1148,134,0,340,0,1,339,207,132
6,Steglitz-Zehlendorf,031,Urnenwahlbezirk,2280,2005,275,0,762,1,3,759,474,285
6,Steglitz-Zehlendorf,032,Urnenwahlbezirk,1991,1799,192,0,525,0,1,524,316,208
6,Steglitz-Zehlendorf,033,Urnenwahlbezirk,1842,1684,158,0,415,0,1,414,253,161
6,Steglitz-Zehlendorf,034,Urnenwahlbezirk,2212,1973,239,0,685,4,1,684,471,213
6,Steglitz-Zehlendorf,035,Urnenwahlbezirk,2337,2126,211,0,597,0,2,595,352,243
6,Steglitz-Zehlendorf,036,Urnenwahlbezirk,2269,2060,209,0,769,3,2,767,441,326
6,Steglitz-Zehlendorf,037,Urnenwahlbezirk,2174,1984,190,0,643,2,0,643,401,242
6,Steglitz-Zehlendorf,038,Urnenwahlbezirk,894,826,68,0,286,0,0,286,184,102
6,Steglitz-Zehlendorf,039,Urnenwahlbezirk,1127,1024,103,0,270,0,0,270,179,91
6,Steglitz-Zehlendorf,040,Urnenwahlbezirk,1081,989,92,0,272,3,1,271,139,132
6,Steglitz-Zehlendorf,041,Urnenwahlbezirk,915,832,83,0,288,0,1,287,193,94
6,Steglitz-Zehlendorf,042,Urnenwahlbezirk,2496,2171,325,0,846,5,0,846,504,342
6,Steglitz-Zehlendorf,043,Urnenwahlbezirk,2261,2041,220,0,763,5,1,762,483,279
6,Steglitz-Zehlendorf,044,Urnenwahlbezirk,958,819,139,0,349,2,0,349,206,143
6,Steglitz-Zehlendorf,045,Urnenwahlbezirk,1015,855,160,0,381,0,1,380,251,129
6,Steglitz-Zehlendorf,046,Urnenwahlbezirk,1115,919,196,0,402,2,2,400,240,160
6,Steglitz-Zehlendorf,047,Urnenwahlbezirk,2357,2022,335,0,796,7,0,796,513,283
6,Steglitz-Zehlendorf,048,Urnenwahlbezirk,1106,1000,106,0,323,4,0,323,218,105
6,Steglitz-Zehlendorf,049,Urnenwahlbezirk,2549,2132,417,0,909,5,1,908,564,344
6,Steglitz-Zehlendorf,050,Urnenwahlbezirk,1162,979,182,1,419,0,0,419,284,135
6,Steglitz-Zehlendorf,051,Urnenwahlbezirk,1928,1612,316,0,689,0,0,689,466,223
6,Steglitz-Zehlendorf,052,Urnenwahlbezirk,953,775,178,0,356,4,0,356,239,117
6,Steglitz-Zehlendorf,053,Urnenwahlbezirk,1293,1078,215,0,473,1,1,472,329,143
6,Steglitz-Zehlendorf,054,Urnenwahlbezirk,2491,2093,398,0,727,3,1,726,478,248
6,Steglitz-Zehlendorf,055,Urnenwahlbezirk,1259,1155,104,0,369,1,0,369,260,109
6,Steglitz-Zehlendorf,056,Urnenwahlbezirk,1191,1112,79,0,284,2,0,284,203,81
6,Steglitz-Zehlendorf,057,Urnenwahlbezirk,2486,2170,316,0,800,0,1,799,544,255
6,Steglitz-Zehlendorf,058,Urnenwahlbezirk,2328,2102,226,0,645,3,1,644,436,208
6,Steglitz-Zehlendorf,059,Urnenwahlbezirk,2273,1990,283,0,726,0,0,726,482,244
6,Steglitz-Zehlendorf,060,Urnenwahlbezirk,2101,1861,240,0,649,3,1,648,421,227
6,Steglitz-Zehlendorf,061,Urnenwahlbezirk,2207,1940,267,0,587,3,1,586,391,195
6,Steglitz-Zehlendorf,062,Urnenwahlbezirk,1037,930,107,0,330,1,0,330,242,88
6,Steglitz-Zehlendorf,063,Urnenwahlbezirk,2511,2217,294,0,853,1,3,850,539,311
6,Steglitz-Zehlendorf,064,Urnenwahlbezirk,1134,1044,90,0,240,0,1,239,173,66
6,Steglitz-Zehlendorf,065,Urnenwahlbezirk,2225,1987,238,0,546,4,1,545,380,165
6,Steglitz-Zehlendorf,066,Urnenwahlbezirk,2182,2007,175,0,497,0,1,496,361,135
6,Steglitz-Zehlendorf,067,Urnenwahlbezirk,954,852,102,0,313,1,0,313,202,111
6,Steglitz-Zehlendorf,068,Urnenwahlbezirk,2475,2134,341,0,868,7,0,868,566,302
6,Steglitz-Zehlendorf,069,Urnenwahlbezirk,2082,1737,345,0,751,1,1,750,525,225
6,Steglitz-Zehlendorf,070,Urnenwahlbezirk,1218,1096,122,0,451,0,0,451,338,113
6,Steglitz-Zehlendorf,071,Urnenwahlbezirk,1158,1038,120,0,331,1,0,331,253,78
6,Steglitz-Zehlendorf,072,Urnenwahlbezirk,2222,2010,212,0,714,1,0,714,512,202
6,Steglitz-Zehlendorf,073,Urnenwahlbezirk,2845,2636,209,0,716,0,0,716,531,185
6,Steglitz-Zehlendorf,074,Urnenwahlbezirk,1759,1663,96,0,369,0,1,368,265,103
6,Steglitz-Zehlendorf,075,Urnenwahlbezirk,1736,1549,187,0,476,2,2,474,323,151
6,Steglitz-Zehlendorf,076,Urnenwahlbezirk,1018,938,80,0,227,0,0,227,151,76
6,Steglitz-Zehlendorf,077,Urnenwahlbezirk,1236,1150,86,0,286,1,1,285,196,89
6,Steglitz-Zehlendorf,078,Urnenwahlbezirk,2215,2020,195,0,621,2,1,620,410,210
6,Steglitz-Zehlendorf,079,Urnenwahlbezirk,2011,1734,277,0,595,1,1,594,372,222
6,Steglitz-Zehlendorf,080,Urnenwahlbezirk,1194,1031,163,0,446,2,0,446,307,139
6,Steglitz-Zehlendorf,081,Urnenwahlbezirk,1220,1121,99,0,318,0,0,318,215,103
6,Steglitz-Zehlendorf,082,Urnenwahlbezirk,2250,2033,217,0,503,1,0,503,358,145
6,Steglitz-Zehlendorf,083,Urnenwahlbezirk,1173,1088,85,0,324,0,0,324,237,87
6,Steglitz-Zehlendorf,084,Urnenwahlbezirk,1183,1060,123,0,380,1,0,380,261,119
6,Steglitz-Zehlendorf,085,Urnenwahlbezirk,1154,1042,112,0,393,4,1,392,275,117
6,Steglitz-Zehlendorf,086,Urnenwahlbezirk,2453,2276,177,0,508,0,0,508,349,159
6,Steglitz-Zehlendorf,087,Urnenwahlbezirk,982,894,88,0,251,2,0,251,180,71
6,Steglitz-Zehlendorf,088,Urnenwahlbezirk,1323,1247,76,0,304,0,2,302,196,106
6,Steglitz-Zehlendorf,089,Urnenwahlbezirk,1014,937,77,0,256,0,0,256,190,66
6,Steglitz-Zehlendorf,090,Urnenwahlbezirk,2091,1909,182,0,483,0,1,482,358,124
6,Steglitz-Zehlendorf,091,Urnenwahlbezirk,1070,949,121,0,349,2,0,349,254,95
6,Steglitz-Zehlendorf,092,Urnenwahlbezirk,1053,918,135,0,337,2,0,337,217,120
6,Steglitz-Zehlendorf,093,Urnenwahlbezirk,1033,952,81,0,328,1,0,328,229,99
6,Steglitz-Zehlendorf,094,Urnenwahlbezirk,957,890,67,0,186,0,0,186,133,53
6,Steglitz-Zehlendorf,095,Urnenwahlbezirk,1025,886,139,0,403,0,2,401,264,137
6,Steglitz-Zehlendorf,096,Urnenwahlbezirk,1839,1635,204,0,541,2,2,539,369,170
6,Steglitz-Zehlendorf,097,Urnenwahlbezirk,2619,2276,343,0,811,3,1,810,503,307
6,Steglitz-Zehlendorf,098,Urnenwahlbezirk,1182,1005,177,0,382,3,2,380,248,132
6,Steglitz-Zehlendorf,099,Urnenwahlbezirk,1477,1345,132,0,424,0,1,423,262,161
6,Steglitz-Zehlendorf,100,Urnenwahlbezirk,1053,875,178,0,419,1,1,418,233,185
6,Steglitz-Zehlendorf,101,Urnenwahlbezirk,2439,2180,259,0,800,1,1,799,502,297
6,Steglitz-Zehlendorf,102,Urnenwahlbezirk,2506,2047,458,1,797,6,0,797,601,196
6,Steglitz-Zehlendorf,103,Urnenwahlbezirk,1116,909,207,0,391,3,1,390,275,115
6,Steglitz-Zehlendorf,104,Urnenwahlbezirk,1211,991,220,0,462,0,0,462,337,125
6,Steglitz-Zehlendorf,105,Urnenwahlbezirk,2405,1918,487,0,904,1,2,902,538,364
6,Steglitz-Zehlendorf,106,Urnenwahlbezirk,2202,1814,388,0,812,3,0,812,579,233
6,Steglitz-Zehlendorf,107,Urnenwahlbezirk,1748,1561,187,0,578,4,1,577,414,163
6,Steglitz-Zehlendorf,108,Urnenwahlbezirk,2458,2101,356,1,745,4,1,744,475,269
6,Steglitz-Zehlendorf,109,Urnenwahlbezirk,2211,1921,290,0,742,2,0,742,484,258
6,Steglitz-Zehlendorf,110,Urnenwahlbezirk,2541,2238,303,0,656,3,1,655,439,216
6,Steglitz-Zehlendorf,111,Urnenwahlbezirk,1992,1805,187,0,593,0,0,593,373,220
6,Steglitz-Zehlendorf,112,Urnenwahlbezirk,2310,1992,318,0,776,1,0,776,509,267
6,Steglitz-Zehlendorf,113,Urnenwahlbezirk,1994,1741,253,0,716,5,0,716,496,220
6,Steglitz-Zehlendorf,114,Urnenwahlbezirk,2082,1758,324,0,647,1,0,647,444,203
6,Steglitz-Zehlendorf,115,Urnenwahlbezirk,2272,1965,307,0,712,9,0,712,530,182
6,Steglitz-Zehlendorf,116,Urnenwahlbezirk,2376,2032,344,0,664,4,2,662,432,230
6,Steglitz-Zehlendorf,117,Urnenwahlbezirk,2170,1701,469,0,728,6,1,727,476,251
6,Steglitz-Zehlendorf,118,Urnenwahlbezirk,2266,1896,370,0,747,9,1,746,501,245
6,Steglitz-Zehlendorf,119,Urnenwahlbezirk,2144,1839,305,0,808,2,1,807,550,257
6,Steglitz-Zehlendorf,120,Urnenwahlbezirk,1000,875,124,1,361,7,1,360,204,156
6,Steglitz-Zehlendorf,121,Urnenwahlbezirk,2017,1658,359,0,705,1,0,705,466,239
6,Steglitz-Zehlendorf,122,Urnenwahlbezirk,2050,1717,333,0,699,3,3,696,469,227
6,Steglitz-Zehlendorf,123,Urnenwahlbezirk,1901,1658,243,0,650,2,0,650,358,292
6,Steglitz-Zehlendorf,124,Urnenwahlbezirk,2215,1946,269,0,822,1,0,822,586,236
6,Steglitz-Zehlendorf,125,Urnenwahlbezirk,771,693,78,0,257,2,2,255,151,104
6,Steglitz-Zehlendorf,126,Urnenwahlbezirk,973,844,129,0,367,7,1,366,241,125
6,Steglitz-Zehlendorf,127,Urnenwahlbezirk,1115,902,213,0,350,0,0,350,224,126
6,Steglitz-Zehlendorf,128,Urnenwahlbezirk,1162,985,177,0,458,5,0,458,322,136
7,Tempelhof-Schöneberg,1A ,Briefwahlbezirk,0,0,0,0,624,624,0,624,372,252
7,Tempelhof-Schöneberg,1B ,Briefwahlbezirk,0,0,0,0,632,632,2,630,406,224
7,Tempelhof-Schöneberg,1C ,Briefwahlbezirk,0,0,0,0,633,633,0,633,412,221
7,Tempelhof-Schöneberg,1D ,Briefwahlbezirk,0,0,0,0,640,640,2,638,416,222
7,Tempelhof-Schöneberg,1E ,Briefwahlbezirk,0,0,0,0,638,638,2,636,380,256
7,Tempelhof-Schöneberg,1F ,Briefwahlbezirk,0,0,0,0,626,626,2,624,408,216
7,Tempelhof-Schöneberg,1G ,Briefwahlbezirk,0,0,0,0,640,640,0,640,392,248
7,Tempelhof-Schöneberg,1H ,Briefwahlbezirk,0,0,0,0,620,620,2,618,384,234
7,Tempelhof-Schöneberg,1J ,Briefwahlbezirk,0,0,0,0,631,631,1,630,402,228
7,Tempelhof-Schöneberg,1K ,Briefwahlbezirk,0,0,0,0,650,650,6,644,419,225
7,Tempelhof-Schöneberg,1L ,Briefwahlbezirk,0,0,0,0,622,622,3,619,362,257
7,Tempelhof-Schöneberg,1M ,Briefwahlbezirk,0,0,0,0,627,627,0,627,388,239
7,Tempelhof-Schöneberg,1N ,Briefwahlbezirk,0,0,0,0,631,631,1,630,406,224
7,Tempelhof-Schöneberg,1O ,Briefwahlbezirk,0,0,0,0,638,638,2,636,390,246
7,Tempelhof-Schöneberg,1P ,Briefwahlbezirk,0,0,0,0,636,636,0,636,380,256
7,Tempelhof-Schöneberg,1R ,Briefwahlbezirk,0,0,0,0,636,636,0,636,389,247
7,Tempelhof-Schöneberg,1S ,Briefwahlbezirk,0,0,0,0,637,637,0,637,425,212
7,Tempelhof-Schöneberg,1T ,Briefwahlbezirk,0,0,0,0,641,641,1,640,428,212
7,Tempelhof-Schöneberg,1U ,Briefwahlbezirk,0,0,0,0,640,640,0,640,408,232
7,Tempelhof-Schöneberg,1V ,Briefwahlbezirk,0,0,0,0,579,579,2,577,375,202
7,Tempelhof-Schöneberg,1W ,Briefwahlbezirk,0,0,0,0,630,630,2,628,425,203
7,Tempelhof-Schöneberg,1X ,Briefwahlbezirk,0,0,0,0,632,632,1,631,386,245
7,Tempelhof-Schöneberg,1Y ,Briefwahlbezirk,0,0,0,0,635,635,0,635,382,253
7,Tempelhof-Schöneberg,1Z ,Briefwahlbezirk,0,0,0,0,643,643,0,643,416,227
7,Tempelhof-Schöneberg,2A ,Briefwahlbezirk,0,0,0,0,637,637,0,637,377,260
7,Tempelhof-Schöneberg,2B ,Briefwahlbezirk,0,0,0,0,639,639,0,639,408,231
7,Tempelhof-Schöneberg,2C ,Briefwahlbezirk,0,0,0,0,651,651,9,642,417,225
7,Tempelhof-Schöneberg,2D ,Briefwahlbezirk,0,0,0,0,637,637,0,637,415,222
7,Tempelhof-Schöneberg,2E ,Briefwahlbezirk,0,0,0,0,627,627,3,624,420,204
7,Tempelhof-Schöneberg,2F ,Briefwahlbezirk,0,0,0,0,624,624,0,624,393,231
7,Tempelhof-Schöneberg,899,Urnenwahlbezirk,1164,1036,128,0,488,8,1,487,325,162
7,Tempelhof-Schöneberg,900,Urnenwahlbezirk,2222,2034,188,0,367,3,1,366,212,154
7,Tempelhof-Schöneberg,901,Urnenwahlbezirk,3528,3169,359,0,691,7,1,690,295,395
7,Tempelhof-Schöneberg,902,Urnenwahlbezirk,3300,2948,352,0,774,2,1,773,399,374
7,Tempelhof-Schöneberg,903,Urnenwahlbezirk,3209,2971,238,0,560,0,0,560,247,313
7,Tempelhof-Schöneberg,904,Urnenwahlbezirk,1127,1079,48,0,150,0,0,150,69,81
7,Tempelhof-Schöneberg,905,Urnenwahlbezirk,2038,1817,221,0,567,1,0,567,237,330
7,Tempelhof-Schöneberg,906,Urnenwahlbezirk,3173,2844,329,0,906,1,3,903,504,399
7,Tempelhof-Schöneberg,907,Urnenwahlbezirk,3268,2960,308,0,1002,3,3,999,510,489
7,Tempelhof-Schöneberg,908,Urnenwahlbezirk,3388,3131,257,0,805,1,1,804,315,489
7,Tempelhof-Schöneberg,910,Urnenwahlbezirk,1071,978,93,0,266,0,0,266,109,157
7,Tempelhof-Schöneberg,911,Urnenwahlbezirk,1195,1121,74,0,205,2,0,205,78,127
7,Tempelhof-Schöneberg,912,Urnenwahlbezirk,1196,1097,99,0,288,1,0,288,153,135
7,Tempelhof-Schöneberg,913,Urnenwahlbezirk,3315,2974,341,0,939,0,2,937,486,451
7,Tempelhof-Schöneberg,914,Urnenwahlbezirk,2350,2075,275,0,651,3,3,648,345,303
7,Tempelhof-Schöneberg,915,Urnenwahlbezirk,2367,2086,281,0,634,8,1,633,299,334
7,Tempelhof-Schöneberg,916,Urnenwahlbezirk,2531,2263,268,0,640,2,1,639,251,388
7,Tempelhof-Schöneberg,917,Urnenwahlbezirk,2410,2163,247,0,481,3,0,481,169,312
7,Tempelhof-Schöneberg,918,Urnenwahlbezirk,2232,2072,160,0,564,4,0,564,183,381
7,Tempelhof-Schöneberg,919,Urnenwahlbezirk,2256,2067,189,0,626,4,2,624,208,416
7,Tempelhof-Schöneberg,920,Urnenwahlbezirk,2173,1991,182,0,506,1,1,505,187,318
7,Tempelhof-Schöneberg,921,Urnenwahlbezirk,2083,1957,126,0,433,1,0,433,192,241
7,Tempelhof-Schöneberg,922,Urnenwahlbezirk,2194,2069,125,0,527,0,0,527,296,231
7,Tempelhof-Schöneberg,923,Urnenwahlbezirk,1055,930,125,0,261,0,0,261,138,123
7,Tempelhof-Schöneberg,924,Urnenwahlbezirk,1131,1039,92,0,246,0,1,245,96,149
7,Tempelhof-Schöneberg,925,Urnenwahlbezirk,1274,1158,116,0,413,3,0,413,173,240
7,Tempelhof-Schöneberg,926,Urnenwahlbezirk,2422,2248,174,0,563,2,0,563,181,382
7,Tempelhof-Schöneberg,927,Urnenwahlbezirk,3487,3117,370,0,1116,2,0,1116,532,584
7,Tempelhof-Schöneberg,928,Urnenwahlbezirk,3512,3112,400,0,1230,2,3,1227,615,612
7,Tempelhof-Schöneberg,929,Urnenwahlbezirk,3752,3343,409,0,950,4,4,946,478,468
7,Tempelhof-Schöneberg,930,Urnenwahlbezirk,1283,1187,96,0,235,0,1,234,112,122
7,Tempelhof-Schöneberg,931,Urnenwahlbezirk,2435,2255,180,0,579,0,0,579,300,279
7,Tempelhof-Schöneberg,932,Urnenwahlbezirk,2561,2272,289,0,699,2,1,698,364,334
7,Tempelhof-Schöneberg,933,Urnenwahlbezirk,2223,1971,252,0,695,5,0,695,353,342
7,Tempelhof-Schöneberg,934,Urnenwahlbezirk,3601,3194,407,0,1216,2,1,1215,608,607
7,Tempelhof-Schöneberg,935,Urnenwahlbezirk,3388,3015,373,0,985,6,1,984,486,498
7,Tempelhof-Schöneberg,936,Urnenwahlbezirk,3343,3024,319,0,961,2,1,960,494,466
7,Tempelhof-Schöneberg,937,Urnenwahlbezirk,1967,1839,128,0,410,4,4,406,253,153
7,Tempelhof-Schöneberg,938,Urnenwahlbezirk,2227,2010,217,0,712,6,1,711,385,326
7,Tempelhof-Schöneberg,939,Urnenwahlbezirk,2237,2043,194,0,552,1,1,551,365,186
7,Tempelhof-Schöneberg,940,Urnenwahlbezirk,2053,1798,255,0,677,5,1,676,391,285
7,Tempelhof-Schöneberg,941,Urnenwahlbezirk,2631,2425,206,0,663,4,0,663,433,230
7,Tempelhof-Schöneberg,942,Urnenwahlbezirk,1023,969,54,0,181,0,0,181,109,72
7,Tempelhof-Schöneberg,943,Urnenwahlbezirk,2545,2361,184,0,541,0,0,541,342,199
7,Tempelhof-Schöneberg,944,Urnenwahlbezirk,2351,2159,192,0,483,0,0,483,298,185
7,Tempelhof-Schöneberg,945,Urnenwahlbezirk,2417,2149,268,0,676,1,3,673,400,273
7,Tempelhof-Schöneberg,946,Urnenwahlbezirk,3414,3203,211,0,701,0,0,701,427,274
7,Tempelhof-Schöneberg,947,Urnenwahlbezirk,1325,1170,155,0,337,0,2,335,210,125
7,Tempelhof-Schöneberg,948,Urnenwahlbezirk,2339,2221,118,0,314,4,0,314,220,94
7,Tempelhof-Schöneberg,949,Urnenwahlbezirk,1119,989,130,0,272,1,0,272,136,136
7,Tempelhof-Schöneberg,950,Urnenwahlbezirk,1412,1290,122,0,216,0,0,216,130,86
7,Tempelhof-Schöneberg,951,Urnenwahlbezirk,3592,3149,443,0,803,3,1,802,541,261
7,Tempelhof-Schöneberg,952,Urnenwahlbezirk,2337,2138,199,0,583,3,0,583,418,165
7,Tempelhof-Schöneberg,953,Urnenwahlbezirk,3493,3237,256,0,909,4,2,907,522,385
7,Tempelhof-Schöneberg,954,Urnenwahlbezirk,1164,1114,50,0,319,1,0,319,158,161
7,Tempelhof-Schöneberg,955,Urnenwahlbezirk,2213,2059,154,0,483,3,0,483,267,216
7,Tempelhof-Schöneberg,956,Urnenwahlbezirk,2335,2210,125,0,527,1,1,526,292,234
7,Tempelhof-Schöneberg,957,Urnenwahlbezirk,3126,2902,224,0,678,3,2,676,464,212
7,Tempelhof-Schöneberg,958,Urnenwahlbezirk,2335,2193,142,0,573,2,1,572,401,171
7,Tempelhof-Schöneberg,959,Urnenwahlbezirk,2157,1988,169,0,483,3,1,482,322,160
7,Tempelhof-Schöneberg,960,Urnenwahlbezirk,2290,2103,187,0,474,3,1,473,321,152
7,Tempelhof-Schöneberg,961,Urnenwahlbezirk,2189,1969,220,0,609,1,0,609,438,171
7,Tempelhof-Schöneberg,962,Urnenwahlbezirk,2078,1882,196,0,453,0,1,452,297,155
7,Tempelhof-Schöneberg,963,Urnenwahlbezirk,2128,1944,184,0,344,2,0,344,256,88
7,Tempelhof-Schöneberg,964,Urnenwahlbezirk,2319,2139,180,0,447,2,1,446,328,118
7,Tempelhof-Schöneberg,965,Urnenwahlbezirk,2483,2291,192,0,557,7,0,557,405,152
7,Tempelhof-Schöneberg,966,Urnenwahlbezirk,2579,2392,187,0,561,8,0,561,386,175
7,Tempelhof-Schöneberg,967,Urnenwahlbezirk,2640,2451,189,0,618,0,0,618,400,218
7,Tempelhof-Schöneberg,968,Urnenwahlbezirk,2285,2036,249,0,674,1,0,674,475,199
7,Tempelhof-Schöneberg,969,Urnenwahlbezirk,1158,1060,98,0,268,1,0,268,167,101
7,Tempelhof-Schöneberg,970,Urnenwahlbezirk,2295,2008,287,0,679,0,0,679,514,165
7,Tempelhof-Schöneberg,971,Urnenwahlbezirk,2499,2247,252,0,734,0,1,733,566,167
7,Tempelhof-Schöneberg,972,Urnenwahlbezirk,2429,2187,242,0,819,0,1,818,600,218
7,Tempelhof-Schöneberg,973,Urnenwahlbezirk,3362,3010,352,0,915,0,0,915,673,242
7,Tempelhof-Schöneberg,974,Urnenwahlbezirk,2451,2288,163,0,760,0,2,758,557,201
7,Tempelhof-Schöneberg,975,Urnenwahlbezirk,1876,1663,213,0,399,0,1,398,310,88
7,Tempelhof-Schöneberg,976,Urnenwahlbezirk,1789,1667,122,0,293,0,0,293,227,66
7,Tempelhof-Schöneberg,977,Urnenwahlbezirk,2993,2818,175,0,580,0,0,580,448,132
7,Tempelhof-Schöneberg,978,Urnenwahlbezirk,1914,1779,135,0,421,0,1,420,311,109
7,Tempelhof-Schöneberg,979,Urnenwahlbezirk,2369,2182,187,0,509,0,2,507,395,112
7,Tempelhof-Schöneberg,980,Urnenwahlbezirk,2463,2276,187,0,576,0,0,576,413,163
7,Tempelhof-Schöneberg,981,Urnenwahlbezirk,2718,2413,305,0,885,0,1,884,656,228
7,Tempelhof-Schöneberg,982,Urnenwahlbezirk,1055,985,70,0,326,0,0,326,251,75
7,Tempelhof-Schöneberg,983,Urnenwahlbezirk,2482,2267,215,0,741,0,3,738,484,254
7,Tempelhof-Schöneberg,984,Urnenwahlbezirk,1988,1800,188,0,671,0,0,671,488,183
7,Tempelhof-Schöneberg,985,Urnenwahlbezirk,2126,1898,228,0,647,0,2,645,463,182
7,Tempelhof-Schöneberg,986,Urnenwahlbezirk,2250,2007,243,0,652,0,1,651,427,224
7,Tempelhof-Schöneberg,987,Urnenwahlbezirk,2067,1885,182,0,419,0,0,419,304,115
7,Tempelhof-Schöneberg,988,Urnenwahlbezirk,2364,2072,292,0,811,4,0,811,575,236
7,Tempelhof-Schöneberg,989,Urnenwahlbezirk,2305,2103,202,0,627,0,0,627,436,191
7,Tempelhof-Schöneberg,990,Urnenwahlbezirk,2500,2255,245,0,567,5,1,566,435,131
7,Tempelhof-Schöneberg,991,Urnenwahlbezirk,2452,2173,279,0,568,1,3,565,428,137
7,Tempelhof-Schöneberg,992,Urnenwahlbezirk,2001,1855,146,0,384,3,1,383,303,80
7,Tempelhof-Schöneberg,993,Urnenwahlbezirk,3310,3010,300,0,870,8,2,868,630,238
7,Tempelhof-Schöneberg,994,Urnenwahlbezirk,2321,2155,166,0,595,5,1,594,445,149
7,Tempelhof-Schöneberg,995,Urnenwahlbezirk,2473,2172,301,0,712,1,0,712,495,217
7,Tempelhof-Schöneberg,996,Urnenwahlbezirk,3289,2826,463,0,955,6,1,954,702,252
7,Tempelhof-Schöneberg,997,Urnenwahlbezirk,1075,953,122,0,296,1,0,296,201,95
7,Tempelhof-Schöneberg,998,Urnenwahlbezirk,1098,984,114,0,364,1,2,362,252,110
7,Tempelhof-Schöneberg,999,Urnenwahlbezirk,975,881,94,0,299,0,0,299,220,79
8,Neukölln,1A ,Briefwahlbezirk,0,0,0,0,966,966,2,964,676,288
8,Neukölln,1B ,Briefwahlbezirk,0,0,0,0,815,815,0,815,509,306
8,Neukölln,1C ,Briefwahlbezirk,0,0,0,0,771,771,2,769,523,246
8,Neukölln,1D ,Briefwahlbezirk,0,0,0,0,791,791,1,790,516,274
8,Neukölln,1E ,Briefwahlbezirk,0,0,0,0,749,749,0,749,492,257
8,Neukölln,1F ,Briefwahlbezirk,0,0,0,0,938,938,4,934,631,303
8,Neukölln,1G ,Briefwahlbezirk,0,0,0,0,734,734,1,733,498,235
8,Neukölln,1H ,Briefwahlbezirk,0,0,0,0,851,851,4,847,566,281
8,Neukölln,1I ,Briefwahlbezirk,0,0,0,0,853,853,0,853,623,230
8,Neukölln,1K ,Briefwahlbezirk,0,0,0,0,671,671,1,670,427,243
8,Neukölln,1L ,Briefwahlbezirk,0,0,0,0,762,762,1,761,487,274
8,Neukölln,1M ,Briefwahlbezirk,0,0,0,0,403,403,6,397,247,150
8,Neukölln,1N ,Briefwahlbezirk,0,0,0,0,410,410,0,410,238,172
8,Neukölln,1O ,Briefwahlbezirk,0,0,0,0,402,402,0,402,250,152
8,Neukölln,1P ,Briefwahlbezirk,0,0,0,0,334,334,0,334,213,121
8,Neukölln,1Q ,Briefwahlbezirk,0,0,0,0,170,170,1,169,105,64
8,Neukölln,1R ,Briefwahlbezirk,0,0,0,0,298,298,0,298,183,115
8,Neukölln,1S ,Briefwahlbezirk,0,0,0,0,427,427,11,416,287,129
8,Neukölln,101,Urnenwahlbezirk,3702,3438,264,0,767,0,2,765,221,544
8,Neukölln,104,Urnenwahlbezirk,4017,3788,229,0,830,4,2,828,250,578
8,Neukölln,105,Urnenwahlbezirk,2652,2532,120,0,566,0,3,563,169,394
8,Neukölln,108,Urnenwahlbezirk,2739,2601,138,0,555,0,1,554,163,391
8,Neukölln,110,Urnenwahlbezirk,3047,2899,148,0,559,2,0,559,182,377
8,Neukölln,114,Urnenwahlbezirk,1067,1014,53,0,201,0,0,201,80,121
8,Neukölln,115,Urnenwahlbezirk,3525,3340,185,0,615,0,2,613,263,350
8,Neukölln,118,Urnenwahlbezirk,2090,1972,118,0,352,0,1,351,150,201
8,Neukölln,119,Urnenwahlbezirk,4112,3910,202,0,679,0,1,678,313,365
8,Neukölln,122,Urnenwahlbezirk,1727,1653,74,0,269,0,1,268,152,116
8,Neukölln,125,Urnenwahlbezirk,1309,1247,62,0,208,0,1,207,105,102
8,Neukölln,126,Urnenwahlbezirk,3892,3703,189,0,717,1,5,712,288,424
8,Neukölln,129,Urnenwahlbezirk,993,961,32,0,147,0,0,147,63,84
8,Neukölln,201,Urnenwahlbezirk,3930,3725,205,0,755,0,3,752,236,516
8,Neukölln,202,Urnenwahlbezirk,2984,2845,139,0,517,1,0,517,158,359
8,Neukölln,207,Urnenwahlbezirk,3293,3170,123,0,603,0,3,600,194,406
8,Neukölln,208,Urnenwahlbezirk,3193,3057,136,0,608,0,0,608,186,422
8,Neukölln,211,Urnenwahlbezirk,1469,1385,84,0,245,0,0,245,102,143
8,Neukölln,213,Urnenwahlbezirk,3610,3452,158,0,506,0,0,506,265,241
8,Neukölln,216,Urnenwahlbezirk,1212,1171,41,0,229,0,1,228,94,134
8,Neukölln,218,Urnenwahlbezirk,899,844,55,0,129,0,1,128,43,85
8,Neukölln,219,Urnenwahlbezirk,3258,3126,132,0,482,1,0,482,203,279
8,Neukölln,221,Urnenwahlbezirk,3677,3511,166,0,603,1,0,603,268,335
8,Neukölln,223,Urnenwahlbezirk,3297,3150,147,0,545,0,3,542,186,356
8,Neukölln,227,Urnenwahlbezirk,833,798,35,0,108,0,0,108,55,53
8,Neukölln,229,Urnenwahlbezirk,969,931,38,0,112,1,0,112,45,67
8,Neukölln,301,Urnenwahlbezirk,2590,2495,95,0,483,0,3,480,313,167
8,Neukölln,304,Urnenwahlbezirk,2403,2332,71,0,275,0,0,275,151,124
8,Neukölln,305,Urnenwahlbezirk,2215,2112,103,0,312,2,1,311,188,123
8,Neukölln,308,Urnenwahlbezirk,3606,3436,170,0,507,0,0,507,310,197
8,Neukölln,309,Urnenwahlbezirk,1321,1275,46,0,144,0,0,144,90,54
8,Neukölln,310,Urnenwahlbezirk,2829,2724,105,0,447,1,4,443,292,151
8,Neukölln,313,Urnenwahlbezirk,3617,3405,212,0,537,0,3,534,371,163
8,Neukölln,318,Urnenwahlbezirk,3386,3193,193,0,672,0,5,667,439,228
8,Neukölln,321,Urnenwahlbezirk,1577,1494,83,0,301,0,1,300,213,87
8,Neukölln,322,Urnenwahlbezirk,1631,1538,93,0,253,0,0,253,175,78
8,Neukölln,323,Urnenwahlbezirk,1182,1096,86,0,206,0,0,206,124,82
8,Neukölln,325,Urnenwahlbezirk,3500,3139,361,0,884,3,0,884,548,336
8,Neukölln,401,Urnenwahlbezirk,2635,2393,242,0,790,0,2,788,485,303
8,Neukölln,403,Urnenwahlbezirk,2870,2698,172,0,436,0,0,436,303,133
8,Neukölln,406,Urnenwahlbezirk,3633,3400,233,0,811,4,6,805,526,279
8,Neukölln,410,Urnenwahlbezirk,1566,1442,124,0,483,1,1,482,358,124
8,Neukölln,411,Urnenwahlbezirk,2425,2246,179,0,539,2,3,536,431,105
8,Neukölln,412,Urnenwahlbezirk,3268,2991,277,0,795,3,1,794,563,231
8,Neukölln,413,Urnenwahlbezirk,2975,2697,278,0,923,0,0,923,665,258
8,Neukölln,417,Urnenwahlbezirk,1403,1302,101,0,398,0,0,398,291,107
8,Neukölln,422,Urnenwahlbezirk,3739,3518,221,0,855,1,3,852,660,192
8,Neukölln,425,Urnenwahlbezirk,2918,2661,257,0,619,0,1,618,463,155
8,Neukölln,426,Urnenwahlbezirk,2024,1854,170,0,524,2,2,522,397,125
8,Neukölln,428,Urnenwahlbezirk,2725,2454,271,0,755,0,1,754,540,214
8,Neukölln,501,Urnenwahlbezirk,2869,2645,224,0,676,2,2,674,500,174
8,Neukölln,504,Urnenwahlbezirk,2960,2647,313,0,817,1,0,817,529,288
8,Neukölln,505,Urnenwahlbezirk,3759,3401,358,0,743,3,2,741,534,207
8,Neukölln,510,Urnenwahlbezirk,1343,1253,90,0,291,0,3,288,212,76
8,Neukölln,511,Urnenwahlbezirk,3248,2997,251,0,679,0,1,678,476,202
8,Neukölln,512,Urnenwahlbezirk,3601,3245,356,0,986,2,0,986,714,272
8,Neukölln,517,Urnenwahlbezirk,3335,3101,234,0,651,0,2,649,483,166
8,Neukölln,519,Urnenwahlbezirk,1575,1411,164,0,317,1,0,317,211,106
8,Neukölln,521,Urnenwahlbezirk,3320,3106,214,0,544,1,3,541,394,147
8,Neukölln,526,Urnenwahlbezirk,3342,3075,267,0,649,4,3,646,476,170
8,Neukölln,528,Urnenwahlbezirk,1460,1390,70,0,328,0,0,328,260,68
8,Neukölln,530,Urnenwahlbezirk,2290,2161,129,0,404,0,1,403,297,106
8,Neukölln,534,Urnenwahlbezirk,818,706,112,0,206,0,0,206,135,71
8,Neukölln,601,Urnenwahlbezirk,3649,3499,150,0,555,0,5,550,409,141
8,Neukölln,603,Urnenwahlbezirk,2365,2154,211,0,640,0,0,640,499,141
8,Neukölln,605,Urnenwahlbezirk,3082,2829,253,0,861,5,0,861,606,255
8,Neukölln,608,Urnenwahlbezirk,543,523,20,0,88,1,0,88,73,15
8,Neukölln,610,Urnenwahlbezirk,3182,2882,300,0,872,4,0,872,636,236
8,Neukölln,614,Urnenwahlbezirk,1111,1029,82,0,238,0,0,238,183,55
8,Neukölln,616,Urnenwahlbezirk,1044,1004,40,0,224,4,1,223,169,54
8,Neukölln,617,Urnenwahlbezirk,3410,3177,233,0,906,0,0,906,593,313
8,Neukölln,619,Urnenwahlbezirk,3112,2865,247,0,1031,2,1,1030,698,332
8,Neukölln,622,Urnenwahlbezirk,2301,2064,237,0,748,0,2,746,569,177
8,Neukölln,623,Urnenwahlbezirk,3355,3058,297,0,857,0,3,854,639,215
8,Neukölln,628,Urnenwahlbezirk,3504,3285,219,0,934,0,4,930,664,266
8,Neukölln,632,Urnenwahlbezirk,1031,960,71,0,227,2,2,225,168,57
9,Treptow-Köpenick,1A ,Briefwahlbezirk,0,0,0,0,964,964,1,963,272,691
9,Treptow-Köpenick,1B ,Briefwahlbezirk,0,0,0,0,890,890,1,889,252,637
9,Treptow-Köpenick,1C ,Briefwahlbezirk,0,0,0,0,925,925,3,922,284,638
9,Treptow-Köpenick,1D ,Briefwahlbezirk,0,0,0,0,894,894,0,894,273,621
9,Treptow-Köpenick,1E ,Briefwahlbezirk,0,0,0,0,920,920,0,920,260,660
9,Treptow-Köpenick,1F ,Briefwahlbezirk,0,0,0,0,940,940,15,925,248,677
9,Treptow-Köpenick,1G ,Briefwahlbezirk,0,0,0,0,913,913,1,912,260,652
9,Treptow-Köpenick,1H ,Briefwahlbezirk,0,0,0,0,915,915,3,912,236,676
9,Treptow-Köpenick,1J ,Briefwahlbezirk,0,0,0,0,914,914,3,911,269,642
9,Treptow-Köpenick,1K ,Briefwahlbezirk,0,0,0,0,918,918,1,917,244,673
9,Treptow-Köpenick,1L ,Briefwahlbezirk,0,0,0,0,905,905,2,903,262,641
9,Treptow-Köpenick,1M ,Briefwahlbezirk,0,0,0,0,873,873,2,871,242,629
9,Treptow-Köpenick,101,Urnenwahlbezirk,1936,1780,156,0,431,1,2,429,98,331
9,Treptow-Köpenick,103,Urnenwahlbezirk,2403,2222,181,0,512,4,1,511,118,393
9,Treptow-Köpenick,104,Urnenwahlbezirk,3372,3208,164,0,811,3,3,808,155,653
9,Treptow-Köpenick,108,Urnenwahlbezirk,3409,3080,329,0,701,3,0,701,173,528
9,Treptow-Köpenick,111,Urnenwahlbezirk,2397,2269,128,0,420,0,0,420,103,317
9,Treptow-Köpenick,113,Urnenwahlbezirk,2638,2494,144,0,502,0,0,502,102,400
9,Treptow-Köpenick,116,Urnenwahlbezirk,2229,2103,126,0,337,0,0,337,94,243
9,Treptow-Köpenick,120,Urnenwahlbezirk,2507,2357,150,0,521,0,0,521,70,451
9,Treptow-Köpenick,122,Urnenwahlbezirk,2469,2313,156,0,547,1,0,547,118,429
9,Treptow-Köpenick,126,Urnenwahlbezirk,1001,932,69,0,217,2,0,217,50,167
9,Treptow-Köpenick,127,Urnenwahlbezirk,912,856,56,0,153,0,1,152,30,122
9,Treptow-Köpenick,128,Urnenwahlbezirk,981,915,66,0,205,0,0,205,50,155
9,Treptow-Köpenick,130,Urnenwahlbezirk,2788,2637,151,0,686,0,0,686,174,512
9,Treptow-Köpenick,133,Urnenwahlbezirk,1962,1831,131,0,509,0,0,509,170,339
9,Treptow-Köpenick,135,Urnenwahlbezirk,2809,2702,107,0,502,0,0,502,132,370
9,Treptow-Köpenick,201,Urnenwahlbezirk,1703,1548,155,0,358,2,2,356,62,294
9,Treptow-Köpenick,204,Urnenwahlbezirk,3032,2832,200,0,674,0,0,674,159,515
9,Treptow-Köpenick,207,Urnenwahlbezirk,3330,3161,169,0,695,0,3,692,172,520
9,Treptow-Köpenick,208,Urnenwahlbezirk,2141,2011,130,0,472,3,0,472,111,361
9,Treptow-Köpenick,211,Urnenwahlbezirk,3121,2884,237,0,794,2,0,794,254,540
9,Treptow-Köpenick,212,Urnenwahlbezirk,896,842,54,0,197,2,0,197,40,157
9,Treptow-Köpenick,214,Urnenwahlbezirk,1155,1065,90,0,274,0,1,273,39,234
9,Treptow-Köpenick,216,Urnenwahlbezirk,3492,3175,317,0,839,0,1,838,166,672
9,Treptow-Köpenick,221,Urnenwahlbezirk,1903,1784,119,0,344,0,1,343,46,297
9,Treptow-Köpenick,222,Urnenwahlbezirk,1425,1370,55,0,211,0,0,211,65,146
9,Treptow-Köpenick,224,Urnenwahlbezirk,2437,2354,83,0,362,0,0,362,72,290
9,Treptow-Köpenick,227,Urnenwahlbezirk,558,534,24,0,92,0,0,92,44,48
9,Treptow-Köpenick,228,Urnenwahlbezirk,2472,2365,107,0,502,1,0,502,110,392
9,Treptow-Köpenick,230,Urnenwahlbezirk,3591,3464,127,0,639,0,1,638,151,487
9,Treptow-Köpenick,231,Urnenwahlbezirk,879,838,41,0,156,0,1,155,49,106
9,Treptow-Köpenick,236,Urnenwahlbezirk,2650,2525,125,0,446,2,0,446,108,338
9,Treptow-Köpenick,301,Urnenwahlbezirk,696,650,46,0,201,0,0,201,43,158
9,Treptow-Köpenick,302,Urnenwahlbezirk,2365,2231,134,0,506,2,1,505,115,390
9,Treptow-Köpenick,304,Urnenwahlbezirk,3220,2970,250,0,827,7,2,825,178,647
9,Treptow-Köpenick,308,Urnenwahlbezirk,3039,2913,126,0,526,2,0,526,138,388
9,Treptow-Köpenick,309,Urnenwahlbezirk,3669,3479,190,0,750,0,2,748,192,556
9,Treptow-Köpenick,314,Urnenwahlbezirk,3889,3656,233,0,1000,0,1,999,352,647
9,Treptow-Köpenick,317,Urnenwahlbezirk,2969,2726,243,0,775,2,0,775,214,561
9,Treptow-Köpenick,319,Urnenwahlbezirk,2100,2031,69,0,434,1,1,433,178,255
9,Treptow-Köpenick,320,Urnenwahlbezirk,1006,974,32,0,175,1,1,174,61,113
9,Treptow-Köpenick,321,Urnenwahlbezirk,569,556,13,0,115,0,1,114,40,74
9,Treptow-Köpenick,322,Urnenwahlbezirk,2376,2232,144,0,541,1,0,541,160,381
9,Treptow-Köpenick,324,Urnenwahlbezirk,2207,2077,130,0,509,0,1,508,98,410
9,Treptow-Köpenick,326,Urnenwahlbezirk,1356,1329,27,0,145,0,1,144,43,101
9,Treptow-Köpenick,328,Urnenwahlbezirk,1200,1152,48,0,216,0,0,216,49,167
9,Treptow-Köpenick,330,Urnenwahlbezirk,2106,2017,89,0,315,0,0,315,106,209
9,Treptow-Köpenick,333,Urnenwahlbezirk,863,816,47,0,232,0,0,232,68,164
9,Treptow-Köpenick,401,Urnenwahlbezirk,2902,2695,207,0,696,0,2,694,205,489
9,Treptow-Köpenick,403,Urnenwahlbezirk,803,750,53,0,96,0,1,95,19,76
9,Treptow-Köpenick,404,Urnenwahlbezirk,1885,1785,100,0,433,5,3,430,128,302
9,Treptow-Köpenick,405,Urnenwahlbezirk,3559,3288,271,0,806,1,1,805,231,574
9,Treptow-Köpenick,409,Urnenwahlbezirk,3237,3033,204,0,665,0,2,663,193,470
9,Treptow-Köpenick,413,Urnenwahlbezirk,4049,3835,214,0,620,2,5,615,162,453
9,Treptow-Köpenick,418,Urnenwahlbezirk,558,550,8,0,63,0,0,63,16,47
9,Treptow-Köpenick,419,Urnenwahlbezirk,638,605,33,0,177,0,0,177,40,137
9,Treptow-Köpenick,420,Urnenwahlbezirk,1900,1786,114,0,478,2,0,478,124,354
9,Treptow-Köpenick,422,Urnenwahlbezirk,897,849,48,0,187,0,0,187,48,139
9,Treptow-Köpenick,423,Urnenwahlbezirk,1281,1180,101,0,330,1,1,329,94,235
9,Treptow-Köpenick,424,Urnenwahlbezirk,767,697,70,0,286,0,0,286,76,210
9,Treptow-Köpenick,425,Urnenwahlbezirk,753,700,53,0,265,0,0,265,64,201
9,Treptow-Köpenick,426,Urnenwahlbezirk,835,760,75,0,212,0,0,212,79,133
9,Treptow-Köpenick,427,Urnenwahlbezirk,749,684,65,0,166,0,0,166,39,127
9,Treptow-Köpenick,428,Urnenwahlbezirk,347,333,14,0,117,0,0,117,22,95
9,Treptow-Köpenick,429,Urnenwahlbezirk,2712,2493,219,0,619,1,2,617,157,460
9,Treptow-Köpenick,432,Urnenwahlbezirk,3275,3071,204,0,689,0,2,687,166,521
9,Treptow-Köpenick,436,Urnenwahlbezirk,1660,1518,142,0,427,0,2,425,106,319
9,Treptow-Köpenick,501,Urnenwahlbezirk,812,776,36,0,193,2,0,193,71,122
9,Treptow-Köpenick,502,Urnenwahlbezirk,739,713,26,0,127,0,0,127,29,98
9,Treptow-Köpenick,503,Urnenwahlbezirk,697,657,40,0,159,0,0,159,42,117
9,Treptow-Köpenick,504,Urnenwahlbezirk,1134,737,397,0,216,10,0,216,42,174
9,Treptow-Köpenick,505,Urnenwahlbezirk,1076,986,90,0,208,1,0,208,35,173
9,Treptow-Köpenick,506,Urnenwahlbezirk,1626,1506,120,0,371,0,0,371,47,324
9,Treptow-Köpenick,508,Urnenwahlbezirk,1353,1283,70,0,316,0,0,316,76,240
9,Treptow-Köpenick,510,Urnenwahlbezirk,1575,1478,97,0,252,0,1,251,58,193
9,Treptow-Köpenick,512,Urnenwahlbezirk,544,505,39,0,78,0,0,78,18,60
9,Treptow-Köpenick,513,Urnenwahlbezirk,924,840,84,0,182,1,0,182,36,146
9,Treptow-Köpenick,514,Urnenwahlbezirk,710,683,27,0,147,0,0,147,28,119
9,Treptow-Köpenick,515,Urnenwahlbezirk,2118,2015,103,0,275,0,0,275,69,206
9,Treptow-Köpenick,518,Urnenwahlbezirk,1177,1132,45,0,222,0,2,220,71,149
9,Treptow-Köpenick,519,Urnenwahlbezirk,3301,3074,227,0,700,1,1,699,180,519
9,Treptow-Köpenick,522,Urnenwahlbezirk,3087,2843,244,0,769,0,0,769,190,579
9,Treptow-Köpenick,525,Urnenwahlbezirk,2135,1996,139,0,401,1,3,398,95,303
9,Treptow-Köpenick,527,Urnenwahlbezirk,1504,1380,124,0,444,3,1,443,138,305
9,Treptow-Köpenick,528,Urnenwahlbezirk,2394,2245,149,0,645,4,1,644,173,471
9,Treptow-Köpenick,530,Urnenwahlbezirk,3192,3013,179,0,822,0,0,822,223,599
9,Treptow-Köpenick,601,Urnenwahlbezirk,2837,2609,228,0,840,1,0,840,246,594
9,Treptow-Köpenick,603,Urnenwahlbezirk,881,832,49,0,193,0,2,191,49,142
9,Treptow-Köpenick,604,Urnenwahlbezirk,1014,926,88,0,313,2,0,313,97,216
9,Treptow-Köpenick,605,Urnenwahlbezirk,1984,1835,149,0,512,0,1,511,137,374
9,Treptow-Köpenick,608,Urnenwahlbezirk,1565,1439,126,0,435,1,1,434,100,334
9,Treptow-Köpenick,609,Urnenwahlbezirk,1508,1397,111,0,393,1,0,393,80,313
9,Treptow-Köpenick,611,Urnenwahlbezirk,2380,2187,193,0,536,1,0,536,117,419
9,Treptow-Köpenick,614,Urnenwahlbezirk,2699,2495,204,0,703,0,7,696,181,515
9,Treptow-Köpenick,617,Urnenwahlbezirk,2355,2142,213,0,629,4,3,626,174,452
9,Treptow-Köpenick,619,Urnenwahlbezirk,798,731,67,0,237,2,0,237,79,158
9,Treptow-Köpenick,620,Urnenwahlbezirk,3491,3214,277,0,906,2,2,904,246,658
9,Treptow-Köpenick,624,Urnenwahlbezirk,3593,3326,267,0,849,2,1,848,182,666
9,Treptow-Köpenick,628,Urnenwahlbezirk,640,595,45,0,151,0,1,150,46,104
9,Treptow-Köpenick,629,Urnenwahlbezirk,1424,1330,94,0,304,0,2,302,79,223
9,Treptow-Köpenick,630,Urnenwahlbezirk,1614,1484,130,0,447,2,0,447,147,300
9,Treptow-Köpenick,631,Urnenwahlbezirk,1846,1693,153,0,538,2,0,538,147,391
9,Treptow-Köpenick,633,Urnenwahlbezirk,1318,1225,93,0,375,0,3,372,102,270
9,Treptow-Köpenick,634,Urnenwahlbezirk,1277,1188,89,0,393,5,1,392,113,279
10,Marzahn-Hellersdorf,1A ,Briefwahlbezirk,0,0,0,0,888,888,0,888,211,677
10,Marzahn-Hellersdorf,1B ,Briefwahlbezirk,0,0,0,0,980,980,0,980,225,755
10,Marzahn-Hellersdorf,1C ,Briefwahlbezirk,0,0,0,0,969,969,2,967,239,728
10,Marzahn-Hellersdorf,1D ,Briefwahlbezirk,0,0,0,0,916,916,1,915,244,671
10,Marzahn-Hellersdorf,1E ,Briefwahlbezirk,0,0,0,0,933,933,3,930,219,711
10,Marzahn-Hellersdorf,1F ,Briefwahlbezirk,0,0,0,0,885,885,0,885,216,669
10,Marzahn-Hellersdorf,1G ,Briefwahlbezirk,0,0,0,0,907,907,1,906,246,660
10,Marzahn-Hellersdorf,1H ,Briefwahlbezirk,0,0,0,0,885,885,0,885,214,671
10,Marzahn-Hellersdorf,1J ,Briefwahlbezirk,0,0,0,0,876,876,3,873,213,660
10,Marzahn-Hellersdorf,1K ,Briefwahlbezirk,0,0,0,0,886,886,13,873,228,645
10,Marzahn-Hellersdorf,101,Urnenwahlbezirk,4332,4223,109,0,478,0,1,477,105,372
10,Marzahn-Hellersdorf,102,Urnenwahlbezirk,4216,4086,130,0,431,0,1,430,107,323
10,Marzahn-Hellersdorf,103,Urnenwahlbezirk,5326,5131,195,0,667,0,5,662,134,528
10,Marzahn-Hellersdorf,104,Urnenwahlbezirk,3331,3245,86,0,268,1,0,268,47,221
10,Marzahn-Hellersdorf,105,Urnenwahlbezirk,3732,3583,149,0,451,1,0,451,109,342
10,Marzahn-Hellersdorf,106,Urnenwahlbezirk,2613,2523,90,0,410,0,1,409,79,330
10,Marzahn-Hellersdorf,107,Urnenwahlbezirk,3620,3499,121,0,415,0,1,414,100,314
10,Marzahn-Hellersdorf,201,Urnenwahlbezirk,4226,4085,141,0,480,0,2,478,111,367
10,Marzahn-Hellersdorf,202,Urnenwahlbezirk,3515,3391,124,0,406,0,1,405,77,328
10,Marzahn-Hellersdorf,203,Urnenwahlbezirk,3751,3578,173,0,456,1,1,455,121,334
10,Marzahn-Hellersdorf,204,Urnenwahlbezirk,3534,3377,157,0,474,1,0,474,100,374
10,Marzahn-Hellersdorf,205,Urnenwahlbezirk,2389,2242,147,0,390,2,0,390,79,311
10,Marzahn-Hellersdorf,206,Urnenwahlbezirk,3049,2849,200,0,542,1,1,541,109,432
10,Marzahn-Hellersdorf,207,Urnenwahlbezirk,4024,3837,187,0,510,2,4,506,77,429
10,Marzahn-Hellersdorf,208,Urnenwahlbezirk,3502,3337,165,0,578,0,3,575,131,444
10,Marzahn-Hellersdorf,301,Urnenwahlbezirk,4350,4132,218,0,685,2,1,684,138,546
10,Marzahn-Hellersdorf,302,Urnenwahlbezirk,2479,2384,95,0,391,0,2,389,92,297
10,Marzahn-Hellersdorf,303,Urnenwahlbezirk,3889,3620,269,0,765,0,3,762,141,621
10,Marzahn-Hellersdorf,304,Urnenwahlbezirk,4330,4041,289,0,834,0,0,834,170,664
10,Marzahn-Hellersdorf,305,Urnenwahlbezirk,4192,3971,221,0,589,0,3,586,146,440
10,Marzahn-Hellersdorf,306,Urnenwahlbezirk,1558,1447,111,0,343,0,0,343,77,266
10,Marzahn-Hellersdorf,307,Urnenwahlbezirk,3947,3848,99,0,355,0,1,354,80,274
10,Marzahn-Hellersdorf,308,Urnenwahlbezirk,3769,3680,89,0,440,0,0,440,90,350
10,Marzahn-Hellersdorf,309,Urnenwahlbezirk,3971,3899,72,0,386,0,1,385,109,276
10,Marzahn-Hellersdorf,401,Urnenwahlbezirk,3821,3652,169,0,626,0,2,624,111,513
10,Marzahn-Hellersdorf,402,Urnenwahlbezirk,3726,3540,186,0,779,0,0,779,163,616
10,Marzahn-Hellersdorf,403,Urnenwahlbezirk,4281,3860,421,0,1044,5,2,1042,239,803
10,Marzahn-Hellersdorf,404,Urnenwahlbezirk,3745,3354,391,0,905,1,1,904,224,680
10,Marzahn-Hellersdorf,405,Urnenwahlbezirk,3087,2971,116,0,420,1,2,418,104,314
10,Marzahn-Hellersdorf,406,Urnenwahlbezirk,1174,1099,75,0,248,0,0,248,55,193
10,Marzahn-Hellersdorf,407,Urnenwahlbezirk,1352,1264,88,0,429,0,1,428,108,320
10,Marzahn-Hellersdorf,408,Urnenwahlbezirk,2379,2160,219,0,652,3,1,651,181,470
10,Marzahn-Hellersdorf,409,Urnenwahlbezirk,2096,1961,135,0,635,0,0,635,170,465
10,Marzahn-Hellersdorf,410,Urnenwahlbezirk,1273,1196,77,0,339,0,1,338,77,261
10,Marzahn-Hellersdorf,411,Urnenwahlbezirk,1400,1292,108,0,349,2,0,349,69,280
10,Marzahn-Hellersdorf,501,Urnenwahlbezirk,3440,3251,189,0,917,2,2,915,226,689
10,Marzahn-Hellersdorf,502,Urnenwahlbezirk,1294,1204,90,0,299,2,1,298,80,218
10,Marzahn-Hellersdorf,503,Urnenwahlbezirk,2547,2396,151,0,667,0,2,665,156,509
10,Marzahn-Hellersdorf,504,Urnenwahlbezirk,2569,2376,193,0,631,4,0,631,135,496
10,Marzahn-Hellersdorf,505,Urnenwahlbezirk,2477,2311,166,0,634,4,0,634,143,491
10,Marzahn-Hellersdorf,506,Urnenwahlbezirk,2481,2320,161,0,707,4,0,707,163,544
10,Marzahn-Hellersdorf,507,Urnenwahlbezirk,2537,2332,205,0,659,0,0,659,191,468
10,Marzahn-Hellersdorf,508,Urnenwahlbezirk,1283,1182,101,0,341,0,0,341,59,282
10,Marzahn-Hellersdorf,509,Urnenwahlbezirk,2676,2452,224,0,754,4,2,752,181,571
10,Marzahn-Hellersdorf,510,Urnenwahlbezirk,2513,2324,189,0,611,0,0,611,153,458
10,Marzahn-Hellersdorf,511,Urnenwahlbezirk,1135,1026,109,0,266,2,1,265,60,205
10,Marzahn-Hellersdorf,512,Urnenwahlbezirk,2183,2050,133,0,573,1,2,571,129,442
10,Marzahn-Hellersdorf,513,Urnenwahlbezirk,1061,979,82,0,265,0,0,265,77,188
10,Marzahn-Hellersdorf,514,Urnenwahlbezirk,3723,3461,262,0,969,1,1,968,211,757
10,Marzahn-Hellersdorf,601,Urnenwahlbezirk,2321,2274,47,0,334,1,1,333,63,270
10,Marzahn-Hellersdorf,602,Urnenwahlbezirk,2242,2179,63,0,263,0,2,261,63,198
10,Marzahn-Hellersdorf,603,Urnenwahlbezirk,2598,2489,109,0,392,0,2,390,80,310
10,Marzahn-Hellersdorf,604,Urnenwahlbezirk,2723,2627,96,0,419,1,0,419,101,318
10,Marzahn-Hellersdorf,605,Urnenwahlbezirk,2633,2552,81,0,375,0,2,373,62,311
10,Marzahn-Hellersdorf,606,Urnenwahlbezirk,2426,2336,90,0,335,0,0,335,58,277
10,Marzahn-Hellersdorf,607,Urnenwahlbezirk,1932,1857,75,0,351,0,0,351,63,288
10,Marzahn-Hellersdorf,608,Urnenwahlbezirk,2808,2652,156,0,542,2,0,542,93,449
10,Marzahn-Hellersdorf,609,Urnenwahlbezirk,741,694,47,0,256,0,1,255,65,190
10,Marzahn-Hellersdorf,610,Urnenwahlbezirk,1047,959,88,0,254,0,1,253,81,172
10,Marzahn-Hellersdorf,611,Urnenwahlbezirk,1883,1770,113,0,422,0,2,420,96,324
10,Marzahn-Hellersdorf,612,Urnenwahlbezirk,2223,2043,180,0,574,2,1,573,141,432
10,Marzahn-Hellersdorf,613,Urnenwahlbezirk,2640,2497,143,0,487,0,0,487,82,405
10,Marzahn-Hellersdorf,701,Urnenwahlbezirk,1471,1424,47,0,206,0,2,204,33,171
10,Marzahn-Hellersdorf,702,Urnenwahlbezirk,3823,3712,111,0,472,0,1,471,112,359
10,Marzahn-Hellersdorf,703,Urnenwahlbezirk,3310,3237,73,0,288,0,1,287,70,217
10,Marzahn-Hellersdorf,704,Urnenwahlbezirk,2448,2388,60,0,262,0,0,262,44,218
10,Marzahn-Hellersdorf,705,Urnenwahlbezirk,1720,1670,50,0,171,0,0,171,32,139
10,Marzahn-Hellersdorf,706,Urnenwahlbezirk,2094,2012,82,0,291,0,1,290,49,241
10,Marzahn-Hellersdorf,707,Urnenwahlbezirk,3457,3332,125,0,536,1,0,536,107,429
10,Marzahn-Hellersdorf,708,Urnenwahlbezirk,2601,2515,86,0,360,0,0,360,85,275
10,Marzahn-Hellersdorf,709,Urnenwahlbezirk,3463,3336,127,0,345,0,2,343,90,253
10,Marzahn-Hellersdorf,710,Urnenwahlbezirk,1871,1800,71,0,244,0,0,244,41,203
11,Lichtenberg,1A ,Briefwahlbezirk,0,0,0,0,526,526,1,525,113,412
11,Lichtenberg,1B ,Briefwahlbezirk,0,0,0,0,546,546,0,546,132,414
11,Lichtenberg,1C ,Briefwahlbezirk,0,0,0,0,539,539,0,539,132,407
11,Lichtenberg,1D ,Briefwahlbezirk,0,0,0,0,540,540,3,537,111,426
11,Lichtenberg,1E ,Briefwahlbezirk,0,0,0,0,543,543,0,543,126,417
11,Lichtenberg,1F ,Briefwahlbezirk,0,0,0,0,543,543,1,542,133,409
11,Lichtenberg,1G ,Briefwahlbezirk,0,0,0,0,537,537,0,537,95,442
11,Lichtenberg,1H ,Briefwahlbezirk,0,0,0,0,534,534,0,534,117,417
11,Lichtenberg,1J ,Briefwahlbezirk,0,0,0,0,517,517,1,516,100,416
11,Lichtenberg,1K ,Briefwahlbezirk,0,0,0,0,545,545,0,545,106,439
11,Lichtenberg,1L ,Briefwahlbezirk,0,0,0,0,478,478,1,477,114,363
11,Lichtenberg,1M ,Briefwahlbezirk,0,0,0,0,528,528,0,528,105,423
11,Lichtenberg,1N ,Briefwahlbezirk,0,0,0,0,542,542,0,542,118,424
11,Lichtenberg,1O ,Briefwahlbezirk,0,0,0,0,559,559,0,559,118,441
11,Lichtenberg,1P ,Briefwahlbezirk,0,0,0,0,546,546,1,545,109,436
11,Lichtenberg,1R ,Briefwahlbezirk,0,0,0,0,536,536,0,536,128,408
11,Lichtenberg,1S ,Briefwahlbezirk,0,0,0,0,504,504,1,503,117,386
11,Lichtenberg,1T ,Briefwahlbezirk,0,0,0,0,526,526,1,525,106,419
11,Lichtenberg,1U ,Briefwahlbezirk,0,0,0,0,534,534,0,534,125,409
11,Lichtenberg,1V ,Briefwahlbezirk,0,0,0,0,522,522,1,521,124,397
11,Lichtenberg,101,Urnenwahlbezirk,1468,1424,44,0,274,1,1,273,49,224
11,Lichtenberg,102,Urnenwahlbezirk,1142,1079,63,0,231,0,0,231,62,169
11,Lichtenberg,103,Urnenwahlbezirk,3196,3074,122,0,506,3,0,506,128,378
11,Lichtenberg,104,Urnenwahlbezirk,3322,3237,85,0,347,0,3,344,75,269
11,Lichtenberg,109,Urnenwahlbezirk,3456,3260,196,0,491,0,2,489,88,401
11,Lichtenberg,112,Urnenwahlbezirk,2821,2727,94,0,411,1,0,411,87,324
11,Lichtenberg,115,Urnenwahlbezirk,3738,3587,151,0,450,0,5,445,87,358
11,Lichtenberg,116,Urnenwahlbezirk,2633,2485,148,0,442,0,2,440,75,365
11,Lichtenberg,121,Urnenwahlbezirk,3711,3576,135,0,492,1,1,491,102,389
11,Lichtenberg,124,Urnenwahlbezirk,3517,3384,133,0,383,2,0,383,77,306
11,Lichtenberg,127,Urnenwahlbezirk,2577,2478,99,0,311,0,1,310,67,243
11,Lichtenberg,201,Urnenwahlbezirk,1222,1165,57,0,218,0,0,218,71,147
11,Lichtenberg,202,Urnenwahlbezirk,2256,2160,96,0,359,1,3,356,74,282
11,Lichtenberg,204,Urnenwahlbezirk,3130,2993,137,0,400,1,1,399,71,328
11,Lichtenberg,207,Urnenwahlbezirk,2280,2180,100,0,313,0,1,312,52,260
11,Lichtenberg,209,Urnenwahlbezirk,2365,2250,115,0,388,0,0,388,94,294
11,Lichtenberg,211,Urnenwahlbezirk,3367,3149,218,0,775,5,2,773,157,616
11,Lichtenberg,212,Urnenwahlbezirk,3184,3023,161,0,606,2,2,604,117,487
11,Lichtenberg,215,Urnenwahlbezirk,1877,1774,103,0,283,1,1,282,50,232
11,Lichtenberg,217,Urnenwahlbezirk,3049,2822,227,0,621,3,0,621,112,509
11,Lichtenberg,221,Urnenwahlbezirk,3401,3123,278,0,917,4,0,917,164,753
11,Lichtenberg,222,Urnenwahlbezirk,2934,2776,158,0,594,0,2,592,127,465
11,Lichtenberg,225,Urnenwahlbezirk,2100,1984,116,0,430,1,1,429,73,356
11,Lichtenberg,228,Urnenwahlbezirk,2440,2332,108,0,443,1,0,443,89,354
11,Lichtenberg,301,Urnenwahlbezirk,2356,2216,140,0,431,2,0,431,80,351
11,Lichtenberg,303,Urnenwahlbezirk,2373,2272,101,0,289,1,0,289,73,216
11,Lichtenberg,305,Urnenwahlbezirk,2127,2005,122,0,318,1,0,318,59,259
11,Lichtenberg,306,Urnenwahlbezirk,2173,2045,128,0,396,0,0,396,85,311
11,Lichtenberg,308,Urnenwahlbezirk,3182,3019,163,0,532,0,1,531,98,433
11,Lichtenberg,311,Urnenwahlbezirk,3180,2981,199,0,414,2,2,412,99,313
11,Lichtenberg,315,Urnenwahlbezirk,2818,2736,82,0,429,1,3,426,87,339
11,Lichtenberg,318,Urnenwahlbezirk,2463,2333,130,0,436,0,2,434,74,360
11,Lichtenberg,320,Urnenwahlbezirk,2739,2487,252,0,454,3,1,453,93,360
11,Lichtenberg,322,Urnenwahlbezirk,2101,1965,136,0,300,0,1,299,60,239
11,Lichtenberg,323,Urnenwahlbezirk,2868,2734,134,0,437,1,1,436,116,320
11,Lichtenberg,327,Urnenwahlbezirk,1109,1073,36,0,89,0,1,88,38,50
11,Lichtenberg,328,Urnenwahlbezirk,2001,1892,109,0,365,2,2,363,73,290
11,Lichtenberg,330,Urnenwahlbezirk,1992,1833,159,0,383,2,1,382,59,323
11,Lichtenberg,401,Urnenwahlbezirk,3765,3540,225,0,620,1,0,620,123,497
11,Lichtenberg,405,Urnenwahlbezirk,3794,3538,256,0,789,2,1,788,136,652
11,Lichtenberg,409,Urnenwahlbezirk,4280,3964,316,0,795,1,1,794,167,627
11,Lichtenberg,412,Urnenwahlbezirk,2695,2527,168,0,364,0,1,363,84,279
11,Lichtenberg,415,Urnenwahlbezirk,3537,3345,192,0,685,5,1,684,141,543
11,Lichtenberg,416,Urnenwahlbezirk,3807,3589,218,0,676,0,0,676,127,549
11,Lichtenberg,420,Urnenwahlbezirk,2862,2741,121,0,550,0,1,549,134,415
11,Lichtenberg,424,Urnenwahlbezirk,4081,3911,170,0,659,2,1,658,157,501
11,Lichtenberg,428,Urnenwahlbezirk,2900,2661,239,0,658,2,4,654,111,543
11,Lichtenberg,431,Urnenwahlbezirk,4344,4038,306,0,809,0,0,809,122,687
11,Lichtenberg,501,Urnenwahlbezirk,2766,2644,122,0,531,4,2,529,117,412
11,Lichtenberg,503,Urnenwahlbezirk,2158,2072,86,0,379,1,0,379,78,301
11,Lichtenberg,505,Urnenwahlbezirk,3288,3117,171,0,449,1,3,446,103,343
11,Lichtenberg,506,Urnenwahlbezirk,2651,2550,101,0,415,1,2,413,98,315
11,Lichtenberg,508,Urnenwahlbezirk,2668,2542,126,0,449,1,0,449,107,342
11,Lichtenberg,509,Urnenwahlbezirk,3503,3334,169,0,632,3,3,629,172,457
11,Lichtenberg,510,Urnenwahlbezirk,3646,3452,194,0,650,0,3,647,139,508
11,Lichtenberg,513,Urnenwahlbezirk,2386,2254,132,0,361,1,0,361,85,276
11,Lichtenberg,514,Urnenwahlbezirk,2661,2541,120,0,361,0,1,360,74,286
11,Lichtenberg,516,Urnenwahlbezirk,1716,1640,76,0,252,2,0,252,56,196
11,Lichtenberg,521,Urnenwahlbezirk,3017,2801,216,0,587,2,1,586,126,460
11,Lichtenberg,524,Urnenwahlbezirk,3323,3049,274,0,650,2,1,649,129,520
11,Lichtenberg,601,Urnenwahlbezirk,3823,3481,342,0,817,1,1,816,147,669
11,Lichtenberg,604,Urnenwahlbezirk,3526,3276,250,0,501,3,1,500,112,388
11,Lichtenberg,605,Urnenwahlbezirk,3342,3049,293,0,702,4,0,702,106,596
11,Lichtenberg,608,Urnenwahlbezirk,2055,1889,166,0,390,0,2,388,58,330
11,Lichtenberg,610,Urnenwahlbezirk,2604,2366,238,0,429,3,0,429,70,359
11,Lichtenberg,614,Urnenwahlbezirk,3019,2846,173,0,578,5,1,577,134,443
11,Lichtenberg,617,Urnenwahlbezirk,2907,2694,213,0,836,3,0,836,218,618
11,Lichtenberg,620,Urnenwahlbezirk,2350,2153,197,0,670,4,1,669,160,509
11,Lichtenberg,622,Urnenwahlbezirk,1887,1670,217,0,533,1,0,533,141,392
11,Lichtenberg,624,Urnenwahlbezirk,2933,2689,244,0,919,7,0,919,224,695
11,Lichtenberg,627,Urnenwahlbezirk,1522,1425,97,0,455,0,0,455,136,319
11,Lichtenberg,628,Urnenwahlbezirk,2412,2227,185,0,716,4,1,715,190,525
11,Lichtenberg,630,Urnenwahlbezirk,2070,1950,120,0,673,6,0,673,199,474
12,Reinickendorf,1A ,Briefwahlbezirk,0,0,0,0,540,540,0,540,389,151
12,Reinickendorf,1B ,Briefwahlbezirk,0,0,0,0,544,544,1,543,389,154
12,Reinickendorf,1C ,Briefwahlbezirk,0,0,0,0,546,546,0,546,393,153
12,Reinickendorf,1D ,Briefwahlbezirk,0,0,0,0,538,538,2,536,398,138
12,Reinickendorf,2A ,Briefwahlbezirk,0,0,0,0,529,529,0,529,366,163
12,Reinickendorf,2B ,Briefwahlbezirk,0,0,0,0,572,572,0,572,408,164
12,Reinickendorf,2C ,Briefwahlbezirk,0,0,0,0,534,534,2,532,380,152
12,Reinickendorf,2D ,Briefwahlbezirk,0,0,0,0,535,535,2,533,407,126
12,Reinickendorf,3A ,Briefwahlbezirk,0,0,0,0,534,534,2,532,387,145
12,Reinickendorf,3B ,Briefwahlbezirk,0,0,0,0,545,545,0,545,383,162
12,Reinickendorf,3C ,Briefwahlbezirk,0,0,0,0,538,538,3,535,383,152
12,Reinickendorf,3D ,Briefwahlbezirk,0,0,0,0,533,533,0,533,406,127
12,Reinickendorf,4A ,Briefwahlbezirk,0,0,0,0,557,557,0,557,384,173
12,Reinickendorf,4B ,Briefwahlbezirk,0,0,0,0,526,526,0,526,382,144
12,Reinickendorf,4C ,Briefwahlbezirk,0,0,0,0,529,529,0,529,385,144
12,Reinickendorf,4D ,Briefwahlbezirk,0,0,0,0,523,523,1,522,380,142
12,Reinickendorf,5A ,Briefwahlbezirk,0,0,0,0,592,592,0,592,408,184
12,Reinickendorf,5B ,Briefwahlbezirk,0,0,0,0,572,572,1,571,419,152
12,Reinickendorf,5C ,Briefwahlbezirk,0,0,0,0,606,606,0,606,430,176
12,Reinickendorf,5D ,Briefwahlbezirk,0,0,0,0,531,531,0,531,392,139
12,Reinickendorf,6A ,Briefwahlbezirk,0,0,0,0,534,534,1,533,365,168
12,Reinickendorf,6B ,Briefwahlbezirk,0,0,0,0,530,530,1,529,375,154
12,Reinickendorf,6C ,Briefwahlbezirk,0,0,0,0,530,530,3,527,359,168
12,Reinickendorf,6D ,Briefwahlbezirk,0,0,0,0,529,529,5,524,363,161
12,Reinickendorf,101,Urnenwahlbezirk,1169,1068,101,0,286,0,0,286,199,87
12,Reinickendorf,102,Urnenwahlbezirk,937,887,50,0,194,0,0,194,136,58
12,Reinickendorf,103,Urnenwahlbezirk,835,781,54,0,169,2,0,169,122,47
12,Reinickendorf,104,Urnenwahlbezirk,964,927,37,0,174,0,1,173,112,61
12,Reinickendorf,105,Urnenwahlbezirk,839,806,33,0,102,1,0,102,66,36
12,Reinickendorf,106,Urnenwahlbezirk,1156,1101,55,0,169,0,0,169,101,68
12,Reinickendorf,107,Urnenwahlbezirk,1283,1224,59,0,285,0,1,284,207,77
12,Reinickendorf,108,Urnenwahlbezirk,860,828,32,0,149,0,1,148,94,54
12,Reinickendorf,109,Urnenwahlbezirk,956,914,42,0,145,0,0,145,93,52
12,Reinickendorf,110,Urnenwahlbezirk,927,877,50,0,198,1,0,198,131,67
12,Reinickendorf,111,Urnenwahlbezirk,967,936,31,0,173,0,0,173,119,54
12,Reinickendorf,112,Urnenwahlbezirk,1232,1115,117,0,334,0,1,333,219,114
12,Reinickendorf,113,Urnenwahlbezirk,656,600,56,0,145,1,0,145,112,33
12,Reinickendorf,114,Urnenwahlbezirk,1862,1780,82,0,271,0,1,270,185,85
12,Reinickendorf,115,Urnenwahlbezirk,680,658,22,0,178,0,20,158,110,48
12,Reinickendorf,116,Urnenwahlbezirk,1065,1023,42,0,182,1,1,181,117,64
12,Reinickendorf,117,Urnenwahlbezirk,2035,1924,111,0,356,0,0,356,251,105
12,Reinickendorf,118,Urnenwahlbezirk,1799,1716,83,0,298,0,0,298,199,99
12,Reinickendorf,119,Urnenwahlbezirk,1290,1230,60,0,229,1,3,226,137,89
12,Reinickendorf,120,Urnenwahlbezirk,1544,1471,73,0,285,0,2,283,203,80
12,Reinickendorf,121,Urnenwahlbezirk,1058,998,60,0,183,2,0,183,115,68
12,Reinickendorf,122,Urnenwahlbezirk,810,753,57,0,141,0,0,141,80,61
12,Reinickendorf,123,Urnenwahlbezirk,1623,1543,80,0,254,0,0,254,173,81
12,Reinickendorf,124,Urnenwahlbezirk,1044,995,49,0,165,0,0,165,118,47
12,Reinickendorf,125,Urnenwahlbezirk,814,776,38,0,117,0,0,117,77,40
12,Reinickendorf,126,Urnenwahlbezirk,1585,1503,82,0,236,3,1,235,150,85
12,Reinickendorf,201,Urnenwahlbezirk,1704,1581,123,0,424,0,2,422,298,124
12,Reinickendorf,202,Urnenwahlbezirk,1947,1780,167,0,430,0,1,429,277,152
12,Reinickendorf,203,Urnenwahlbezirk,1396,1261,135,0,411,2,0,411,279,132
12,Reinickendorf,204,Urnenwahlbezirk,807,775,32,0,259,0,1,258,177,81
12,Reinickendorf,205,Urnenwahlbezirk,785,709,76,0,231,0,1,230,168,62
12,Reinickendorf,206,Urnenwahlbezirk,771,664,107,0,175,0,0,175,123,52
12,Reinickendorf,207,Urnenwahlbezirk,1697,1620,77,0,331,0,4,327,251,76
12,Reinickendorf,208,Urnenwahlbezirk,1112,1075,37,0,150,2,0,150,111,39
12,Reinickendorf,209,Urnenwahlbezirk,756,715,41,0,122,0,2,120,84,36
12,Reinickendorf,210,Urnenwahlbezirk,1991,1855,136,0,395,1,0,395,261,134
12,Reinickendorf,211,Urnenwahlbezirk,1607,1500,107,0,364,1,0,364,251,113
12,Reinickendorf,212,Urnenwahlbezirk,1557,1457,100,0,341,2,1,340,252,88
12,Reinickendorf,213,Urnenwahlbezirk,1652,1552,100,0,299,0,0,299,220,79
12,Reinickendorf,214,Urnenwahlbezirk,733,696,37,0,185,0,0,185,130,55
12,Reinickendorf,215,Urnenwahlbezirk,1769,1657,112,0,372,0,1,371,268,103
12,Reinickendorf,216,Urnenwahlbezirk,1616,1540,76,0,318,0,3,315,218,97
12,Reinickendorf,217,Urnenwahlbezirk,1422,1360,62,0,247,0,1,246,180,66
12,Reinickendorf,218,Urnenwahlbezirk,938,889,49,0,125,0,0,125,88,37
12,Reinickendorf,219,Urnenwahlbezirk,1223,1132,91,0,238,0,1,237,178,59
12,Reinickendorf,220,Urnenwahlbezirk,1274,1244,30,0,158,0,0,158,99,59
12,Reinickendorf,221,Urnenwahlbezirk,1524,1442,82,0,260,0,1,259,197,62
12,Reinickendorf,222,Urnenwahlbezirk,1041,1001,40,0,115,0,2,113,76,37
12,Reinickendorf,223,Urnenwahlbezirk,586,547,39,0,183,0,0,183,136,47
12,Reinickendorf,224,Urnenwahlbezirk,359,333,26,0,57,0,0,57,37,20
12,Reinickendorf,301,Urnenwahlbezirk,1458,1327,131,0,560,0,1,559,355,204
12,Reinickendorf,302,Urnenwahlbezirk,993,908,85,0,332,1,0,332,220,112
12,Reinickendorf,303,Urnenwahlbezirk,1085,998,87,0,330,0,1,329,219,110
12,Reinickendorf,304,Urnenwahlbezirk,685,613,72,0,234,0,0,234,169,65
12,Reinickendorf,305,Urnenwahlbezirk,989,899,90,0,352,2,1,351,233,118
12,Reinickendorf,306,Urnenwahlbezirk,1628,1477,151,0,562,6,1,561,383,178
12,Reinickendorf,307,Urnenwahlbezirk,1803,1652,151,0,689,1,3,686,450,236
12,Reinickendorf,308,Urnenwahlbezirk,1314,1181,133,0,461,1,1,460,320,140
12,Reinickendorf,309,Urnenwahlbezirk,1078,987,91,0,362,1,1,361,261,100
12,Reinickendorf,310,Urnenwahlbezirk,1058,952,106,0,338,0,2,336,234,102
12,Reinickendorf,311,Urnenwahlbezirk,1130,998,132,0,398,0,0,398,275,123
12,Reinickendorf,312,Urnenwahlbezirk,1642,1466,176,0,616,0,1,615,402,213
12,Reinickendorf,313,Urnenwahlbezirk,1452,1270,182,0,455,1,0,455,292,163
12,Reinickendorf,314,Urnenwahlbezirk,1874,1684,190,0,628,3,1,627,391,236
12,Reinickendorf,315,Urnenwahlbezirk,1508,1346,162,0,561,0,1,560,410,150
12,Reinickendorf,316,Urnenwahlbezirk,1337,1259,78,0,396,0,2,394,245,149
12,Reinickendorf,317,Urnenwahlbezirk,1945,1795,150,0,502,4,1,501,340,161
12,Reinickendorf,318,Urnenwahlbezirk,709,631,78,0,281,0,0,281,168,113
12,Reinickendorf,319,Urnenwahlbezirk,1673,1586,87,0,422,1,1,421,311,110
12,Reinickendorf,320,Urnenwahlbezirk,1007,967,40,0,192,1,1,191,152,39
12,Reinickendorf,321,Urnenwahlbezirk,1315,1255,60,0,248,1,1,247,161,86
12,Reinickendorf,322,Urnenwahlbezirk,1581,1474,107,0,375,1,1,374,275,99
12,Reinickendorf,323,Urnenwahlbezirk,1125,992,133,0,388,0,0,388,270,118
12,Reinickendorf,324,Urnenwahlbezirk,247,238,9,0,89,0,0,89,50,39
12,Reinickendorf,401,Urnenwahlbezirk,1960,1751,209,0,678,2,2,676,422,254
12,Reinickendorf,402,Urnenwahlbezirk,1218,1095,123,0,305,2,0,305,201,104
12,Reinickendorf,403,Urnenwahlbezirk,794,663,131,0,264,0,0,264,178,86
12,Reinickendorf,404,Urnenwahlbezirk,1679,1594,85,0,314,3,2,312,216,96
12,Reinickendorf,405,Urnenwahlbezirk,1795,1660,135,0,393,2,0,393,291,102
12,Reinickendorf,406,Urnenwahlbezirk,1934,1797,137,0,455,2,0,455,266,189
12,Reinickendorf,407,Urnenwahlbezirk,1205,1101,104,0,481,2,2,479,306,173
12,Reinickendorf,408,Urnenwahlbezirk,1054,965,89,0,373,3,0,373,247,126
12,Reinickendorf,409,Urnenwahlbezirk,684,616,68,0,165,0,0,165,129,36
12,Reinickendorf,410,Urnenwahlbezirk,1154,1085,69,0,301,1,1,300,222,78
12,Reinickendorf,411,Urnenwahlbezirk,808,740,68,0,234,0,0,234,175,59
12,Reinickendorf,412,Urnenwahlbezirk,1968,1838,130,0,580,3,0,580,423,157
12,Reinickendorf,413,Urnenwahlbezirk,1754,1575,179,0,611,2,1,610,412,198
12,Reinickendorf,414,Urnenwahlbezirk,891,831,60,0,251,0,0,251,171,80
12,Reinickendorf,415,Urnenwahlbezirk,1361,1237,124,0,262,2,1,261,156,105
12,Reinickendorf,416,Urnenwahlbezirk,1528,1454,74,0,319,2,2,317,224,93
12,Reinickendorf,417,Urnenwahlbezirk,1676,1502,174,0,537,0,5,532,373,159
12,Reinickendorf,418,Urnenwahlbezirk,1180,1138,42,0,221,1,0,221,156,65
12,Reinickendorf,419,Urnenwahlbezirk,1364,1255,109,0,355,0,1,354,247,107
12,Reinickendorf,420,Urnenwahlbezirk,808,771,37,0,201,1,0,201,131,70
12,Reinickendorf,421,Urnenwahlbezirk,1248,1161,87,0,358,3,0,358,218,140
12,Reinickendorf,422,Urnenwahlbezirk,1658,1556,102,0,362,0,0,362,245,117
12,Reinickendorf,423,Urnenwahlbezirk,1404,1312,91,1,347,0,0,347,215,132
12,Reinickendorf,424,Urnenwahlbezirk,773,702,71,0,206,0,1,205,125,80
12,Reinickendorf,425,Urnenwahlbezirk,1815,1668,147,0,532,1,1,531,386,145
12,Reinickendorf,426,Urnenwahlbezirk,723,673,50,0,204,0,0,204,117,87
12,Reinickendorf,501,Urnenwahlbezirk,896,808,88,0,368,0,0,368,237,131
12,Reinickendorf,502,Urnenwahlbezirk,1263,1134,129,0,392,0,0,392,276,116
12,Reinickendorf,503,Urnenwahlbezirk,1826,1674,152,0,664,3,1,663,449,214
12,Reinickendorf,504,Urnenwahlbezirk,1444,1360,84,0,249,0,0,249,177,72
12,Reinickendorf,505,Urnenwahlbezirk,835,799,36,0,207,0,1,206,144,62
12,Reinickendorf,506,Urnenwahlbezirk,711,674,37,0,174,0,2,172,127,45
12,Reinickendorf,507,Urnenwahlbezirk,908,865,43,0,179,0,0,179,129,50
12,Reinickendorf,508,Urnenwahlbezirk,520,504,16,0,77,0,1,76,53,23
12,Reinickendorf,509,Urnenwahlbezirk,1071,1039,32,0,193,2,1,192,135,57
12,Reinickendorf,510,Urnenwahlbezirk,834,805,29,0,138,0,0,138,100,38
12,Reinickendorf,511,Urnenwahlbezirk,981,946,35,0,170,0,0,170,133,37
12,Reinickendorf,512,Urnenwahlbezirk,1017,955,62,0,221,0,1,220,144,76
12,Reinickendorf,513,Urnenwahlbezirk,1441,1402,39,0,167,0,0,167,118,49
12,Reinickendorf,514,Urnenwahlbezirk,431,415,16,0,77,0,0,77,53,24
12,Reinickendorf,515,Urnenwahlbezirk,688,672,16,0,99,0,0,99,79,20
12,Reinickendorf,516,Urnenwahlbezirk,1394,1360,34,0,209,0,1,208,161,47
12,Reinickendorf,517,Urnenwahlbezirk,704,680,24,0,98,2,0,98,90,8
12,Reinickendorf,518,Urnenwahlbezirk,970,901,69,0,256,0,0,256,168,88
12,Reinickendorf,519,Urnenwahlbezirk,858,835,23,0,115,0,0,115,82,33
12,Reinickendorf,520,Urnenwahlbezirk,874,842,32,0,115,0,3,112,80,32
12,Reinickendorf,521,Urnenwahlbezirk,1117,1037,80,0,308,0,0,308,219,89
12,Reinickendorf,522,Urnenwahlbezirk,776,747,29,0,136,0,0,136,98,38
12,Reinickendorf,523,Urnenwahlbezirk,1035,999,36,0,143,0,0,143,107,36
12,Reinickendorf,524,Urnenwahlbezirk,1418,1375,43,0,243,0,0,243,160,83
12,Reinickendorf,525,Urnenwahlbezirk,955,872,83,0,322,0,0,322,237,85
12,Reinickendorf,526,Urnenwahlbezirk,1584,1505,79,0,347,0,0,347,259,88
12,Reinickendorf,527,Urnenwahlbezirk,1127,1064,63,0,249,3,1,248,182,66
12,Reinickendorf,601,Urnenwahlbezirk,281,268,13,0,79,0,0,79,47,32
12,Reinickendorf,602,Urnenwahlbezirk,1227,1061,166,0,550,2,0,550,384,166
12,Reinickendorf,603,Urnenwahlbezirk,1096,994,102,0,377,0,1,376,257,119
12,Reinickendorf,604,Urnenwahlbezirk,1081,928,153,0,481,0,0,481,343,138
12,Reinickendorf,605,Urnenwahlbezirk,973,812,161,0,388,0,0,388,278,110
12,Reinickendorf,606,Urnenwahlbezirk,1465,1224,241,0,604,1,0,604,415,189
12,Reinickendorf,607,Urnenwahlbezirk,1041,919,122,0,339,0,0,339,228,111
12,Reinickendorf,608,Urnenwahlbezirk,835,711,124,0,305,2,0,305,224,81
12,Reinickendorf,609,Urnenwahlbezirk,1474,1261,213,0,583,2,1,582,406,176
12,Reinickendorf,610,Urnenwahlbezirk,1085,922,163,0,414,1,0,414,290,124
12,Reinickendorf,611,Urnenwahlbezirk,852,740,112,0,313,0,0,313,215,98
12,Reinickendorf,612,Urnenwahlbezirk,813,665,148,0,258,1,0,258,202,56
12,Reinickendorf,613,Urnenwahlbezirk,1114,951,163,0,423,0,1,422,299,123
12,Reinickendorf,614,Urnenwahlbezirk,1681,1399,282,0,493,5,1,492,314,178
12,Reinickendorf,615,Urnenwahlbezirk,1794,1569,225,0,650,2,0,650,459,191
12,Reinickendorf,616,Urnenwahlbezirk,1447,1215,232,0,522,2,1,521,384,137
12,Reinickendorf,617,Urnenwahlbezirk,1160,980,180,0,395,7,1,394,250,144
12,Reinickendorf,618,Urnenwahlbezirk,1649,1438,211,0,542,4,1,541,340,201
12,Reinickendorf,619,Urnenwahlbezirk,1438,1222,216,0,546,2,0,546,357,189
12,Reinickendorf,620,Urnenwahlbezirk,1059,896,162,1,364,0,1,363,237,126
12,Reinickendorf,621,Urnenwahlbezirk,947,844,103,0,379,0,1,378,261,117
12,Reinickendorf,622,Urnenwahlbezirk,1104,933,171,0,427,0,1,426,282,144
12,Reinickendorf,623,Urnenwahlbezirk,939,769,170,0,347,0,0,347,232,115
12,Reinickendorf,624,Urnenwahlbezirk,1408,1282,126,0,585,1,0,585,419,166
12,Reinickendorf,625,Urnenwahlbezirk,969,902,67,0,363,1,0,363,234,129
