district_id,district_name,electoral_district_id,electoral_district_type,eligible_voters,eligible_voters_a1,eligible_voters_a2,eligible_voters_a3,voters,voters_b1,invalid_votes,valid_votes,vote_yes,vote_no
1,Mitte,1A ,Briefwahlbezirk,0,0,0,0,818,818,10,808,783,25
1,Mitte,1B ,Briefwahlbezirk,0,0,0,0,776,776,1,775,743,32
1,Mitte,1C ,Briefwahlbezirk,0,0,0,0,766,766,0,766,751,15
1,Mitte,1D ,Briefwahlbezirk,0,0,0,0,764,764,0,764,742,22
1,Mitte,1F ,Briefwahlbezirk,0,0,0,0,772,772,0,772,746,26
1,Mitte,1G ,Briefwahlbezirk,0,0,0,0,776,776,0,776,760,16
1,Mitte,1H ,Briefwahlbezirk,0,0,0,0,779,779,1,778,757,21
1,Mitte,1J ,Briefwahlbezirk,0,0,0,0,764,764,0,764,750,14
1,Mitte,1K ,Briefwahlbezirk,0,0,0,0,754,754,0,754,722,32
1,Mitte,1L ,Briefwahlbezirk,0,0,0,0,756,756,1,755,739,16
1,Mitte,1M ,Briefwahlbezirk,0,0,0,0,736,736,1,735,717,18
1,Mitte,1N ,Briefwahlbezirk,0,0,0,0,780,780,9,771,743,28
1,Mitte,100,Urnenwahlbezirk,3066,2893,173,0,447,0,1,446,439,7
1,Mitte,101,Urnenwahlbezirk,2469,2230,239,0,364,3,0,364,356,8
1,Mitte,105,Urnenwahlbezirk,3952,3760,192,0,705,1,0,705,693,12
1,Mitte,107,Urnenwahlbezirk,3634,3417,217,0,640,3,1,639,633,6
1,Mitte,111,Urnenwahlbezirk,2365,2263,102,0,506,0,0,506,492,14
1,Mitte,112,Urnenwahlbezirk,2315,2194,121,0,473,0,0,473,471,2
1,Mitte,115,Urnenwahlbezirk,3041,2843,198,0,511,1,0,511,501,10
1,Mitte,118,Urnenwahlbezirk,2487,2340,147,0,403,0,2,401,397,4
1,Mitte,120,Urnenwahlbezirk,3496,3383,113,0,604,0,1,603,594,9
1,Mitte,121,Urnenwahlbezirk,2800,2637,163,0,522,0,0,522,518,4
1,Mitte,129,Urnenwahlbezirk,3099,2994,105,0,458,1,4,454,444,10
1,Mitte,200,Urnenwahlbezirk,2034,1873,161,0,397,0,0,397,394,3
1,Mitte,202,Urnenwahlbezirk,3406,3095,311,0,643,1,0,643,633,10
1,Mitte,205,Urnenwahlbezirk,2909,2669,240,0,630,2,0,630,626,4
1,Mitte,207,Urnenwahlbezirk,3174,2846,328,0,545,4,0,545,539,6
1,Mitte,209,Urnenwahlbezirk,3865,3662,203,0,634,2,3,631,622,9
1,Mitte,212,Urnenwahlbezirk,3370,3068,302,0,785,0,1,784,769,15
1,Mitte,214,Urnenwahlbezirk,3038,2826,212,0,689,3,1,688,675,13
1,Mitte,217,Urnenwahlbezirk,2151,1952,199,0,443,0,0,443,432,11
1,Mitte,219,Urnenwahlbezirk,3364,3111,253,0,815,4,0,815,803,12
1,Mitte,221,Urnenwahlbezirk,3838,3562,276,0,906,3,0,906,886,20
1,Mitte,300,Urnenwahlbezirk,3186,3023,163,0,547,2,0,547,534,13
1,Mitte,302,Urnenwahlbezirk,2793,2637,156,0,517,0,0,517,503,14
1,Mitte,305,Urnenwahlbezirk,3224,2988,236,0,703,3,1,702,694,8
1,Mitte,307,Urnenwahlbezirk,2777,2638,139,0,495,1,0,495,480,15
1,Mitte,308,Urnenwahlbezirk,2091,2000,91,0,295,1,2,293,284,9
1,Mitte,312,Urnenwahlbezirk,2404,2234,170,0,593,0,0,593,588,5
1,Mitte,315,Urnenwahlbezirk,2274,2112,162,0,578,0,0,578,574,4
1,Mitte,317,Urnenwahlbezirk,3595,3339,256,0,807,2,0,807,787,20
1,Mitte,321,Urnenwahlbezirk,2339,2173,166,0,376,2,0,376,372,4
1,Mitte,323,Urnenwahlbezirk,2205,2101,104,0,361,0,0,361,355,6
1,Mitte,325,Urnenwahlbezirk,2625,2491,134,0,331,1,0,331,330,1
1,Mitte,327,Urnenwahlbezirk,2936,2805,131,0,410,1,0,410,399,11
1,Mitte,400,Urnenwahlbezirk,3332,3233,99,0,419,1,1,418,407,11
1,Mitte,403,Urnenwahlbezirk,2655,2533,122,0,499,1,0,499,488,11
1,Mitte,404,Urnenwahlbezirk,2573,2449,124,0,510,2,0,510,507,3
1,Mitte,405,Urnenwahlbezirk,1906,1815,91,0,323,0,0,323,318,5
1,Mitte,409,Urnenwahlbezirk,3172,3025,147,0,677,1,0,677,663,14
1,Mitte,414,Urnenwahlbezirk,2056,1965,91,0,342,0,0,342,338,4
1,Mitte,415,Urnenwahlbezirk,2880,2752,128,0,502,2,0,502,490,12
1,Mitte,416,Urnenwahlbezirk,3623,3463,160,0,699,2,1,698,679,19
1,Mitte,421,Urnenwahlbezirk,2781,2659,122,0,478,4,1,477,468,9
1,Mitte,425,Urnenwahlbezirk,2740,2624,116,0,515,0,0,515,495,20
1,Mitte,427,Urnenwahlbezirk,2911,2762,149,0,530,0,0,530,523,7
1,Mitte,431,Urnenwahlbezirk,3080,2940,140,0,482,5,1,481,474,7
1,Mitte,500,Urnenwahlbezirk,3136,2976,160,0,568,0,2,566,550,16
1,Mitte,504,Urnenwahlbezirk,3129,2994,135,0,537,1,0,537,532,5
1,Mitte,505,Urnenwahlbezirk,2705,2565,140,0,629,0,1,628,620,8
1,Mitte,508,Urnenwahlbezirk,2218,2087,131,0,437,0,0,437,433,4
1,Mitte,510,Urnenwahlbezirk,2216,2098,118,0,325,1,0,325,316,9
1,Mitte,512,Urnenwahlbezirk,2150,2051,99,0,377,0,0,377,369,8
1,Mitte,513,Urnenwahlbezirk,2586,2471,115,0,347,1,0,347,340,7
1,Mitte,516,Urnenwahlbezirk,3134,2991,143,0,591,2,0,591,580,11
1,Mitte,519,Urnenwahlbezirk,2449,2324,125,0,636,0,0,636,624,12
1,Mitte,522,Urnenwahlbezirk,2397,2303,94,0,329,0,2,327,321,6
1,Mitte,524,Urnenwahlbezirk,2107,2023,84,0,330,2,1,329,326,3
1,Mitte,528,Urnenwahlbezirk,3201,3071,130,0,598,2,2,596,582,14
1,Mitte,600,Urnenwahlbezirk,2182,2079,103,0,294,0,0,294,288,6
1,Mitte,601,Urnenwahlbezirk,3098,2990,108,0,378,0,0,378,371,7
1,Mitte,602,Urnenwahlbezirk,1911,1851,60,0,404,2,1,403,395,8
1,Mitte,603,Urnenwahlbezirk,2669,2547,122,0,358,0,0,358,349,9
1,Mitte,605,Urnenwahlbezirk,2919,2816,103,0,425,1,0,425,420,5
1,Mitte,612,Urnenwahlbezirk,2090,2027,63,0,328,1,0,328,316,12
1,Mitte,613,Urnenwahlbezirk,3166,3067,99,0,424,0,0,424,419,5
1,Mitte,617,Urnenwahlbezirk,2222,2128,94,0,261,0,0,261,256,5
1,Mitte,620,Urnenwahlbezirk,1954,1865,89,0,243,0,0,243,236,7
1,Mitte,623,Urnenwahlbezirk,2938,2841,97,0,450,1,0,450,428,22
1,Mitte,624,Urnenwahlbezirk,2451,2382,69,0,365,0,0,365,354,11
1,Mitte,627,Urnenwahlbezirk,2771,2701,70,0,340,5,2,338,329,9
1,Mitte,632,Urnenwahlbezirk,2308,2189,119,0,460,2,2,458,443,15
1,Mitte,634,Urnenwahlbezirk,2692,2586,106,0,409,1,1,408,397,11
2,Friedrichshain-Kreuzberg,1A ,Briefwahlbezirk,0,0,0,0,506,506,0,506,483,23
2,Friedrichshain-Kreuzberg,1B ,Briefwahlbezirk,0,0,0,0,677,677,0,677,667,10
2,Friedrichshain-Kreuzberg,1C ,Briefwahlbezirk,0,0,0,0,371,371,0,371,361,10
2,Friedrichshain-Kreuzberg,1D ,Briefwahlbezirk,0,0,0,0,617,617,1,616,612,4
2,Friedrichshain-Kreuzberg,1E ,Briefwahlbezirk,0,0,0,0,416,416,2,414,405,9
2,Friedrichshain-Kreuzberg,1F ,Briefwahlbezirk,0,0,0,0,327,327,1,326,324,2
2,Friedrichshain-Kreuzberg,1G ,Briefwahlbezirk,0,0,0,0,474,474,0,474,470,4
2,Friedrichshain-Kreuzberg,1H ,Briefwahlbezirk,0,0,0,0,368,368,0,368,358,10
2,Friedrichshain-Kreuzberg,1I ,Briefwahlbezirk,0,0,0,0,332,332,0,332,320,12
2,Friedrichshain-Kreuzberg,1J ,Briefwahlbezirk,0,0,0,0,437,437,0,437,418,19
2,Friedrichshain-Kreuzberg,1K ,Briefwahlbezirk,0,0,0,0,437,437,1,436,428,8
2,Friedrichshain-Kreuzberg,1L ,Briefwahlbezirk,0,0,0,0,780,780,1,779,771,8
2,Friedrichshain-Kreuzberg,1M ,Briefwahlbezirk,0,0,0,0,666,666,0,666,653,13
2,Friedrichshain-Kreuzberg,1N ,Briefwahlbezirk,0,0,0,0,505,505,1,504,492,12
2,Friedrichshain-Kreuzberg,1O ,Briefwahlbezirk,0,0,0,0,530,530,1,529,513,16
2,Friedrichshain-Kreuzberg,1P ,Briefwahlbezirk,0,0,0,0,460,460,1,459,453,6
2,Friedrichshain-Kreuzberg,101,Urnenwahlbezirk,1945,1894,51,0,236,1,3,233,225,8
2,Friedrichshain-Kreuzberg,102,Urnenwahlbezirk,933,895,38,0,123,0,3,120,116,4
2,Friedrichshain-Kreuzberg,103,Urnenwahlbezirk,786,753,33,0,103,0,0,103,103,0
2,Friedrichshain-Kreuzberg,104,Urnenwahlbezirk,945,914,31,0,142,0,1,141,137,4
2,Friedrichshain-Kreuzberg,105,Urnenwahlbezirk,3595,3357,238,0,770,4,0,770,761,9
2,Friedrichshain-Kreuzberg,106,Urnenwahlbezirk,2596,2428,168,0,639,0,0,639,631,8
2,Friedrichshain-Kreuzberg,107,Urnenwahlbezirk,1397,1302,95,0,386,2,0,386,379,7
2,Friedrichshain-Kreuzberg,108,Urnenwahlbezirk,3889,3641,248,0,909,3,3,908,896,12
2,Friedrichshain-Kreuzberg,109,Urnenwahlbezirk,928,879,49,0,272,0,0,272,265,7
2,Friedrichshain-Kreuzberg,110,Urnenwahlbezirk,2419,2270,149,0,585,8,1,584,575,9
2,Friedrichshain-Kreuzberg,111,Urnenwahlbezirk,2360,2243,117,0,596,0,0,596,590,6
2,Friedrichshain-Kreuzberg,112,Urnenwahlbezirk,2569,2439,130,0,585,2,0,587,579,8
2,Friedrichshain-Kreuzberg,113,Urnenwahlbezirk,1281,1244,37,0,163,3,0,162,152,10
2,Friedrichshain-Kreuzberg,114,Urnenwahlbezirk,915,857,58,0,153,2,0,153,148,5
2,Friedrichshain-Kreuzberg,115,Urnenwahlbezirk,1989,1898,91,0,321,4,0,321,318,3
2,Friedrichshain-Kreuzberg,116,Urnenwahlbezirk,924,869,55,0,136,1,1,135,130,5
2,Friedrichshain-Kreuzberg,117,Urnenwahlbezirk,2942,2807,135,0,509,2,0,509,489,20
2,Friedrichshain-Kreuzberg,118,Urnenwahlbezirk,915,888,27,0,198,0,0,198,192,6
2,Friedrichshain-Kreuzberg,119,Urnenwahlbezirk,1122,1047,75,0,298,0,0,298,294,4
2,Friedrichshain-Kreuzberg,120,Urnenwahlbezirk,3245,3061,184,0,884,2,0,884,878,6
2,Friedrichshain-Kreuzberg,121,Urnenwahlbezirk,1148,1060,88,0,300,2,0,300,299,1
2,Friedrichshain-Kreuzberg,122,Urnenwahlbezirk,1046,950,96,0,246,0,0,246,243,3
2,Friedrichshain-Kreuzberg,123,Urnenwahlbezirk,1953,1819,134,0,551,6,0,551,544,7
2,Friedrichshain-Kreuzberg,124,Urnenwahlbezirk,2407,2263,144,0,602,1,1,601,599,2
2,Friedrichshain-Kreuzberg,125,Urnenwahlbezirk,3440,3251,189,0,714,3,1,713,698,15
2,Friedrichshain-Kreuzberg,126,Urnenwahlbezirk,1114,1048,66,0,238,0,0,238,234,4
2,Friedrichshain-Kreuzberg,127,Urnenwahlbezirk,1374,1295,79,0,345,1,0,345,344,1
2,Friedrichshain-Kreuzberg,128,Urnenwahlbezirk,876,836,40,0,206,1,0,206,197,9
2,Friedrichshain-Kreuzberg,129,Urnenwahlbezirk,1013,965,48,0,284,1,0,284,279,5
2,Friedrichshain-Kreuzberg,130,Urnenwahlbezirk,1951,1873,78,0,292,1,0,292,286,6
2,Friedrichshain-Kreuzberg,131,Urnenwahlbezirk,1733,1664,69,0,248,0,0,248,235,13
2,Friedrichshain-Kreuzberg,132,Urnenwahlbezirk,1033,972,61,0,233,0,0,234,230,4
2,Friedrichshain-Kreuzberg,133,Urnenwahlbezirk,957,923,34,0,156,0,1,155,148,7
2,Friedrichshain-Kreuzberg,134,Urnenwahlbezirk,2399,2294,105,0,535,2,0,535,522,13
2,Friedrichshain-Kreuzberg,135,Urnenwahlbezirk,1099,1056,43,0,254,0,0,254,252,2
2,Friedrichshain-Kreuzberg,136,Urnenwahlbezirk,1208,1153,55,0,258,2,0,258,257,1
2,Friedrichshain-Kreuzberg,137,Urnenwahlbezirk,1390,1314,76,0,339,1,0,339,335,4
2,Friedrichshain-Kreuzberg,138,Urnenwahlbezirk,3155,3030,125,0,782,6,0,782,770,12
2,Friedrichshain-Kreuzberg,139,Urnenwahlbezirk,1113,1050,63,0,332,1,0,332,327,5
2,Friedrichshain-Kreuzberg,140,Urnenwahlbezirk,1813,1744,69,0,462,0,1,460,448,12
2,Friedrichshain-Kreuzberg,141,Urnenwahlbezirk,2541,2402,139,0,721,4,1,724,714,10
2,Friedrichshain-Kreuzberg,142,Urnenwahlbezirk,2284,2160,124,0,487,2,2,485,477,8
2,Friedrichshain-Kreuzberg,143,Urnenwahlbezirk,1374,1292,82,0,356,2,0,356,353,3
2,Friedrichshain-Kreuzberg,144,Urnenwahlbezirk,2368,2257,111,0,627,3,0,627,619,8
2,Friedrichshain-Kreuzberg,145,Urnenwahlbezirk,1082,1038,44,0,244,0,1,243,236,7
2,Friedrichshain-Kreuzberg,146,Urnenwahlbezirk,2139,2040,99,0,583,0,0,583,576,7
2,Friedrichshain-Kreuzberg,147,Urnenwahlbezirk,632,605,27,0,173,0,1,172,169,3
2,Friedrichshain-Kreuzberg,148,Urnenwahlbezirk,1092,1028,64,0,238,0,0,238,235,3
2,Friedrichshain-Kreuzberg,149,Urnenwahlbezirk,2436,2317,119,0,500,0,0,500,496,4
2,Friedrichshain-Kreuzberg,150,Urnenwahlbezirk,1269,1228,41,0,245,1,1,244,242,2
2,Friedrichshain-Kreuzberg,151,Urnenwahlbezirk,1206,1162,44,0,296,0,0,296,292,4
2,Friedrichshain-Kreuzberg,152,Urnenwahlbezirk,887,830,57,0,169,1,1,168,165,3
2,Friedrichshain-Kreuzberg,153,Urnenwahlbezirk,2218,2096,122,0,487,2,0,487,485,2
2,Friedrichshain-Kreuzberg,154,Urnenwahlbezirk,1319,1237,82,0,248,0,1,247,238,9
2,Friedrichshain-Kreuzberg,155,Urnenwahlbezirk,1483,1412,71,0,317,0,0,317,315,2
2,Friedrichshain-Kreuzberg,156,Urnenwahlbezirk,2476,2299,177,0,601,0,1,600,578,22
2,Friedrichshain-Kreuzberg,157,Urnenwahlbezirk,1164,1091,73,0,245,3,0,245,237,8
2,Friedrichshain-Kreuzberg,158,Urnenwahlbezirk,1200,1126,74,0,244,1,0,244,243,1
2,Friedrichshain-Kreuzberg,159,Urnenwahlbezirk,1902,1807,95,0,533,1,0,533,529,4
2,Friedrichshain-Kreuzberg,160,Urnenwahlbezirk,1458,1381,77,0,446,3,2,444,438,6
2,Friedrichshain-Kreuzberg,161,Urnenwahlbezirk,1377,1302,75,0,305,0,0,305,303,2
2,Friedrichshain-Kreuzberg,162,Urnenwahlbezirk,3917,3693,224,0,869,0,1,868,863,5
2,Friedrichshain-Kreuzberg,163,Urnenwahlbezirk,1145,1101,44,0,229,0,0,229,227,2
2,Friedrichshain-Kreuzberg,164,Urnenwahlbezirk,5392,5118,274,0,1313,3,1,1312,1299,13
2,Friedrichshain-Kreuzberg,165,Urnenwahlbezirk,2572,2418,154,0,547,5,1,546,539,7
2,Friedrichshain-Kreuzberg,166,Urnenwahlbezirk,4071,3886,185,0,991,2,0,991,981,10
2,Friedrichshain-Kreuzberg,167,Urnenwahlbezirk,2521,2416,105,0,638,4,0,638,634,4
2,Friedrichshain-Kreuzberg,168,Urnenwahlbezirk,3736,3560,176,0,793,1,1,793,785,8
2,Friedrichshain-Kreuzberg,169,Urnenwahlbezirk,1410,1365,45,0,315,2,1,314,306,8
2,Friedrichshain-Kreuzberg,170,Urnenwahlbezirk,2542,2408,134,0,573,1,0,574,561,13
2,Friedrichshain-Kreuzberg,171,Urnenwahlbezirk,1376,1311,65,0,319,0,0,319,317,2
2,Friedrichshain-Kreuzberg,172,Urnenwahlbezirk,4134,3878,256,0,861,1,0,860,845,15
2,Friedrichshain-Kreuzberg,173,Urnenwahlbezirk,3910,3646,264,0,800,2,0,800,793,7
2,Friedrichshain-Kreuzberg,174,Urnenwahlbezirk,1457,1383,74,0,341,0,1,340,335,5
2,Friedrichshain-Kreuzberg,175,Urnenwahlbezirk,2542,2425,117,0,590,2,0,589,576,13
2,Friedrichshain-Kreuzberg,176,Urnenwahlbezirk,3606,3432,174,0,683,1,0,683,675,8
2,Friedrichshain-Kreuzberg,177,Urnenwahlbezirk,2816,2683,133,0,556,0,5,551,542,9
2,Friedrichshain-Kreuzberg,178,Urnenwahlbezirk,1214,1146,68,0,336,0,0,336,330,6
2,Friedrichshain-Kreuzberg,179,Urnenwahlbezirk,1530,1457,73,0,373,1,0,373,369,4
2,Friedrichshain-Kreuzberg,180,Urnenwahlbezirk,4265,4012,253,0,914,1,0,914,904,10
2,Friedrichshain-Kreuzberg,181,Urnenwahlbezirk,907,852,55,0,251,1,0,251,248,3
2,Friedrichshain-Kreuzberg,182,Urnenwahlbezirk,1292,1205,87,0,279,0,0,279,275,4
2,Friedrichshain-Kreuzberg,183,Urnenwahlbezirk,2602,2475,127,0,497,0,0,497,488,9
2,Friedrichshain-Kreuzberg,184,Urnenwahlbezirk,1251,1179,72,0,279,0,0,279,267,12
2,Friedrichshain-Kreuzberg,185,Urnenwahlbezirk,2363,2178,185,0,590,2,1,589,575,14
2,Friedrichshain-Kreuzberg,186,Urnenwahlbezirk,1998,1891,107,0,582,1,0,582,559,23
2,Friedrichshain-Kreuzberg,187,Urnenwahlbezirk,2317,2164,153,0,474,0,1,473,464,9
3,Pankow,1A ,Briefwahlbezirk,0,0,0,0,870,870,1,869,854,15
3,Pankow,1B ,Briefwahlbezirk,0,0,0,0,868,868,1,867,852,15
3,Pankow,2A ,Briefwahlbezirk,0,0,0,0,857,857,1,856,842,14
3,Pankow,2B ,Briefwahlbezirk,0,0,0,0,846,846,0,846,824,22
3,Pankow,3A ,Briefwahlbezirk,0,0,0,0,950,950,0,950,926,24
3,Pankow,3B ,Briefwahlbezirk,0,0,0,0,844,844,1,843,827,16
3,Pankow,4A ,Briefwahlbezirk,0,0,0,0,850,850,0,850,829,21
3,Pankow,4B ,Briefwahlbezirk,0,0,0,0,859,859,1,858,838,20
3,Pankow,5A ,Briefwahlbezirk,0,0,0,0,857,857,0,857,835,22
3,Pankow,5B ,Briefwahlbezirk,0,0,0,0,886,886,0,886,862,24
3,Pankow,6A ,Briefwahlbezirk,0,0,0,0,851,851,0,851,830,21
3,Pankow,6B ,Briefwahlbezirk,0,0,0,0,849,849,0,849,836,13
3,Pankow,7A ,Briefwahlbezirk,0,0,0,0,852,852,2,850,836,14
3,Pankow,7B ,Briefwahlbezirk,0,0,0,0,855,855,1,854,841,13
3,Pankow,8A ,Briefwahlbezirk,0,0,0,0,862,862,2,860,847,13
3,Pankow,8B ,Briefwahlbezirk,0,0,0,0,854,854,0,854,832,22
3,Pankow,9A ,Briefwahlbezirk,0,0,0,0,857,857,0,857,844,13
3,Pankow,9B ,Briefwahlbezirk,0,0,0,0,855,855,5,850,839,11
3,Pankow,101,Urnenwahlbezirk,2050,1893,157,0,423,3,1,422,421,1
3,Pankow,102,Urnenwahlbezirk,2162,2012,150,0,391,0,0,391,385,6
3,Pankow,103,Urnenwahlbezirk,1550,1470,80,0,342,0,0,342,339,3
3,Pankow,104,Urnenwahlbezirk,3201,3051,150,0,583,0,1,582,565,17
3,Pankow,105,Urnenwahlbezirk,1885,1790,95,0,340,0,0,340,334,6
3,Pankow,106,Urnenwahlbezirk,1911,1863,48,0,269,1,0,269,264,5
3,Pankow,107,Urnenwahlbezirk,4262,4073,189,0,860,3,1,859,851,8
3,Pankow,108,Urnenwahlbezirk,3494,3264,230,0,941,2,0,941,933,8
3,Pankow,109,Urnenwahlbezirk,1967,1855,112,0,479,0,2,477,463,14
3,Pankow,110,Urnenwahlbezirk,3480,3209,271,0,1216,2,1,1215,1195,20
3,Pankow,111,Urnenwahlbezirk,1987,1858,129,0,452,0,0,452,442,10
3,Pankow,112,Urnenwahlbezirk,4029,3743,286,0,1130,6,0,1130,1120,10
3,Pankow,113,Urnenwahlbezirk,1920,1797,123,0,424,0,0,424,418,6
3,Pankow,201,Urnenwahlbezirk,810,789,21,0,303,2,0,303,300,3
3,Pankow,202,Urnenwahlbezirk,630,604,26,0,177,0,0,177,174,3
3,Pankow,203,Urnenwahlbezirk,3735,3586,149,0,848,1,0,848,837,11
3,Pankow,204,Urnenwahlbezirk,1758,1652,106,0,403,0,0,403,396,7
3,Pankow,205,Urnenwahlbezirk,4296,3945,351,0,1075,4,1,1074,1066,8
3,Pankow,206,Urnenwahlbezirk,2115,1953,162,0,611,0,0,611,605,6
3,Pankow,207,Urnenwahlbezirk,3760,3503,257,0,960,0,0,960,948,12
3,Pankow,208,Urnenwahlbezirk,1820,1691,129,0,461,1,0,461,459,2
3,Pankow,209,Urnenwahlbezirk,2021,1818,203,0,543,1,1,542,538,4
3,Pankow,210,Urnenwahlbezirk,3791,3538,253,0,872,1,0,872,863,9
3,Pankow,211,Urnenwahlbezirk,1914,1793,121,0,501,0,0,501,488,13
3,Pankow,212,Urnenwahlbezirk,1876,1690,186,0,464,1,1,463,458,5
3,Pankow,213,Urnenwahlbezirk,1581,1489,92,0,376,1,0,376,370,6
3,Pankow,214,Urnenwahlbezirk,1628,1506,122,0,332,0,0,332,325,7
3,Pankow,301,Urnenwahlbezirk,4014,3718,296,0,1115,4,0,1115,1102,13
3,Pankow,302,Urnenwahlbezirk,4037,3794,243,0,1006,3,2,1004,981,23
3,Pankow,303,Urnenwahlbezirk,1931,1807,124,0,541,1,0,541,533,8
3,Pankow,304,Urnenwahlbezirk,3507,3237,270,0,917,2,0,917,912,5
3,Pankow,305,Urnenwahlbezirk,3491,3268,223,0,912,0,0,912,901,11
3,Pankow,306,Urnenwahlbezirk,1659,1506,153,0,463,4,0,463,462,1
3,Pankow,307,Urnenwahlbezirk,1599,1498,101,0,399,3,0,399,392,7
3,Pankow,308,Urnenwahlbezirk,1883,1738,144,1,531,1,1,530,520,10
3,Pankow,309,Urnenwahlbezirk,1756,1621,135,0,436,0,0,436,432,4
3,Pankow,310,Urnenwahlbezirk,3869,3599,270,0,916,0,0,916,900,16
3,Pankow,311,Urnenwahlbezirk,3722,3485,237,0,812,2,0,812,799,13
3,Pankow,401,Urnenwahlbezirk,4215,4029,186,0,900,0,2,898,879,19
3,Pankow,402,Urnenwahlbezirk,4118,3847,271,0,871,5,0,871,859,12
3,Pankow,403,Urnenwahlbezirk,1907,1830,77,0,344,0,1,343,332,11
3,Pankow,404,Urnenwahlbezirk,3991,3766,225,0,817,1,0,817,812,5
3,Pankow,405,Urnenwahlbezirk,2030,1933,97,0,430,0,0,430,423,7
3,Pankow,406,Urnenwahlbezirk,3973,3734,239,0,879,0,2,877,863,14
3,Pankow,407,Urnenwahlbezirk,1580,1464,116,0,421,2,0,421,417,4
3,Pankow,408,Urnenwahlbezirk,1881,1750,131,0,384,0,0,384,382,2
3,Pankow,409,Urnenwahlbezirk,3985,3607,378,0,1054,3,2,1052,1044,8
3,Pankow,410,Urnenwahlbezirk,1909,1757,152,0,443,0,1,442,437,5
3,Pankow,501,Urnenwahlbezirk,3390,3187,203,0,977,2,1,976,958,18
3,Pankow,502,Urnenwahlbezirk,1326,1247,79,0,343,0,0,343,335,8
3,Pankow,503,Urnenwahlbezirk,3676,3428,248,0,756,2,0,756,741,15
3,Pankow,504,Urnenwahlbezirk,2234,2129,105,0,584,2,0,584,578,6
3,Pankow,505,Urnenwahlbezirk,3827,3556,271,0,933,0,1,932,922,10
3,Pankow,506,Urnenwahlbezirk,3298,3054,244,0,755,1,0,755,738,17
3,Pankow,507,Urnenwahlbezirk,4030,3791,239,0,957,1,0,957,941,16
3,Pankow,508,Urnenwahlbezirk,4040,3829,211,0,834,1,0,834,820,14
3,Pankow,509,Urnenwahlbezirk,3006,2796,210,0,774,3,0,774,762,12
3,Pankow,510,Urnenwahlbezirk,1274,1202,72,0,411,3,1,410,407,3
3,Pankow,601,Urnenwahlbezirk,3873,3690,183,0,787,1,0,787,777,10
3,Pankow,602,Urnenwahlbezirk,3113,2959,154,0,726,4,2,724,714,10
3,Pankow,603,Urnenwahlbezirk,3388,3197,191,0,864,3,1,863,855,8
3,Pankow,604,Urnenwahlbezirk,3365,3185,180,0,806,2,0,806,799,7
3,Pankow,605,Urnenwahlbezirk,1711,1628,83,0,412,1,0,412,410,2
3,Pankow,606,Urnenwahlbezirk,3187,2975,212,0,647,1,1,646,639,7
3,Pankow,607,Urnenwahlbezirk,3034,2824,210,0,623,6,1,622,616,6
3,Pankow,608,Urnenwahlbezirk,3363,3152,211,0,700,1,0,700,696,4
3,Pankow,609,Urnenwahlbezirk,1865,1755,110,0,366,0,0,366,361,5
3,Pankow,610,Urnenwahlbezirk,3261,3068,193,0,615,0,0,615,610,5
3,Pankow,611,Urnenwahlbezirk,1753,1653,100,0,359,1,0,359,354,5
3,Pankow,701,Urnenwahlbezirk,1947,1869,78,0,313,1,0,313,308,5
3,Pankow,702,Urnenwahlbezirk,4065,3914,151,0,674,1,0,674,659,15
3,Pankow,703,Urnenwahlbezirk,3880,3685,195,0,713,3,1,712,702,10
3,Pankow,704,Urnenwahlbezirk,3966,3726,240,0,673,1,0,673,662,11
3,Pankow,705,Urnenwahlbezirk,3429,3247,182,0,693,2,0,693,686,7
3,Pankow,706,Urnenwahlbezirk,3085,2911,174,0,818,2,1,817,810,7
3,Pankow,707,Urnenwahlbezirk,3649,3420,229,0,797,0,0,797,785,12
3,Pankow,708,Urnenwahlbezirk,3642,3403,239,0,798,0,2,796,786,10
3,Pankow,709,Urnenwahlbezirk,3157,2981,176,0,638,2,0,638,626,12
3,Pankow,801,Urnenwahlbezirk,1995,1874,121,0,438,0,2,436,427,9
3,Pankow,802,Urnenwahlbezirk,3269,3064,205,0,725,5,1,724,717,7
3,Pankow,803,Urnenwahlbezirk,2747,2588,159,0,584,2,0,584,571,13
3,Pankow,804,Urnenwahlbezirk,3274,3094,180,0,684,1,0,684,673,11
3,Pankow,805,Urnenwahlbezirk,1779,1669,110,0,439,0,0,439,431,8
3,Pankow,806,Urnenwahlbezirk,3260,3022,238,0,678,2,1,677,672,5
3,Pankow,807,Urnenwahlbezirk,3187,2924,263,0,735,9,1,734,722,12
3,Pankow,808,Urnenwahlbezirk,1526,1431,95,0,337,1,1,336,334,2
3,Pankow,809,Urnenwahlbezirk,3023,2810,213,0,654,6,0,654,652,2
3,Pankow,810,Urnenwahlbezirk,2965,2749,216,0,557,3,3,554,542,12
3,Pankow,811,Urnenwahlbezirk,2160,2017,143,0,418,6,0,418,413,5
3,Pankow,901,Urnenwahlbezirk,3073,2930,143,0,836,1,0,836,825,11
3,Pankow,902,Urnenwahlbezirk,3285,3143,142,0,704,3,0,704,693,11
3,Pankow,903,Urnenwahlbezirk,2149,2037,112,0,587,0,1,586,574,12
3,Pankow,904,Urnenwahlbezirk,3906,3647,259,0,1046,2,0,1046,1021,25
3,Pankow,905,Urnenwahlbezirk,1949,1843,106,0,439,1,0,439,434,5
3,Pankow,906,Urnenwahlbezirk,4180,3845,335,0,973,3,3,970,951,19
3,Pankow,907,Urnenwahlbezirk,3720,3518,202,0,693,4,0,693,681,12
3,Pankow,908,Urnenwahlbezirk,3542,3355,187,0,795,0,4,791,782,9
3,Pankow,909,Urnenwahlbezirk,1878,1787,91,0,372,0,0,372,364,8
3,Pankow,910,Urnenwahlbezirk,3185,3002,183,0,694,1,0,694,686,8
3,Pankow,911,Urnenwahlbezirk,3420,3224,196,0,846,8,0,846,838,8
4,Charlottenburg-Wilmersdorf,1A ,Briefwahlbezirk,0,0,0,0,497,497,1,496,486,10
4,Charlottenburg-Wilmersdorf,1B ,Briefwahlbezirk,0,0,0,0,531,531,0,531,521,10
4,Charlottenburg-Wilmersdorf,1C ,Briefwahlbezirk,0,0,0,0,510,510,2,508,504,4
4,Charlottenburg-Wilmersdorf,1D ,Briefwahlbezirk,0,0,0,0,472,472,1,471,465,6
4,Charlottenburg-Wilmersdorf,1E ,Briefwahlbezirk,0,0,0,0,545,545,0,545,539,6
4,Charlottenburg-Wilmersdorf,1F ,Briefwahlbezirk,0,0,0,0,509,509,2,507,500,7
4,Charlottenburg-Wilmersdorf,1G ,Briefwahlbezirk,0,0,0,0,473,473,0,473,458,15
4,Charlottenburg-Wilmersdorf,1H ,Briefwahlbezirk,0,0,0,0,468,468,0,468,459,9
4,Charlottenburg-Wilmersdorf,1I ,Briefwahlbezirk,0,0,0,0,478,478,0,478,468,10
4,Charlottenburg-Wilmersdorf,1J ,Briefwahlbezirk,0,0,0,0,441,441,0,441,435,6
4,Charlottenburg-Wilmersdorf,1K ,Briefwahlbezirk,0,0,0,0,433,433,1,432,424,8
4,Charlottenburg-Wilmersdorf,1L ,Briefwahlbezirk,0,0,0,0,516,516,0,516,511,5
4,Charlottenburg-Wilmersdorf,1M ,Briefwahlbezirk,0,0,0,0,465,465,1,464,452,12
4,Charlottenburg-Wilmersdorf,1N ,Briefwahlbezirk,0,0,0,0,517,517,0,517,506,11
4,Charlottenburg-Wilmersdorf,1O ,Briefwahlbezirk,0,0,0,0,487,487,0,487,477,10
4,Charlottenburg-Wilmersdorf,1P ,Briefwahlbezirk,0,0,0,0,460,460,0,460,450,10
4,Charlottenburg-Wilmersdorf,1Q ,Briefwahlbezirk,0,0,0,0,440,440,0,440,431,9
4,Charlottenburg-Wilmersdorf,1R ,Briefwahlbezirk,0,0,0,0,492,492,0,492,485,7
4,Charlottenburg-Wilmersdorf,1S ,Briefwahlbezirk,0,0,0,0,512,512,1,511,493,18
4,Charlottenburg-Wilmersdorf,1T ,Briefwahlbezirk,0,0,0,0,465,465,0,465,459,6
4,Charlottenburg-Wilmersdorf,1U ,Briefwahlbezirk,0,0,0,0,505,505,0,505,491,14
4,Charlottenburg-Wilmersdorf,1V ,Briefwahlbezirk,0,0,0,0,463,463,3,460,452,8
4,Charlottenburg-Wilmersdorf,1W ,Briefwahlbezirk,0,0,0,0,469,469,0,469,456,13
4,Charlottenburg-Wilmersdorf,1X ,Briefwahlbezirk,0,0,0,0,491,491,3,488,480,8
4,Charlottenburg-Wilmersdorf,1Y ,Briefwahlbezirk,0,0,0,0,465,465,0,465,455,10
4,Charlottenburg-Wilmersdorf,101,Urnenwahlbezirk,3396,3241,155,0,534,2,1,533,523,10
4,Charlottenburg-Wilmersdorf,102,Urnenwahlbezirk,3589,3407,182,0,483,2,1,482,471,11
4,Charlottenburg-Wilmersdorf,103,Urnenwahlbezirk,2447,2326,121,0,399,0,0,399,388,11
4,Charlottenburg-Wilmersdorf,104,Urnenwahlbezirk,3117,2967,150,0,454,0,0,454,446,8
4,Charlottenburg-Wilmersdorf,105,Urnenwahlbezirk,2559,2438,121,0,365,0,0,365,357,8
4,Charlottenburg-Wilmersdorf,106,Urnenwahlbezirk,2753,2616,137,0,537,2,0,537,530,7
4,Charlottenburg-Wilmersdorf,107,Urnenwahlbezirk,4266,4043,223,0,747,4,2,745,739,6
4,Charlottenburg-Wilmersdorf,108,Urnenwahlbezirk,936,870,66,0,251,0,0,251,251,0
4,Charlottenburg-Wilmersdorf,109,Urnenwahlbezirk,2551,2341,210,0,467,0,0,467,459,8
4,Charlottenburg-Wilmersdorf,110,Urnenwahlbezirk,3063,2830,233,0,597,1,1,596,590,6
4,Charlottenburg-Wilmersdorf,111,Urnenwahlbezirk,3526,3285,241,0,836,2,0,836,823,13
4,Charlottenburg-Wilmersdorf,112,Urnenwahlbezirk,2532,2357,175,0,539,1,0,539,529,10
4,Charlottenburg-Wilmersdorf,113,Urnenwahlbezirk,3217,3088,129,0,474,0,0,474,465,9
4,Charlottenburg-Wilmersdorf,114,Urnenwahlbezirk,2690,2465,225,0,536,3,1,535,530,5
4,Charlottenburg-Wilmersdorf,115,Urnenwahlbezirk,2507,2291,216,0,568,6,0,568,561,7
4,Charlottenburg-Wilmersdorf,116,Urnenwahlbezirk,3754,3507,247,0,691,1,2,689,682,7
4,Charlottenburg-Wilmersdorf,117,Urnenwahlbezirk,1273,1149,124,0,253,4,0,253,246,7
4,Charlottenburg-Wilmersdorf,118,Urnenwahlbezirk,3001,2801,200,0,630,2,1,629,618,11
4,Charlottenburg-Wilmersdorf,119,Urnenwahlbezirk,1514,1441,73,0,263,0,0,263,258,5
4,Charlottenburg-Wilmersdorf,120,Urnenwahlbezirk,1109,1014,95,0,315,0,1,314,306,8
4,Charlottenburg-Wilmersdorf,121,Urnenwahlbezirk,2334,2202,132,0,440,0,0,440,427,13
4,Charlottenburg-Wilmersdorf,122,Urnenwahlbezirk,2627,2491,136,0,490,0,0,490,486,4
4,Charlottenburg-Wilmersdorf,123,Urnenwahlbezirk,2278,2146,132,0,517,0,0,517,510,7
4,Charlottenburg-Wilmersdorf,124,Urnenwahlbezirk,2454,2331,123,0,534,0,0,534,527,7
4,Charlottenburg-Wilmersdorf,125,Urnenwahlbezirk,2394,2268,126,0,551,2,0,551,544,7
4,Charlottenburg-Wilmersdorf,126,Urnenwahlbezirk,2704,2533,171,0,632,1,0,632,620,12
4,Charlottenburg-Wilmersdorf,127,Urnenwahlbezirk,1530,1427,103,0,317,0,0,317,313,4
4,Charlottenburg-Wilmersdorf,128,Urnenwahlbezirk,2510,2352,158,0,565,8,0,565,563,2
4,Charlottenburg-Wilmersdorf,129,Urnenwahlbezirk,2609,2430,179,0,513,5,0,513,511,2
4,Charlottenburg-Wilmersdorf,130,Urnenwahlbezirk,1489,1378,111,0,254,0,0,254,248,6
4,Charlottenburg-Wilmersdorf,131,Urnenwahlbezirk,2638,2487,151,0,531,2,0,531,525,6
4,Charlottenburg-Wilmersdorf,132,Urnenwahlbezirk,2424,2270,154,0,447,1,0,447,444,3
4,Charlottenburg-Wilmersdorf,133,Urnenwahlbezirk,2404,2260,144,0,411,0,0,411,406,5
4,Charlottenburg-Wilmersdorf,134,Urnenwahlbezirk,1498,1407,91,0,256,0,0,256,253,3
4,Charlottenburg-Wilmersdorf,135,Urnenwahlbezirk,2434,2291,143,0,393,3,0,393,389,4
4,Charlottenburg-Wilmersdorf,136,Urnenwahlbezirk,2588,2426,162,0,424,0,0,424,420,4
4,Charlottenburg-Wilmersdorf,137,Urnenwahlbezirk,2604,2415,189,0,328,0,0,328,324,4
4,Charlottenburg-Wilmersdorf,138,Urnenwahlbezirk,2533,2403,130,0,396,0,1,395,391,4
4,Charlottenburg-Wilmersdorf,139,Urnenwahlbezirk,2427,2293,134,0,392,3,1,391,386,5
4,Charlottenburg-Wilmersdorf,140,Urnenwahlbezirk,2444,2278,166,0,415,2,0,415,410,5
4,Charlottenburg-Wilmersdorf,141,Urnenwahlbezirk,2767,2598,169,0,515,4,0,515,512,3
4,Charlottenburg-Wilmersdorf,142,Urnenwahlbezirk,2869,2679,190,0,482,0,0,482,477,5
4,Charlottenburg-Wilmersdorf,143,Urnenwahlbezirk,2380,2213,167,0,330,0,0,330,324,6
4,Charlottenburg-Wilmersdorf,144,Urnenwahlbezirk,2347,2200,147,0,383,1,0,383,382,1
4,Charlottenburg-Wilmersdorf,145,Urnenwahlbezirk,2464,2359,105,0,277,0,0,277,270,7
4,Charlottenburg-Wilmersdorf,146,Urnenwahlbezirk,2365,2217,148,0,326,0,0,326,320,6
4,Charlottenburg-Wilmersdorf,147,Urnenwahlbezirk,2597,2441,156,0,424,1,0,424,419,5
4,Charlottenburg-Wilmersdorf,148,Urnenwahlbezirk,1966,1822,144,0,372,0,0,372,365,7
4,Charlottenburg-Wilmersdorf,149,Urnenwahlbezirk,2258,2116,142,0,261,0,0,261,258,3
4,Charlottenburg-Wilmersdorf,150,Urnenwahlbezirk,2553,2358,195,0,343,1,0,343,338,5
4,Charlottenburg-Wilmersdorf,151,Urnenwahlbezirk,2192,2093,99,0,385,1,0,385,380,5
4,Charlottenburg-Wilmersdorf,152,Urnenwahlbezirk,1402,1327,75,0,280,0,0,280,277,3
4,Charlottenburg-Wilmersdorf,153,Urnenwahlbezirk,2698,2550,148,0,512,0,1,511,504,7
4,Charlottenburg-Wilmersdorf,154,Urnenwahlbezirk,2437,2275,162,0,371,1,0,371,366,5
4,Charlottenburg-Wilmersdorf,155,Urnenwahlbezirk,3383,3109,274,0,469,1,0,469,468,1
4,Charlottenburg-Wilmersdorf,156,Urnenwahlbezirk,2680,2500,180,0,482,0,0,482,475,7
4,Charlottenburg-Wilmersdorf,157,Urnenwahlbezirk,2705,2537,168,0,497,0,0,497,491,6
4,Charlottenburg-Wilmersdorf,158,Urnenwahlbezirk,2186,2078,108,0,355,0,0,355,352,3
4,Charlottenburg-Wilmersdorf,159,Urnenwahlbezirk,2134,1954,180,0,380,0,1,379,372,7
4,Charlottenburg-Wilmersdorf,160,Urnenwahlbezirk,2613,2387,226,0,366,2,1,365,361,4
4,Charlottenburg-Wilmersdorf,161,Urnenwahlbezirk,3709,3427,282,0,747,2,0,747,733,14
4,Charlottenburg-Wilmersdorf,162,Urnenwahlbezirk,2128,2016,112,0,349,1,0,349,339,10
4,Charlottenburg-Wilmersdorf,163,Urnenwahlbezirk,2314,2189,125,0,374,1,0,374,369,5
4,Charlottenburg-Wilmersdorf,164,Urnenwahlbezirk,2745,2623,122,0,634,1,0,634,623,11
4,Charlottenburg-Wilmersdorf,165,Urnenwahlbezirk,2150,2028,122,0,431,1,0,431,427,4
4,Charlottenburg-Wilmersdorf,166,Urnenwahlbezirk,3437,3240,197,0,588,5,2,586,581,5
4,Charlottenburg-Wilmersdorf,167,Urnenwahlbezirk,2369,2218,151,0,456,0,1,455,450,5
4,Charlottenburg-Wilmersdorf,168,Urnenwahlbezirk,2677,2518,159,0,565,1,0,565,555,10
4,Charlottenburg-Wilmersdorf,169,Urnenwahlbezirk,2358,2161,197,0,435,1,0,435,432,3
4,Charlottenburg-Wilmersdorf,170,Urnenwahlbezirk,2239,2131,108,0,429,0,0,429,428,1
4,Charlottenburg-Wilmersdorf,171,Urnenwahlbezirk,2695,2524,171,0,562,0,0,562,553,9
4,Charlottenburg-Wilmersdorf,172,Urnenwahlbezirk,2529,2355,174,0,524,1,0,524,520,4
4,Charlottenburg-Wilmersdorf,173,Urnenwahlbezirk,2832,2680,152,0,634,0,0,634,629,5
4,Charlottenburg-Wilmersdorf,174,Urnenwahlbezirk,2397,2288,109,0,459,0,0,459,457,2
4,Charlottenburg-Wilmersdorf,175,Urnenwahlbezirk,2776,2591,185,0,635,1,0,635,624,11
4,Charlottenburg-Wilmersdorf,176,Urnenwahlbezirk,2965,2814,151,0,744,0,0,744,731,13
4,Charlottenburg-Wilmersdorf,177,Urnenwahlbezirk,2954,2774,180,0,827,1,1,826,822,4
4,Charlottenburg-Wilmersdorf,178,Urnenwahlbezirk,2895,2665,230,0,706,0,0,706,700,6
4,Charlottenburg-Wilmersdorf,179,Urnenwahlbezirk,2784,2584,200,0,646,2,2,644,633,11
4,Charlottenburg-Wilmersdorf,180,Urnenwahlbezirk,2784,2585,199,0,731,2,2,729,711,18
4,Charlottenburg-Wilmersdorf,181,Urnenwahlbezirk,1421,1351,70,0,289,1,0,289,286,3
4,Charlottenburg-Wilmersdorf,182,Urnenwahlbezirk,1475,1329,146,0,355,1,0,355,353,2
4,Charlottenburg-Wilmersdorf,183,Urnenwahlbezirk,1402,1299,103,0,308,0,0,308,303,5
4,Charlottenburg-Wilmersdorf,184,Urnenwahlbezirk,2427,2275,152,0,542,1,0,542,534,8
4,Charlottenburg-Wilmersdorf,185,Urnenwahlbezirk,1233,1164,69,0,336,1,0,336,327,9
4,Charlottenburg-Wilmersdorf,186,Urnenwahlbezirk,2324,2170,154,0,461,0,1,460,451,9
4,Charlottenburg-Wilmersdorf,187,Urnenwahlbezirk,1581,1532,49,0,229,0,0,229,227,2
4,Charlottenburg-Wilmersdorf,188,Urnenwahlbezirk,1343,1290,53,0,244,0,0,244,243,1
5,Spandau,1A ,Briefwahlbezirk,0,0,0,0,386,386,1,385,376,9
5,Spandau,1B ,Briefwahlbezirk,0,0,0,0,409,409,0,409,395,14
5,Spandau,1C ,Briefwahlbezirk,0,0,0,0,402,402,0,402,397,5
5,Spandau,1D ,Briefwahlbezirk,0,0,0,0,435,435,0,435,425,10
5,Spandau,1E ,Briefwahlbezirk,0,0,0,0,464,464,2,462,454,8
5,Spandau,1F ,Briefwahlbezirk,0,0,0,0,420,420,0,420,410,10
5,Spandau,1G ,Briefwahlbezirk,0,0,0,0,455,455,0,455,443,12
5,Spandau,1H ,Briefwahlbezirk,0,0,0,0,397,397,0,397,390,7
5,Spandau,1I ,Briefwahlbezirk,0,0,0,0,429,429,0,429,422,7
5,Spandau,1J ,Briefwahlbezirk,0,0,0,0,439,439,0,439,429,10
5,Spandau,1K ,Briefwahlbezirk,0,0,0,0,435,435,1,434,430,4
5,Spandau,1L ,Briefwahlbezirk,0,0,0,0,437,437,0,437,429,8
5,Spandau,1M ,Briefwahlbezirk,0,0,0,0,445,445,1,444,435,9
5,Spandau,1N ,Briefwahlbezirk,0,0,0,0,393,393,0,393,383,10
5,Spandau,1O ,Briefwahlbezirk,0,0,0,0,465,465,1,464,455,9
5,Spandau,1P ,Briefwahlbezirk,0,0,0,0,432,432,0,432,422,10
5,Spandau,1Q ,Briefwahlbezirk,0,0,0,0,438,438,0,438,426,12
5,Spandau,1R ,Briefwahlbezirk,0,0,0,0,493,493,1,492,481,11
5,Spandau,1S ,Briefwahlbezirk,0,0,0,0,425,425,1,424,415,9
5,Spandau,1T ,Briefwahlbezirk,0,0,0,0,472,472,0,472,456,16
5,Spandau,101,Urnenwahlbezirk,846,805,41,0,164,2,0,164,163,1
5,Spandau,102,Urnenwahlbezirk,956,899,57,0,146,0,0,146,144,2
5,Spandau,103,Urnenwahlbezirk,1115,1019,96,0,401,0,0,401,400,1
5,Spandau,104,Urnenwahlbezirk,1853,1784,69,0,306,0,0,306,302,4
5,Spandau,105,Urnenwahlbezirk,1827,1710,117,0,425,0,0,425,418,7
5,Spandau,106,Urnenwahlbezirk,2554,2361,193,0,417,3,0,417,407,10
5,Spandau,107,Urnenwahlbezirk,2109,1911,198,0,547,0,0,547,531,16
5,Spandau,108,Urnenwahlbezirk,1934,1798,136,0,414,1,0,414,406,8
5,Spandau,109,Urnenwahlbezirk,1055,1004,51,0,232,0,0,232,229,3
5,Spandau,110,Urnenwahlbezirk,1302,1219,83,0,120,0,0,120,120,0
5,Spandau,111,Urnenwahlbezirk,951,929,22,0,177,0,0,177,174,3
5,Spandau,112,Urnenwahlbezirk,845,824,21,0,144,0,1,143,139,4
5,Spandau,113,Urnenwahlbezirk,1136,1047,89,0,367,0,1,366,362,4
5,Spandau,114,Urnenwahlbezirk,848,816,32,0,156,0,0,156,150,6
5,Spandau,115,Urnenwahlbezirk,1130,1084,46,0,201,2,0,201,195,6
5,Spandau,116,Urnenwahlbezirk,2958,2770,188,0,600,1,0,600,583,17
5,Spandau,117,Urnenwahlbezirk,2083,1988,95,0,357,0,2,355,350,5
5,Spandau,118,Urnenwahlbezirk,2661,2559,102,0,335,0,1,334,315,19
5,Spandau,119,Urnenwahlbezirk,898,880,18,0,115,0,0,115,108,7
5,Spandau,120,Urnenwahlbezirk,1768,1714,54,0,280,0,0,280,272,8
5,Spandau,121,Urnenwahlbezirk,863,818,45,0,172,0,0,172,168,4
5,Spandau,122,Urnenwahlbezirk,1112,1080,32,0,230,0,0,230,222,8
5,Spandau,123,Urnenwahlbezirk,1150,1111,39,0,168,0,0,168,165,3
5,Spandau,124,Urnenwahlbezirk,722,693,29,0,153,4,0,153,150,3
5,Spandau,125,Urnenwahlbezirk,666,653,13,0,66,2,0,66,66,0
5,Spandau,126,Urnenwahlbezirk,1179,1146,33,0,130,0,0,130,127,3
5,Spandau,127,Urnenwahlbezirk,1555,1500,55,0,249,0,2,247,241,6
5,Spandau,128,Urnenwahlbezirk,2202,2127,75,0,292,0,0,292,279,13
5,Spandau,129,Urnenwahlbezirk,850,811,39,0,175,0,0,175,171,4
5,Spandau,130,Urnenwahlbezirk,1896,1790,106,0,371,0,0,371,362,9
5,Spandau,131,Urnenwahlbezirk,1671,1599,72,0,319,0,1,318,309,9
5,Spandau,132,Urnenwahlbezirk,1964,1776,188,0,508,1,0,508,500,8
5,Spandau,133,Urnenwahlbezirk,2234,2098,136,0,626,2,1,625,611,14
5,Spandau,134,Urnenwahlbezirk,3329,3044,285,0,735,1,2,733,717,16
5,Spandau,135,Urnenwahlbezirk,1909,1805,104,0,350,0,0,350,343,7
5,Spandau,136,Urnenwahlbezirk,2059,1955,104,0,399,0,1,398,382,16
5,Spandau,137,Urnenwahlbezirk,841,784,57,0,191,0,0,191,186,5
5,Spandau,138,Urnenwahlbezirk,2963,2805,158,0,536,0,0,536,523,13
5,Spandau,139,Urnenwahlbezirk,2547,2433,114,0,378,3,0,378,369,9
5,Spandau,140,Urnenwahlbezirk,2310,2178,132,0,326,0,1,325,315,10
5,Spandau,141,Urnenwahlbezirk,1797,1697,100,0,436,0,1,435,429,6
5,Spandau,142,Urnenwahlbezirk,2628,2540,88,0,354,0,0,354,350,4
5,Spandau,143,Urnenwahlbezirk,1667,1582,85,0,263,0,0,263,255,8
5,Spandau,144,Urnenwahlbezirk,1513,1410,103,0,247,0,0,247,243,4
5,Spandau,145,Urnenwahlbezirk,2197,2090,107,0,386,0,1,385,381,4
5,Spandau,146,Urnenwahlbezirk,2376,2275,101,0,318,0,0,318,303,15
5,Spandau,147,Urnenwahlbezirk,2564,2447,117,0,530,0,2,528,520,8
5,Spandau,148,Urnenwahlbezirk,930,902,28,0,146,0,1,145,143,2
5,Spandau,149,Urnenwahlbezirk,1989,1843,146,0,442,0,1,441,432,9
5,Spandau,150,Urnenwahlbezirk,2740,2612,128,0,505,0,0,505,499,6
5,Spandau,151,Urnenwahlbezirk,939,888,51,0,189,0,0,189,182,7
5,Spandau,152,Urnenwahlbezirk,1945,1819,126,0,406,0,0,406,400,6
5,Spandau,153,Urnenwahlbezirk,1811,1712,99,0,380,1,0,380,378,2
5,Spandau,154,Urnenwahlbezirk,1739,1604,135,0,297,0,0,297,293,4
5,Spandau,155,Urnenwahlbezirk,1604,1492,112,0,282,0,0,282,277,5
5,Spandau,156,Urnenwahlbezirk,1050,1027,23,0,215,0,0,215,209,6
5,Spandau,157,Urnenwahlbezirk,1863,1730,133,0,354,0,0,354,343,11
5,Spandau,158,Urnenwahlbezirk,2727,2556,171,0,533,0,2,531,522,9
5,Spandau,159,Urnenwahlbezirk,1662,1587,75,0,261,0,0,261,256,5
5,Spandau,160,Urnenwahlbezirk,2917,2789,128,0,519,0,0,519,513,6
5,Spandau,161,Urnenwahlbezirk,1993,1908,85,0,309,1,0,309,301,8
5,Spandau,162,Urnenwahlbezirk,2154,2028,126,0,344,0,1,343,339,4
5,Spandau,163,Urnenwahlbezirk,1430,1342,88,0,262,0,0,262,260,2
5,Spandau,164,Urnenwahlbezirk,836,800,36,0,154,0,0,154,153,1
5,Spandau,165,Urnenwahlbezirk,1965,1852,113,0,444,1,0,444,429,15
5,Spandau,166,Urnenwahlbezirk,2698,2538,160,0,534,0,2,532,518,14
5,Spandau,167,Urnenwahlbezirk,1050,1011,39,0,216,0,1,215,210,5
5,Spandau,168,Urnenwahlbezirk,884,857,27,0,96,0,0,96,92,4
5,Spandau,169,Urnenwahlbezirk,1783,1716,67,0,224,0,0,224,221,3
5,Spandau,170,Urnenwahlbezirk,2483,2400,83,0,395,0,2,393,375,18
5,Spandau,171,Urnenwahlbezirk,1113,1040,73,0,284,0,0,284,280,4
5,Spandau,172,Urnenwahlbezirk,2076,1931,145,0,526,0,0,526,522,4
5,Spandau,173,Urnenwahlbezirk,1640,1569,71,0,321,0,1,320,316,4
5,Spandau,174,Urnenwahlbezirk,1959,1836,123,0,482,0,0,482,476,6
5,Spandau,175,Urnenwahlbezirk,1150,1078,72,0,220,0,0,220,216,4
5,Spandau,176,Urnenwahlbezirk,2034,1918,116,0,450,0,1,449,442,7
5,Spandau,177,Urnenwahlbezirk,812,791,21,0,133,0,0,133,131,2
5,Spandau,178,Urnenwahlbezirk,2151,2015,136,0,461,0,0,461,455,6
5,Spandau,179,Urnenwahlbezirk,1208,1136,72,0,250,0,0,250,245,5
5,Spandau,180,Urnenwahlbezirk,1115,1062,53,0,240,0,0,240,236,4
5,Spandau,181,Urnenwahlbezirk,1954,1895,59,0,308,0,1,307,295,12
5,Spandau,182,Urnenwahlbezirk,1675,1608,67,0,358,0,0,358,353,5
5,Spandau,183,Urnenwahlbezirk,2228,2088,140,0,523,0,2,521,514,7
5,Spandau,184,Urnenwahlbezirk,1692,1593,99,0,475,0,0,475,466,9
5,Spandau,185,Urnenwahlbezirk,853,751,102,0,259,0,0,259,252,7
5,Spandau,186,Urnenwahlbezirk,1828,1666,162,0,549,1,1,548,544,4
5,Spandau,187,Urnenwahlbezirk,2365,2049,316,0,541,0,0,541,538,3
5,Spandau,188,Urnenwahlbezirk,1932,1760,172,0,627,3,0,627,616,11
5,Spandau,189,Urnenwahlbezirk,1078,952,126,0,325,2,1,324,322,2
5,Spandau,190,Urnenwahlbezirk,823,768,55,0,196,0,1,195,190,5
5,Spandau,191,Urnenwahlbezirk,1050,949,101,0,353,0,0,353,351,2
5,Spandau,192,Urnenwahlbezirk,913,847,66,0,243,1,0,243,236,7
5,Spandau,193,Urnenwahlbezirk,1053,942,111,0,341,3,2,339,331,8
5,Spandau,194,Urnenwahlbezirk,1197,1089,108,0,314,0,0,314,314,0
5,Spandau,195,Urnenwahlbezirk,1930,1749,181,0,537,0,0,537,529,8
5,Spandau,196,Urnenwahlbezirk,1810,1612,198,0,503,0,0,503,491,12
5,Spandau,197,Urnenwahlbezirk,2108,1984,124,0,625,0,0,625,620,5
6,Steglitz-Zehlendorf,1A ,Briefwahlbezirk,0,0,0,0,532,532,1,531,521,10
6,Steglitz-Zehlendorf,1B ,Briefwahlbezirk,0,0,0,0,568,568,2,566,560,6
6,Steglitz-Zehlendorf,1C ,Briefwahlbezirk,0,0,0,0,398,398,1,397,385,12
6,Steglitz-Zehlendorf,1D ,Briefwahlbezirk,0,0,0,0,317,317,0,317,312,5
6,Steglitz-Zehlendorf,1E ,Briefwahlbezirk,0,0,0,0,355,355,1,354,348,6
6,Steglitz-Zehlendorf,1F ,Briefwahlbezirk,0,0,0,0,510,510,1,509,505,4
6,Steglitz-Zehlendorf,2A ,Briefwahlbezirk,0,0,0,0,416,416,0,416,408,8
6,Steglitz-Zehlendorf,2B ,Briefwahlbezirk,0,0,0,0,363,363,1,362,350,12
6,Steglitz-Zehlendorf,2C ,Briefwahlbezirk,0,0,0,0,350,350,1,349,341,8
6,Steglitz-Zehlendorf,2D ,Briefwahlbezirk,0,0,0,0,363,363,0,363,352,11
6,Steglitz-Zehlendorf,2E ,Briefwahlbezirk,0,0,0,0,439,439,1,438,428,10
6,Steglitz-Zehlendorf,2F ,Briefwahlbezirk,0,0,0,0,354,354,0,354,341,13
6,Steglitz-Zehlendorf,3A ,Briefwahlbezirk,0,0,0,0,519,519,0,519,500,19
6,Steglitz-Zehlendorf,3B ,Briefwahlbezirk,0,0,0,0,449,449,0,449,438,11
6,Steglitz-Zehlendorf,3C ,Briefwahlbezirk,0,0,0,0,471,471,0,471,465,6
6,Steglitz-Zehlendorf,3D ,Briefwahlbezirk,0,0,0,0,408,408,0,408,407,1
6,Steglitz-Zehlendorf,3E ,Briefwahlbezirk,0,0,0,0,546,546,0,546,538,8
6,Steglitz-Zehlendorf,3F ,Briefwahlbezirk,0,0,0,0,588,588,1,587,570,17
6,Steglitz-Zehlendorf,4A ,Briefwahlbezirk,0,0,0,0,377,377,1,376,368,8
6,Steglitz-Zehlendorf,4B ,Briefwahlbezirk,0,0,0,0,503,503,0,503,496,7
6,Steglitz-Zehlendorf,4C ,Briefwahlbezirk,0,0,0,0,530,530,0,530,516,14
6,Steglitz-Zehlendorf,4D ,Briefwahlbezirk,0,0,0,0,558,558,0,558,538,20
6,Steglitz-Zehlendorf,4E ,Briefwahlbezirk,0,0,0,0,570,570,3,567,553,14
6,Steglitz-Zehlendorf,5A ,Briefwahlbezirk,0,0,0,0,447,447,0,447,438,9
6,Steglitz-Zehlendorf,5B ,Briefwahlbezirk,0,0,0,0,416,416,2,414,406,8
6,Steglitz-Zehlendorf,5C ,Briefwahlbezirk,0,0,0,0,363,363,1,362,354,8
6,Steglitz-Zehlendorf,5D ,Briefwahlbezirk,0,0,0,0,440,440,0,440,436,4
6,Steglitz-Zehlendorf,5E ,Briefwahlbezirk,0,0,0,0,334,334,1,333,325,8
6,Steglitz-Zehlendorf,5F ,Briefwahlbezirk,0,0,0,0,347,347,1,346,342,4
6,Steglitz-Zehlendorf,6A ,Briefwahlbezirk,0,0,0,0,469,469,1,468,463,5
6,Steglitz-Zehlendorf,6B ,Briefwahlbezirk,0,0,0,0,549,549,0,549,536,13
6,Steglitz-Zehlendorf,6C ,Briefwahlbezirk,0,0,0,0,455,455,1,454,448,6
6,Steglitz-Zehlendorf,6D ,Briefwahlbezirk,0,0,0,0,513,513,1,512,496,16
6,Steglitz-Zehlendorf,6E ,Briefwahlbezirk,0,0,0,0,481,481,1,480,475,5
6,Steglitz-Zehlendorf,6F ,Briefwahlbezirk,0,0,0,0,542,542,0,542,527,15
6,Steglitz-Zehlendorf,7A ,Briefwahlbezirk,0,0,0,0,374,374,0,374,368,6
6,Steglitz-Zehlendorf,7B ,Briefwahlbezirk,0,0,0,0,530,530,0,530,518,12
6,Steglitz-Zehlendorf,7C ,Briefwahlbezirk,0,0,0,0,592,592,0,592,580,12
6,Steglitz-Zehlendorf,7D ,Briefwahlbezirk,0,0,0,0,432,432,0,432,421,11
6,Steglitz-Zehlendorf,7E ,Briefwahlbezirk,0,0,0,0,623,623,1,622,612,10
6,Steglitz-Zehlendorf,7F ,Briefwahlbezirk,0,0,0,0,656,656,0,656,640,16
6,Steglitz-Zehlendorf,101,Urnenwahlbezirk,1815,1601,214,0,473,3,1,472,466,6
6,Steglitz-Zehlendorf,102,Urnenwahlbezirk,1756,1523,233,0,400,0,1,399,389,10
6,Steglitz-Zehlendorf,103,Urnenwahlbezirk,1767,1648,119,0,381,1,0,381,375,6
6,Steglitz-Zehlendorf,104,Urnenwahlbezirk,1952,1786,166,0,465,0,0,465,458,7
6,Steglitz-Zehlendorf,105,Urnenwahlbezirk,1554,1433,121,0,372,0,1,371,369,2
6,Steglitz-Zehlendorf,106,Urnenwahlbezirk,1639,1507,132,0,321,1,0,321,316,5
6,Steglitz-Zehlendorf,107,Urnenwahlbezirk,1834,1680,154,0,464,0,0,464,459,5
6,Steglitz-Zehlendorf,108,Urnenwahlbezirk,1902,1693,209,0,443,3,0,443,434,9
6,Steglitz-Zehlendorf,109,Urnenwahlbezirk,1929,1755,174,0,455,1,0,455,448,7
6,Steglitz-Zehlendorf,110,Urnenwahlbezirk,1861,1711,150,0,422,0,0,422,415,7
6,Steglitz-Zehlendorf,111,Urnenwahlbezirk,1769,1676,93,0,420,1,0,420,412,8
6,Steglitz-Zehlendorf,112,Urnenwahlbezirk,1680,1571,109,0,452,0,0,452,441,11
6,Steglitz-Zehlendorf,113,Urnenwahlbezirk,1798,1674,124,0,314,0,2,312,310,2
6,Steglitz-Zehlendorf,114,Urnenwahlbezirk,1802,1639,163,0,422,0,0,422,414,8
6,Steglitz-Zehlendorf,115,Urnenwahlbezirk,1572,1426,146,0,323,1,0,323,318,5
6,Steglitz-Zehlendorf,116,Urnenwahlbezirk,1907,1687,220,0,405,0,0,405,398,7
6,Steglitz-Zehlendorf,117,Urnenwahlbezirk,1758,1533,225,0,344,2,1,343,340,3
6,Steglitz-Zehlendorf,118,Urnenwahlbezirk,1756,1573,183,0,451,2,1,450,443,7
6,Steglitz-Zehlendorf,201,Urnenwahlbezirk,1791,1654,137,0,402,0,0,402,401,1
6,Steglitz-Zehlendorf,202,Urnenwahlbezirk,1718,1598,120,0,373,0,0,373,370,3
6,Steglitz-Zehlendorf,203,Urnenwahlbezirk,1866,1731,135,0,386,1,1,385,380,5
6,Steglitz-Zehlendorf,204,Urnenwahlbezirk,1651,1545,106,0,413,2,0,413,409,4
6,Steglitz-Zehlendorf,205,Urnenwahlbezirk,1716,1567,149,0,372,0,0,372,370,2
6,Steglitz-Zehlendorf,206,Urnenwahlbezirk,1641,1502,139,0,397,0,2,395,390,5
6,Steglitz-Zehlendorf,207,Urnenwahlbezirk,1540,1426,114,0,281,0,0,281,273,8
6,Steglitz-Zehlendorf,208,Urnenwahlbezirk,1574,1441,133,0,332,1,0,332,327,5
6,Steglitz-Zehlendorf,209,Urnenwahlbezirk,1896,1717,179,0,354,0,1,353,344,9
6,Steglitz-Zehlendorf,210,Urnenwahlbezirk,1731,1580,151,0,519,1,1,518,513,5
6,Steglitz-Zehlendorf,211,Urnenwahlbezirk,1706,1528,178,0,403,2,1,402,391,11
6,Steglitz-Zehlendorf,212,Urnenwahlbezirk,1856,1698,158,0,351,2,0,351,343,8
6,Steglitz-Zehlendorf,213,Urnenwahlbezirk,2073,1941,132,0,389,0,0,389,379,10
6,Steglitz-Zehlendorf,214,Urnenwahlbezirk,1899,1748,151,0,424,0,1,423,419,4
6,Steglitz-Zehlendorf,215,Urnenwahlbezirk,1769,1654,115,0,405,0,1,404,397,7
6,Steglitz-Zehlendorf,216,Urnenwahlbezirk,1628,1476,152,0,316,1,0,316,311,5
6,Steglitz-Zehlendorf,217,Urnenwahlbezirk,1833,1717,116,0,533,0,1,532,518,14
6,Steglitz-Zehlendorf,218,Urnenwahlbezirk,1601,1445,156,0,270,1,1,269,268,1
6,Steglitz-Zehlendorf,301,Urnenwahlbezirk,1764,1577,187,0,466,1,0,466,460,6
6,Steglitz-Zehlendorf,302,Urnenwahlbezirk,1720,1523,197,0,463,1,0,463,461,2
6,Steglitz-Zehlendorf,303,Urnenwahlbezirk,1867,1737,130,0,467,1,1,466,460,6
6,Steglitz-Zehlendorf,304,Urnenwahlbezirk,1842,1658,184,0,569,1,0,569,559,10
6,Steglitz-Zehlendorf,305,Urnenwahlbezirk,1631,1448,183,0,446,2,1,445,441,4
6,Steglitz-Zehlendorf,306,Urnenwahlbezirk,1928,1711,217,0,538,1,0,538,531,7
6,Steglitz-Zehlendorf,307,Urnenwahlbezirk,1722,1516,206,0,400,3,1,399,392,7
6,Steglitz-Zehlendorf,308,Urnenwahlbezirk,1799,1564,235,0,587,0,0,587,583,4
6,Steglitz-Zehlendorf,309,Urnenwahlbezirk,1755,1560,195,0,448,1,0,448,447,1
6,Steglitz-Zehlendorf,310,Urnenwahlbezirk,1746,1583,163,0,465,0,0,465,459,6
6,Steglitz-Zehlendorf,311,Urnenwahlbezirk,1480,1330,150,0,312,1,1,311,308,3
6,Steglitz-Zehlendorf,312,Urnenwahlbezirk,1794,1572,222,0,404,4,0,404,403,1
6,Steglitz-Zehlendorf,313,Urnenwahlbezirk,1613,1422,191,0,415,0,0,415,412,3
6,Steglitz-Zehlendorf,314,Urnenwahlbezirk,1771,1621,150,0,457,1,0,457,446,11
6,Steglitz-Zehlendorf,315,Urnenwahlbezirk,1624,1400,224,0,424,1,0,424,417,7
6,Steglitz-Zehlendorf,316,Urnenwahlbezirk,1968,1817,151,0,557,2,2,555,542,13
6,Steglitz-Zehlendorf,317,Urnenwahlbezirk,1840,1725,115,0,328,0,0,328,323,5
6,Steglitz-Zehlendorf,318,Urnenwahlbezirk,1998,1775,223,0,451,3,0,451,440,11
6,Steglitz-Zehlendorf,401,Urnenwahlbezirk,2094,1922,172,0,553,0,0,553,542,11
6,Steglitz-Zehlendorf,402,Urnenwahlbezirk,1489,1358,131,0,389,0,1,388,382,6
6,Steglitz-Zehlendorf,403,Urnenwahlbezirk,1736,1609,127,0,355,1,0,355,352,3
6,Steglitz-Zehlendorf,404,Urnenwahlbezirk,1952,1758,194,0,548,1,0,548,537,11
6,Steglitz-Zehlendorf,405,Urnenwahlbezirk,1751,1561,190,0,510,0,0,510,504,6
6,Steglitz-Zehlendorf,406,Urnenwahlbezirk,1898,1713,185,0,490,1,0,490,485,5
6,Steglitz-Zehlendorf,407,Urnenwahlbezirk,2000,1841,159,0,435,3,0,435,429,6
6,Steglitz-Zehlendorf,408,Urnenwahlbezirk,1725,1516,209,0,483,2,1,482,476,6
6,Steglitz-Zehlendorf,409,Urnenwahlbezirk,1829,1636,193,0,383,1,0,383,375,8
6,Steglitz-Zehlendorf,410,Urnenwahlbezirk,1641,1522,119,0,333,1,0,333,327,6
6,Steglitz-Zehlendorf,411,Urnenwahlbezirk,1725,1522,203,0,449,0,0,449,447,2
6,Steglitz-Zehlendorf,412,Urnenwahlbezirk,1604,1499,105,0,441,2,0,441,436,5
6,Steglitz-Zehlendorf,413,Urnenwahlbezirk,1792,1613,179,0,439,0,0,439,433,6
6,Steglitz-Zehlendorf,414,Urnenwahlbezirk,1694,1606,88,0,261,0,0,261,248,13
6,Steglitz-Zehlendorf,415,Urnenwahlbezirk,1671,1567,104,0,306,1,2,304,295,9
6,Steglitz-Zehlendorf,416,Urnenwahlbezirk,1792,1601,191,0,476,1,0,476,463,13
6,Steglitz-Zehlendorf,417,Urnenwahlbezirk,1689,1459,230,0,498,2,0,498,489,9
6,Steglitz-Zehlendorf,501,Urnenwahlbezirk,1691,1523,168,0,353,1,0,353,345,8
6,Steglitz-Zehlendorf,502,Urnenwahlbezirk,1695,1605,90,0,363,0,0,363,353,10
6,Steglitz-Zehlendorf,503,Urnenwahlbezirk,1333,1207,126,0,302,1,0,302,299,3
6,Steglitz-Zehlendorf,504,Urnenwahlbezirk,1541,1395,146,0,389,1,0,389,376,13
6,Steglitz-Zehlendorf,505,Urnenwahlbezirk,1936,1749,187,0,548,0,0,548,539,9
6,Steglitz-Zehlendorf,506,Urnenwahlbezirk,1691,1519,172,0,326,0,0,326,316,10
6,Steglitz-Zehlendorf,507,Urnenwahlbezirk,1720,1628,92,0,331,0,0,331,320,11
6,Steglitz-Zehlendorf,508,Urnenwahlbezirk,1880,1730,150,0,344,1,0,344,339,5
6,Steglitz-Zehlendorf,509,Urnenwahlbezirk,1814,1652,162,0,494,1,1,493,484,9
6,Steglitz-Zehlendorf,510,Urnenwahlbezirk,1928,1765,163,0,478,4,0,478,475,3
6,Steglitz-Zehlendorf,511,Urnenwahlbezirk,1601,1414,187,0,323,0,1,322,321,1
6,Steglitz-Zehlendorf,512,Urnenwahlbezirk,1626,1545,81,0,251,3,0,251,245,6
6,Steglitz-Zehlendorf,513,Urnenwahlbezirk,1880,1759,121,0,418,0,1,417,412,5
6,Steglitz-Zehlendorf,514,Urnenwahlbezirk,1664,1457,207,0,446,0,0,446,444,2
6,Steglitz-Zehlendorf,515,Urnenwahlbezirk,1697,1491,206,0,467,5,1,466,461,5
6,Steglitz-Zehlendorf,516,Urnenwahlbezirk,1834,1713,121,0,230,1,0,230,224,6
6,Steglitz-Zehlendorf,517,Urnenwahlbezirk,1671,1537,134,0,252,0,0,252,242,10
6,Steglitz-Zehlendorf,518,Urnenwahlbezirk,1666,1566,100,0,328,0,1,327,318,9
6,Steglitz-Zehlendorf,601,Urnenwahlbezirk,1426,1235,191,0,359,1,0,359,354,5
6,Steglitz-Zehlendorf,602,Urnenwahlbezirk,1563,1417,146,0,514,0,0,514,509,5
6,Steglitz-Zehlendorf,603,Urnenwahlbezirk,1591,1424,167,0,397,1,0,397,387,10
6,Steglitz-Zehlendorf,604,Urnenwahlbezirk,1815,1624,191,0,560,0,0,560,554,6
6,Steglitz-Zehlendorf,605,Urnenwahlbezirk,1476,1346,130,0,319,0,0,319,315,4
6,Steglitz-Zehlendorf,606,Urnenwahlbezirk,1375,1238,137,0,261,3,0,261,256,5
6,Steglitz-Zehlendorf,607,Urnenwahlbezirk,1567,1369,198,0,330,2,0,330,327,3
6,Steglitz-Zehlendorf,608,Urnenwahlbezirk,1484,1342,142,0,287,2,0,287,282,5
6,Steglitz-Zehlendorf,609,Urnenwahlbezirk,1731,1541,190,0,394,0,1,393,391,2
6,Steglitz-Zehlendorf,610,Urnenwahlbezirk,1179,1030,149,0,243,0,0,243,242,1
6,Steglitz-Zehlendorf,611,Urnenwahlbezirk,1562,1367,195,0,389,0,0,389,383,6
6,Steglitz-Zehlendorf,612,Urnenwahlbezirk,1806,1624,182,0,422,0,0,422,415,7
6,Steglitz-Zehlendorf,613,Urnenwahlbezirk,1738,1470,268,0,497,0,0,497,490,7
6,Steglitz-Zehlendorf,614,Urnenwahlbezirk,1823,1605,218,0,419,0,0,419,410,9
6,Steglitz-Zehlendorf,615,Urnenwahlbezirk,1782,1576,206,0,419,0,0,419,406,13
6,Steglitz-Zehlendorf,616,Urnenwahlbezirk,1676,1536,140,0,425,0,1,424,422,2
6,Steglitz-Zehlendorf,617,Urnenwahlbezirk,1745,1624,121,0,481,0,1,480,462,18
6,Steglitz-Zehlendorf,618,Urnenwahlbezirk,1771,1580,191,0,454,1,0,454,445,9
6,Steglitz-Zehlendorf,619,Urnenwahlbezirk,1485,1357,128,0,386,3,0,386,379,7
6,Steglitz-Zehlendorf,701,Urnenwahlbezirk,1620,1434,186,0,427,1,1,426,419,7
6,Steglitz-Zehlendorf,702,Urnenwahlbezirk,1890,1662,228,0,446,1,2,444,439,5
6,Steglitz-Zehlendorf,703,Urnenwahlbezirk,1222,1119,103,0,298,0,0,298,293,5
6,Steglitz-Zehlendorf,704,Urnenwahlbezirk,1466,1347,119,0,386,2,1,385,374,11
6,Steglitz-Zehlendorf,705,Urnenwahlbezirk,1524,1309,215,0,311,0,1,310,309,1
6,Steglitz-Zehlendorf,706,Urnenwahlbezirk,1682,1458,224,0,419,0,1,418,415,3
6,Steglitz-Zehlendorf,707,Urnenwahlbezirk,1821,1599,222,0,414,0,1,413,411,2
6,Steglitz-Zehlendorf,708,Urnenwahlbezirk,1410,1260,150,0,356,0,0,356,353,3
6,Steglitz-Zehlendorf,709,Urnenwahlbezirk,1740,1514,226,0,424,2,0,424,420,4
6,Steglitz-Zehlendorf,710,Urnenwahlbezirk,1738,1544,194,0,477,0,0,477,469,8
6,Steglitz-Zehlendorf,711,Urnenwahlbezirk,1641,1423,218,0,376,0,0,376,369,7
6,Steglitz-Zehlendorf,712,Urnenwahlbezirk,1692,1559,133,0,492,0,0,492,488,4
6,Steglitz-Zehlendorf,713,Urnenwahlbezirk,1490,1261,229,0,354,5,0,354,349,5
6,Steglitz-Zehlendorf,714,Urnenwahlbezirk,1377,1260,117,0,348,0,0,348,344,4
6,Steglitz-Zehlendorf,715,Urnenwahlbezirk,1453,1234,219,0,315,0,0,315,308,7
6,Steglitz-Zehlendorf,716,Urnenwahlbezirk,1324,1148,176,0,323,0,0,323,321,2
6,Steglitz-Zehlendorf,717,Urnenwahlbezirk,1180,1080,100,0,333,0,0,333,325,8
6,Steglitz-Zehlendorf,718,Urnenwahlbezirk,1954,1717,237,0,590,0,0,590,579,11
6,Steglitz-Zehlendorf,719,Urnenwahlbezirk,1742,1534,208,0,465,0,0,465,464,1
7,Tempelhof-Schöneberg,1A ,Briefwahlbezirk,0,0,0,0,534,534,0,534,518,16
7,Tempelhof-Schöneberg,1B ,Briefwahlbezirk,0,0,0,0,538,538,2,536,529,7
7,Tempelhof-Schöneberg,1C ,Briefwahlbezirk,0,0,0,0,539,539,2,537,530,7
7,Tempelhof-Schöneberg,1D ,Briefwahlbezirk,0,0,0,0,508,508,0,508,497,11
7,Tempelhof-Schöneberg,2A ,Briefwahlbezirk,0,0,0,0,643,643,1,642,625,17
7,Tempelhof-Schöneberg,2B ,Briefwahlbezirk,0,0,0,0,532,532,0,532,525,7
7,Tempelhof-Schöneberg,2C ,Briefwahlbezirk,0,0,0,0,508,508,0,508,498,10
7,Tempelhof-Schöneberg,2D ,Briefwahlbezirk,0,0,0,0,539,539,1,538,526,12
7,Tempelhof-Schöneberg,3A ,Briefwahlbezirk,0,0,0,0,531,531,1,530,513,17
7,Tempelhof-Schöneberg,3B ,Briefwahlbezirk,0,0,0,0,509,509,0,509,505,4
7,Tempelhof-Schöneberg,3C ,Briefwahlbezirk,0,0,0,0,521,521,0,521,516,5
7,Tempelhof-Schöneberg,3D ,Briefwahlbezirk,0,0,0,0,532,532,2,530,520,10
7,Tempelhof-Schöneberg,4A ,Briefwahlbezirk,0,0,0,0,524,524,1,523,518,5
7,Tempelhof-Schöneberg,4B ,Briefwahlbezirk,0,0,0,0,508,508,0,508,499,9
7,Tempelhof-Schöneberg,4C ,Briefwahlbezirk,0,0,0,0,509,509,0,509,501,8
7,Tempelhof-Schöneberg,4D ,Briefwahlbezirk,0,0,0,0,535,535,0,535,525,10
7,Tempelhof-Schöneberg,5A ,Briefwahlbezirk,0,0,0,0,546,546,0,546,534,12
7,Tempelhof-Schöneberg,5B ,Briefwahlbezirk,0,0,0,0,533,533,0,533,524,9
7,Tempelhof-Schöneberg,5C ,Briefwahlbezirk,0,0,0,0,541,541,2,537,524,13
7,Tempelhof-Schöneberg,5D ,Briefwahlbezirk,0,0,0,0,540,540,0,540,532,8
7,Tempelhof-Schöneberg,6A ,Briefwahlbezirk,0,0,0,0,542,542,1,541,535,6
7,Tempelhof-Schöneberg,6B ,Briefwahlbezirk,0,0,0,0,535,535,1,533,523,10
7,Tempelhof-Schöneberg,6C ,Briefwahlbezirk,0,0,0,0,453,453,0,453,446,7
7,Tempelhof-Schöneberg,6D ,Briefwahlbezirk,0,0,0,0,385,385,0,385,377,8
7,Tempelhof-Schöneberg,7A ,Briefwahlbezirk,0,0,0,0,535,535,2,533,521,12
7,Tempelhof-Schöneberg,7B ,Briefwahlbezirk,0,0,0,0,516,516,1,515,504,11
7,Tempelhof-Schöneberg,7C ,Briefwahlbezirk,0,0,0,0,523,523,1,522,512,10
7,Tempelhof-Schöneberg,8A ,Briefwahlbezirk,0,0,0,0,541,541,0,541,535,6
7,Tempelhof-Schöneberg,8B ,Briefwahlbezirk,0,0,0,0,541,541,0,541,532,9
7,Tempelhof-Schöneberg,8C ,Briefwahlbezirk,0,0,0,0,538,538,0,538,530,8
7,Tempelhof-Schöneberg,101,Urnenwahlbezirk,1826,1687,139,0,223,0,0,223,217,6
7,Tempelhof-Schöneberg,102,Urnenwahlbezirk,1869,1709,160,0,216,1,1,215,212,3
7,Tempelhof-Schöneberg,103,Urnenwahlbezirk,1884,1797,87,0,317,2,0,317,310,7
7,Tempelhof-Schöneberg,104,Urnenwahlbezirk,1759,1669,90,0,302,1,0,302,295,7
7,Tempelhof-Schöneberg,105,Urnenwahlbezirk,1952,1820,132,0,373,0,0,373,363,10
7,Tempelhof-Schöneberg,106,Urnenwahlbezirk,1760,1603,156,1,342,0,0,342,339,3
7,Tempelhof-Schöneberg,107,Urnenwahlbezirk,1690,1530,160,0,325,3,2,323,319,4
7,Tempelhof-Schöneberg,108,Urnenwahlbezirk,1680,1586,94,0,268,2,1,267,262,5
7,Tempelhof-Schöneberg,109,Urnenwahlbezirk,1871,1718,153,0,413,0,0,413,407,6
7,Tempelhof-Schöneberg,110,Urnenwahlbezirk,2122,1969,153,0,444,3,0,444,435,9
7,Tempelhof-Schöneberg,111,Urnenwahlbezirk,1828,1671,157,0,429,3,0,429,424,5
7,Tempelhof-Schöneberg,112,Urnenwahlbezirk,1919,1755,164,0,410,0,0,410,406,4
7,Tempelhof-Schöneberg,113,Urnenwahlbezirk,1910,1767,143,0,373,0,0,373,371,2
7,Tempelhof-Schöneberg,114,Urnenwahlbezirk,2000,1821,178,1,407,0,0,407,400,7
7,Tempelhof-Schöneberg,115,Urnenwahlbezirk,2004,1870,134,0,402,0,0,402,400,2
7,Tempelhof-Schöneberg,201,Urnenwahlbezirk,1916,1719,197,0,395,0,0,395,389,6
7,Tempelhof-Schöneberg,202,Urnenwahlbezirk,2031,1875,156,0,514,3,0,514,512,2
7,Tempelhof-Schöneberg,203,Urnenwahlbezirk,1910,1750,160,0,421,2,0,421,417,4
7,Tempelhof-Schöneberg,204,Urnenwahlbezirk,1681,1595,86,0,319,2,0,319,302,17
7,Tempelhof-Schöneberg,205,Urnenwahlbezirk,1712,1571,141,0,359,4,0,359,354,5
7,Tempelhof-Schöneberg,206,Urnenwahlbezirk,1932,1780,152,0,428,3,0,428,419,9
7,Tempelhof-Schöneberg,207,Urnenwahlbezirk,1901,1750,151,0,442,0,2,440,432,8
7,Tempelhof-Schöneberg,208,Urnenwahlbezirk,1752,1619,133,0,295,1,1,294,284,10
7,Tempelhof-Schöneberg,209,Urnenwahlbezirk,1961,1821,140,0,368,0,1,367,360,7
7,Tempelhof-Schöneberg,210,Urnenwahlbezirk,1751,1633,118,0,360,0,0,360,351,9
7,Tempelhof-Schöneberg,211,Urnenwahlbezirk,1990,1813,177,0,435,4,0,435,431,4
7,Tempelhof-Schöneberg,212,Urnenwahlbezirk,2018,1878,140,0,507,1,0,507,505,2
7,Tempelhof-Schöneberg,213,Urnenwahlbezirk,2007,1869,138,0,439,0,0,439,434,5
7,Tempelhof-Schöneberg,214,Urnenwahlbezirk,1945,1851,94,0,389,0,0,389,378,11
7,Tempelhof-Schöneberg,215,Urnenwahlbezirk,1428,1311,117,0,347,0,0,347,343,4
7,Tempelhof-Schöneberg,301,Urnenwahlbezirk,1928,1763,165,0,506,0,0,506,501,5
7,Tempelhof-Schöneberg,302,Urnenwahlbezirk,1773,1644,129,0,505,1,0,505,500,5
7,Tempelhof-Schöneberg,303,Urnenwahlbezirk,1708,1546,162,0,452,1,2,450,444,6
7,Tempelhof-Schöneberg,304,Urnenwahlbezirk,1977,1818,159,0,476,1,0,476,462,14
7,Tempelhof-Schöneberg,305,Urnenwahlbezirk,1802,1600,202,0,445,0,1,444,439,5
7,Tempelhof-Schöneberg,306,Urnenwahlbezirk,1749,1619,130,0,463,1,1,462,453,9
7,Tempelhof-Schöneberg,307,Urnenwahlbezirk,1883,1694,189,0,424,6,0,424,421,3
7,Tempelhof-Schöneberg,308,Urnenwahlbezirk,1750,1577,173,0,457,2,0,457,454,3
7,Tempelhof-Schöneberg,309,Urnenwahlbezirk,1660,1526,133,1,452,0,2,450,441,9
7,Tempelhof-Schöneberg,310,Urnenwahlbezirk,1832,1652,180,0,455,0,1,454,451,3
7,Tempelhof-Schöneberg,311,Urnenwahlbezirk,1673,1545,128,0,429,1,0,429,422,7
7,Tempelhof-Schöneberg,312,Urnenwahlbezirk,1810,1676,134,0,432,1,0,432,424,8
7,Tempelhof-Schöneberg,313,Urnenwahlbezirk,1793,1638,155,0,455,1,0,455,453,2
7,Tempelhof-Schöneberg,314,Urnenwahlbezirk,1697,1563,134,0,411,3,0,411,405,6
7,Tempelhof-Schöneberg,315,Urnenwahlbezirk,2124,1947,177,0,508,1,1,507,502,5
7,Tempelhof-Schöneberg,316,Urnenwahlbezirk,1988,1875,113,0,346,0,0,346,338,8
7,Tempelhof-Schöneberg,401,Urnenwahlbezirk,1893,1789,104,0,269,0,0,269,266,3
7,Tempelhof-Schöneberg,402,Urnenwahlbezirk,1762,1623,139,0,355,2,0,355,348,7
7,Tempelhof-Schöneberg,403,Urnenwahlbezirk,1648,1522,126,0,380,4,0,380,376,4
7,Tempelhof-Schöneberg,404,Urnenwahlbezirk,1591,1493,98,0,306,1,0,306,301,5
7,Tempelhof-Schöneberg,405,Urnenwahlbezirk,2018,1909,109,0,364,0,2,362,358,4
7,Tempelhof-Schöneberg,406,Urnenwahlbezirk,2021,1851,170,0,375,2,1,374,367,7
7,Tempelhof-Schöneberg,407,Urnenwahlbezirk,1818,1636,182,0,426,0,10,416,405,11
7,Tempelhof-Schöneberg,408,Urnenwahlbezirk,1958,1828,130,0,458,0,0,458,445,13
7,Tempelhof-Schöneberg,409,Urnenwahlbezirk,1808,1647,161,0,461,0,1,460,450,10
7,Tempelhof-Schöneberg,410,Urnenwahlbezirk,2245,2099,146,0,490,0,3,487,476,11
7,Tempelhof-Schöneberg,411,Urnenwahlbezirk,1621,1509,112,0,218,0,0,218,212,6
7,Tempelhof-Schöneberg,412,Urnenwahlbezirk,1874,1760,114,0,313,1,0,313,308,5
7,Tempelhof-Schöneberg,413,Urnenwahlbezirk,1868,1714,154,0,493,1,0,493,487,6
7,Tempelhof-Schöneberg,414,Urnenwahlbezirk,1997,1805,192,0,342,0,0,342,336,6
7,Tempelhof-Schöneberg,415,Urnenwahlbezirk,2048,1873,175,0,340,0,0,340,330,10
7,Tempelhof-Schöneberg,416,Urnenwahlbezirk,2169,1978,191,0,334,0,0,334,326,8
7,Tempelhof-Schöneberg,501,Urnenwahlbezirk,1656,1466,190,0,400,0,0,400,395,5
7,Tempelhof-Schöneberg,502,Urnenwahlbezirk,2243,2026,217,0,552,3,4,548,536,12
7,Tempelhof-Schöneberg,503,Urnenwahlbezirk,1851,1760,91,0,434,1,0,434,431,3
7,Tempelhof-Schöneberg,504,Urnenwahlbezirk,2057,1959,98,0,399,0,0,399,391,8
7,Tempelhof-Schöneberg,505,Urnenwahlbezirk,1848,1728,120,0,461,0,0,461,450,11
7,Tempelhof-Schöneberg,506,Urnenwahlbezirk,1990,1887,103,0,341,1,0,341,332,9
7,Tempelhof-Schöneberg,507,Urnenwahlbezirk,2017,1861,156,0,408,0,0,408,404,4
7,Tempelhof-Schöneberg,508,Urnenwahlbezirk,2202,2117,85,0,275,0,0,275,269,6
7,Tempelhof-Schöneberg,509,Urnenwahlbezirk,1938,1825,113,0,471,0,2,469,460,9
7,Tempelhof-Schöneberg,510,Urnenwahlbezirk,2003,1888,115,0,341,0,0,341,333,8
7,Tempelhof-Schöneberg,511,Urnenwahlbezirk,2149,2031,118,0,363,0,1,362,358,4
7,Tempelhof-Schöneberg,512,Urnenwahlbezirk,1957,1793,164,0,529,1,1,528,520,8
7,Tempelhof-Schöneberg,513,Urnenwahlbezirk,2017,1911,106,0,364,0,0,364,359,5
7,Tempelhof-Schöneberg,514,Urnenwahlbezirk,2153,2024,129,0,501,0,1,500,497,3
7,Tempelhof-Schöneberg,515,Urnenwahlbezirk,1917,1806,111,0,394,0,0,394,385,9
7,Tempelhof-Schöneberg,601,Urnenwahlbezirk,1977,1875,102,0,331,0,0,331,326,5
7,Tempelhof-Schöneberg,602,Urnenwahlbezirk,2310,2143,167,0,377,1,0,377,367,10
7,Tempelhof-Schöneberg,603,Urnenwahlbezirk,2113,2005,108,0,511,1,1,510,500,10
7,Tempelhof-Schöneberg,604,Urnenwahlbezirk,2192,2053,139,0,519,2,3,516,498,18
7,Tempelhof-Schöneberg,605,Urnenwahlbezirk,1937,1808,129,0,421,0,1,420,409,11
7,Tempelhof-Schöneberg,606,Urnenwahlbezirk,2172,2021,151,0,475,1,0,475,467,8
7,Tempelhof-Schöneberg,607,Urnenwahlbezirk,2021,1918,103,0,336,1,1,335,324,11
7,Tempelhof-Schöneberg,608,Urnenwahlbezirk,1960,1798,162,0,528,0,1,527,521,6
7,Tempelhof-Schöneberg,609,Urnenwahlbezirk,1900,1740,160,0,382,0,0,382,375,7
7,Tempelhof-Schöneberg,610,Urnenwahlbezirk,2100,1958,142,0,686,1,2,684,671,13
7,Tempelhof-Schöneberg,611,Urnenwahlbezirk,2221,1931,290,0,477,1,1,476,467,9
7,Tempelhof-Schöneberg,612,Urnenwahlbezirk,1749,1604,145,0,463,0,0,463,461,2
7,Tempelhof-Schöneberg,613,Urnenwahlbezirk,2070,1937,133,0,454,3,0,454,450,4
7,Tempelhof-Schöneberg,614,Urnenwahlbezirk,1727,1581,146,0,493,1,1,492,488,4
7,Tempelhof-Schöneberg,615,Urnenwahlbezirk,1785,1625,160,0,479,3,0,479,470,9
7,Tempelhof-Schöneberg,701,Urnenwahlbezirk,1794,1641,153,0,345,1,0,345,336,9
7,Tempelhof-Schöneberg,702,Urnenwahlbezirk,1716,1597,119,0,594,2,0,594,589,5
7,Tempelhof-Schöneberg,703,Urnenwahlbezirk,1994,1872,122,0,571,3,3,567,558,9
7,Tempelhof-Schöneberg,704,Urnenwahlbezirk,1379,1272,107,0,265,0,0,265,260,5
7,Tempelhof-Schöneberg,705,Urnenwahlbezirk,2014,1840,174,0,325,0,0,325,315,10
7,Tempelhof-Schöneberg,706,Urnenwahlbezirk,1930,1821,109,0,415,2,0,415,408,7
7,Tempelhof-Schöneberg,707,Urnenwahlbezirk,1541,1453,88,0,250,0,0,250,243,7
7,Tempelhof-Schöneberg,708,Urnenwahlbezirk,2082,1984,98,0,300,2,0,300,295,5
7,Tempelhof-Schöneberg,709,Urnenwahlbezirk,2300,2149,151,0,404,1,0,404,394,10
7,Tempelhof-Schöneberg,710,Urnenwahlbezirk,1816,1629,187,0,451,1,0,451,450,1
7,Tempelhof-Schöneberg,711,Urnenwahlbezirk,2034,1862,172,0,601,0,3,598,587,11
7,Tempelhof-Schöneberg,712,Urnenwahlbezirk,1996,1842,154,0,689,3,0,689,687,2
7,Tempelhof-Schöneberg,713,Urnenwahlbezirk,2064,1877,187,0,601,1,0,601,597,4
7,Tempelhof-Schöneberg,714,Urnenwahlbezirk,2166,2004,162,0,585,0,0,586,582,4
7,Tempelhof-Schöneberg,715,Urnenwahlbezirk,1988,1800,188,0,388,0,0,388,385,3
7,Tempelhof-Schöneberg,801,Urnenwahlbezirk,1868,1665,203,0,579,1,2,577,570,7
7,Tempelhof-Schöneberg,802,Urnenwahlbezirk,1858,1695,163,0,580,2,3,577,571,6
7,Tempelhof-Schöneberg,803,Urnenwahlbezirk,1917,1756,161,0,314,2,0,314,305,9
7,Tempelhof-Schöneberg,804,Urnenwahlbezirk,1930,1802,128,0,371,0,1,370,356,14
7,Tempelhof-Schöneberg,805,Urnenwahlbezirk,2099,1962,137,0,538,0,0,538,532,6
7,Tempelhof-Schöneberg,806,Urnenwahlbezirk,1798,1653,145,0,423,1,1,422,421,1
7,Tempelhof-Schöneberg,807,Urnenwahlbezirk,2024,1815,209,0,535,0,0,535,531,4
7,Tempelhof-Schöneberg,808,Urnenwahlbezirk,1963,1853,110,0,446,2,1,445,433,12
7,Tempelhof-Schöneberg,809,Urnenwahlbezirk,1873,1724,149,0,388,1,0,388,383,5
7,Tempelhof-Schöneberg,810,Urnenwahlbezirk,1771,1619,152,0,409,0,0,409,405,4
7,Tempelhof-Schöneberg,811,Urnenwahlbezirk,1850,1721,129,0,416,2,0,416,403,13
7,Tempelhof-Schöneberg,812,Urnenwahlbezirk,1758,1621,137,0,498,3,0,498,493,5
7,Tempelhof-Schöneberg,813,Urnenwahlbezirk,1762,1571,191,0,412,1,1,411,406,5
7,Tempelhof-Schöneberg,814,Urnenwahlbezirk,1655,1511,144,0,333,1,1,333,332,1
7,Tempelhof-Schöneberg,815,Urnenwahlbezirk,1611,1444,167,0,426,0,0,426,423,3
8,Neukölln,1A ,Briefwahlbezirk,0,0,0,0,688,688,1,687,678,9
8,Neukölln,1B ,Briefwahlbezirk,0,0,0,0,584,584,1,583,573,10
8,Neukölln,1C ,Briefwahlbezirk,0,0,0,0,483,483,0,483,479,4
8,Neukölln,2A ,Briefwahlbezirk,0,0,0,0,546,546,1,545,535,10
8,Neukölln,2B ,Briefwahlbezirk,0,0,0,0,420,420,0,420,404,16
8,Neukölln,2C ,Briefwahlbezirk,0,0,0,0,428,428,0,428,420,8
8,Neukölln,3A ,Briefwahlbezirk,0,0,0,0,402,402,0,402,378,24
8,Neukölln,3B ,Briefwahlbezirk,0,0,0,0,401,401,0,401,393,8
8,Neukölln,3C ,Briefwahlbezirk,0,0,0,0,640,640,2,638,629,9
8,Neukölln,4A ,Briefwahlbezirk,0,0,0,0,724,724,1,723,710,13
8,Neukölln,4B ,Briefwahlbezirk,0,0,0,0,772,772,0,772,765,7
8,Neukölln,4C ,Briefwahlbezirk,0,0,0,0,729,729,0,729,720,9
8,Neukölln,5A ,Briefwahlbezirk,0,0,0,0,887,887,18,869,847,22
8,Neukölln,5B ,Briefwahlbezirk,0,0,0,0,810,810,16,794,768,26
8,Neukölln,5C ,Briefwahlbezirk,0,0,0,0,850,850,2,848,828,20
8,Neukölln,6A ,Briefwahlbezirk,0,0,0,0,497,497,1,496,486,10
8,Neukölln,6B ,Briefwahlbezirk,0,0,0,0,791,791,1,790,774,16
8,Neukölln,6C ,Briefwahlbezirk,0,0,0,0,873,873,0,873,852,21
8,Neukölln,101,Urnenwahlbezirk,3755,3503,252,0,828,4,1,827,813,14
8,Neukölln,102,Urnenwahlbezirk,2755,2609,146,0,586,1,1,585,575,10
8,Neukölln,103,Urnenwahlbezirk,2741,2556,184,1,560,1,0,560,554,6
8,Neukölln,104,Urnenwahlbezirk,1422,1334,88,0,322,1,0,322,311,11
8,Neukölln,105,Urnenwahlbezirk,2880,2776,104,0,622,0,0,622,621,1
8,Neukölln,106,Urnenwahlbezirk,1899,1766,133,0,317,0,0,317,306,11
8,Neukölln,107,Urnenwahlbezirk,2279,2185,94,0,463,0,0,463,451,12
8,Neukölln,108,Urnenwahlbezirk,3235,3001,234,0,594,0,3,591,576,15
8,Neukölln,109,Urnenwahlbezirk,2561,2438,123,0,528,0,0,528,520,8
8,Neukölln,110,Urnenwahlbezirk,1735,1674,61,0,284,0,0,284,276,8
8,Neukölln,111,Urnenwahlbezirk,3262,3095,167,0,540,0,1,539,531,8
8,Neukölln,112,Urnenwahlbezirk,2513,2406,107,0,444,0,0,444,437,7
8,Neukölln,113,Urnenwahlbezirk,2907,2785,122,0,547,1,0,547,542,5
8,Neukölln,114,Urnenwahlbezirk,2391,2249,142,0,393,0,0,393,385,8
8,Neukölln,201,Urnenwahlbezirk,1482,1380,102,0,317,0,1,316,310,6
8,Neukölln,202,Urnenwahlbezirk,2594,2473,121,0,501,0,1,500,493,7
8,Neukölln,203,Urnenwahlbezirk,3224,3058,166,0,604,0,0,604,594,10
8,Neukölln,204,Urnenwahlbezirk,2396,2305,91,0,479,0,3,476,468,8
8,Neukölln,205,Urnenwahlbezirk,2610,2446,164,0,444,4,0,444,435,9
8,Neukölln,206,Urnenwahlbezirk,2579,2481,98,0,596,0,1,595,579,16
8,Neukölln,207,Urnenwahlbezirk,2241,2154,87,0,489,1,1,488,483,5
8,Neukölln,208,Urnenwahlbezirk,2742,2651,91,0,412,0,0,412,387,25
8,Neukölln,209,Urnenwahlbezirk,2029,1924,105,0,279,0,0,279,268,11
8,Neukölln,210,Urnenwahlbezirk,2113,2009,104,0,343,0,0,343,334,9
8,Neukölln,211,Urnenwahlbezirk,2756,2636,120,0,574,4,1,573,560,13
8,Neukölln,212,Urnenwahlbezirk,2144,2050,94,0,356,0,0,356,348,8
8,Neukölln,213,Urnenwahlbezirk,2454,2332,122,0,364,0,1,363,359,4
8,Neukölln,214,Urnenwahlbezirk,1947,1845,102,0,329,0,0,329,317,12
8,Neukölln,215,Urnenwahlbezirk,1642,1581,61,0,299,0,0,299,289,10
8,Neukölln,301,Urnenwahlbezirk,2529,2448,81,0,406,0,2,404,388,16
8,Neukölln,302,Urnenwahlbezirk,2521,2436,85,0,326,0,0,326,315,11
8,Neukölln,303,Urnenwahlbezirk,2290,2189,101,0,348,0,1,347,339,8
8,Neukölln,304,Urnenwahlbezirk,1453,1367,86,0,155,0,0,155,150,5
8,Neukölln,305,Urnenwahlbezirk,2336,2231,105,0,329,1,0,329,321,8
8,Neukölln,306,Urnenwahlbezirk,1368,1329,39,0,118,0,0,118,114,4
8,Neukölln,307,Urnenwahlbezirk,3091,2987,104,0,386,0,2,384,363,21
8,Neukölln,308,Urnenwahlbezirk,1342,1261,81,0,193,0,0,193,190,3
8,Neukölln,309,Urnenwahlbezirk,2388,2246,142,0,306,0,0,306,301,5
8,Neukölln,310,Urnenwahlbezirk,1785,1690,95,0,294,4,0,294,287,7
8,Neukölln,311,Urnenwahlbezirk,2808,2642,166,0,689,3,2,687,674,13
8,Neukölln,312,Urnenwahlbezirk,1600,1499,101,0,281,1,1,280,268,12
8,Neukölln,313,Urnenwahlbezirk,1635,1549,86,0,248,3,0,248,241,7
8,Neukölln,314,Urnenwahlbezirk,3500,3137,363,0,937,1,1,936,924,12
8,Neukölln,401,Urnenwahlbezirk,2599,2390,209,0,728,1,3,725,713,12
8,Neukölln,402,Urnenwahlbezirk,2857,2680,177,0,434,0,2,432,425,7
8,Neukölln,403,Urnenwahlbezirk,3612,3362,250,0,715,0,1,714,699,15
8,Neukölln,404,Urnenwahlbezirk,2418,2250,168,0,474,2,1,473,461,12
8,Neukölln,405,Urnenwahlbezirk,1563,1431,132,0,499,0,0,499,494,5
8,Neukölln,406,Urnenwahlbezirk,3022,2736,286,0,858,1,1,857,849,8
8,Neukölln,407,Urnenwahlbezirk,3324,3068,256,0,783,0,2,781,772,9
8,Neukölln,408,Urnenwahlbezirk,2028,1869,159,0,469,1,1,468,463,5
8,Neukölln,409,Urnenwahlbezirk,2772,2499,273,0,709,3,1,708,701,7
8,Neukölln,410,Urnenwahlbezirk,3706,3527,179,0,714,0,0,714,695,19
8,Neukölln,411,Urnenwahlbezirk,2980,2738,242,0,589,5,0,589,576,13
8,Neukölln,412,Urnenwahlbezirk,1458,1357,101,0,344,0,0,344,338,6
8,Neukölln,501,Urnenwahlbezirk,2834,2568,266,0,654,0,2,652,641,11
8,Neukölln,502,Urnenwahlbezirk,2963,2665,298,0,836,6,0,836,828,8
8,Neukölln,503,Urnenwahlbezirk,3357,3064,293,0,642,2,0,642,626,16
8,Neukölln,504,Urnenwahlbezirk,1716,1623,93,0,391,0,0,391,380,11
8,Neukölln,505,Urnenwahlbezirk,3202,2937,265,0,640,0,0,640,627,13
8,Neukölln,506,Urnenwahlbezirk,1639,1518,121,0,280,0,0,280,272,8
8,Neukölln,507,Urnenwahlbezirk,3233,2973,260,0,650,0,1,649,635,14
8,Neukölln,508,Urnenwahlbezirk,3349,3120,229,0,554,0,1,553,530,23
8,Neukölln,509,Urnenwahlbezirk,2820,2554,266,0,722,0,0,722,713,9
8,Neukölln,510,Urnenwahlbezirk,1589,1375,214,0,445,1,0,445,441,4
8,Neukölln,511,Urnenwahlbezirk,2748,2505,243,0,524,1,0,524,506,18
8,Neukölln,512,Urnenwahlbezirk,1432,1358,74,0,301,1,0,301,294,7
8,Neukölln,513,Urnenwahlbezirk,2683,2557,126,0,397,0,1,396,383,13
8,Neukölln,601,Urnenwahlbezirk,2277,2160,117,0,301,1,1,300,292,8
8,Neukölln,602,Urnenwahlbezirk,1887,1797,90,0,339,3,0,339,332,7
8,Neukölln,603,Urnenwahlbezirk,2390,2196,194,0,632,0,2,630,622,8
8,Neukölln,604,Urnenwahlbezirk,1585,1420,165,0,463,0,0,463,457,6
8,Neukölln,605,Urnenwahlbezirk,2500,2368,132,0,587,1,1,586,573,13
8,Neukölln,606,Urnenwahlbezirk,1601,1414,187,0,311,2,0,311,304,7
8,Neukölln,607,Urnenwahlbezirk,2623,2417,206,0,755,0,0,755,746,9
8,Neukölln,608,Urnenwahlbezirk,3596,3259,337,0,1206,2,0,1206,1189,17
8,Neukölln,609,Urnenwahlbezirk,1794,1585,209,0,513,5,0,513,510,3
8,Neukölln,610,Urnenwahlbezirk,2018,1793,225,0,570,0,0,570,564,6
8,Neukölln,611,Urnenwahlbezirk,3393,3166,227,0,963,2,2,961,937,24
8,Neukölln,612,Urnenwahlbezirk,2382,2234,148,0,498,1,2,496,478,18
8,Neukölln,613,Urnenwahlbezirk,3628,3461,167,0,846,0,0,846,829,17
9,Treptow-Köpenick,1A ,Briefwahlbezirk,0,0,0,0,1033,1033,5,1028,1007,21
9,Treptow-Köpenick,1B ,Briefwahlbezirk,0,0,0,0,853,853,1,852,832,20
9,Treptow-Köpenick,1C ,Briefwahlbezirk,0,0,0,0,1185,1185,0,1185,1160,25
9,Treptow-Köpenick,1D ,Briefwahlbezirk,0,0,0,0,619,619,0,619,605,14
9,Treptow-Köpenick,1E ,Briefwahlbezirk,0,0,0,0,1270,1270,1,1269,1245,24
9,Treptow-Köpenick,1F ,Briefwahlbezirk,0,0,0,0,522,522,0,522,512,10
9,Treptow-Köpenick,1G ,Briefwahlbezirk,0,0,0,0,1124,1124,0,1124,1102,22
9,Treptow-Köpenick,1H ,Briefwahlbezirk,0,0,0,0,928,928,0,928,917,11
9,Treptow-Köpenick,1I ,Briefwahlbezirk,0,0,0,0,539,539,0,539,527,12
9,Treptow-Köpenick,1J ,Briefwahlbezirk,0,0,0,0,1241,1241,1,1240,1230,10
9,Treptow-Köpenick,1K ,Briefwahlbezirk,0,0,0,0,988,988,0,988,969,19
9,Treptow-Köpenick,1L ,Briefwahlbezirk,0,0,0,0,1272,1272,2,1270,1248,22
9,Treptow-Köpenick,101,Urnenwahlbezirk,1888,1780,108,0,482,1,1,481,476,5
9,Treptow-Köpenick,103,Urnenwahlbezirk,2433,2256,177,0,549,6,0,549,540,9
9,Treptow-Köpenick,104,Urnenwahlbezirk,3402,3264,138,0,862,2,4,858,850,8
9,Treptow-Köpenick,108,Urnenwahlbezirk,3428,3101,327,0,766,3,1,765,756,9
9,Treptow-Köpenick,111,Urnenwahlbezirk,2397,2259,138,0,583,0,1,582,574,8
9,Treptow-Köpenick,113,Urnenwahlbezirk,2612,2476,136,0,698,4,1,697,688,9
9,Treptow-Köpenick,116,Urnenwahlbezirk,2252,2101,151,0,473,2,0,473,471,2
9,Treptow-Köpenick,120,Urnenwahlbezirk,2464,2309,155,0,697,0,0,697,688,9
9,Treptow-Köpenick,122,Urnenwahlbezirk,2515,2372,143,0,717,5,1,716,708,8
9,Treptow-Köpenick,126,Urnenwahlbezirk,1095,1045,50,0,274,0,0,274,271,3
9,Treptow-Köpenick,127,Urnenwahlbezirk,884,834,50,0,228,1,0,228,225,3
9,Treptow-Köpenick,128,Urnenwahlbezirk,995,937,58,0,278,0,0,278,272,6
9,Treptow-Köpenick,130,Urnenwahlbezirk,2883,2717,166,0,856,0,0,856,839,17
9,Treptow-Köpenick,133,Urnenwahlbezirk,1965,1774,191,0,495,1,0,495,488,7
9,Treptow-Köpenick,135,Urnenwahlbezirk,2944,2830,114,0,571,0,0,571,563,8
9,Treptow-Köpenick,201,Urnenwahlbezirk,1683,1524,159,0,463,2,0,463,452,11
9,Treptow-Köpenick,204,Urnenwahlbezirk,3018,2846,172,0,793,1,0,793,785,8
9,Treptow-Köpenick,207,Urnenwahlbezirk,3388,3216,172,0,980,0,1,979,966,13
9,Treptow-Köpenick,208,Urnenwahlbezirk,2222,2103,119,0,580,0,1,579,578,1
9,Treptow-Köpenick,211,Urnenwahlbezirk,3148,2891,257,0,924,3,1,923,914,9
9,Treptow-Köpenick,212,Urnenwahlbezirk,874,815,59,0,318,1,1,317,314,3
9,Treptow-Köpenick,214,Urnenwahlbezirk,1133,1054,79,0,356,2,0,356,352,4
9,Treptow-Köpenick,216,Urnenwahlbezirk,3454,3146,308,0,999,5,0,999,982,17
9,Treptow-Köpenick,221,Urnenwahlbezirk,1937,1825,112,0,441,0,1,440,432,8
9,Treptow-Köpenick,222,Urnenwahlbezirk,1499,1449,50,0,290,0,0,290,287,3
9,Treptow-Köpenick,224,Urnenwahlbezirk,2613,2534,79,0,380,1,0,380,368,12
9,Treptow-Köpenick,227,Urnenwahlbezirk,623,598,25,0,95,1,1,94,94,0
9,Treptow-Köpenick,228,Urnenwahlbezirk,2628,2522,106,0,620,0,0,620,609,11
9,Treptow-Köpenick,230,Urnenwahlbezirk,3661,3484,177,0,861,0,0,861,840,21
9,Treptow-Köpenick,231,Urnenwahlbezirk,928,900,28,0,129,0,0,129,128,1
9,Treptow-Köpenick,236,Urnenwahlbezirk,2749,2622,127,0,588,5,0,588,581,7
9,Treptow-Köpenick,301,Urnenwahlbezirk,702,649,53,0,251,0,0,251,250,1
9,Treptow-Köpenick,302,Urnenwahlbezirk,2362,2212,150,0,583,1,0,583,576,7
9,Treptow-Köpenick,304,Urnenwahlbezirk,3180,2912,268,0,956,3,0,956,945,11
9,Treptow-Köpenick,308,Urnenwahlbezirk,3077,2944,133,0,656,4,0,656,642,14
9,Treptow-Köpenick,309,Urnenwahlbezirk,3661,3455,206,0,887,2,0,887,873,14
9,Treptow-Köpenick,314,Urnenwahlbezirk,3965,3692,273,0,1045,2,0,1045,1028,17
9,Treptow-Köpenick,317,Urnenwahlbezirk,3017,2796,221,0,914,0,0,914,912,2
9,Treptow-Köpenick,319,Urnenwahlbezirk,2107,2007,100,0,360,0,0,360,355,5
9,Treptow-Köpenick,320,Urnenwahlbezirk,976,948,28,0,208,0,2,206,202,4
9,Treptow-Köpenick,321,Urnenwahlbezirk,569,547,22,0,121,0,0,121,119,2
9,Treptow-Köpenick,322,Urnenwahlbezirk,2402,2250,152,0,663,4,0,663,656,7
9,Treptow-Köpenick,324,Urnenwahlbezirk,2214,2058,156,0,642,0,0,642,634,8
9,Treptow-Köpenick,326,Urnenwahlbezirk,1346,1307,39,0,143,0,0,143,139,4
9,Treptow-Köpenick,328,Urnenwahlbezirk,1183,1129,54,0,305,0,0,305,300,5
9,Treptow-Köpenick,330,Urnenwahlbezirk,2077,2002,75,0,446,0,1,445,431,14
9,Treptow-Köpenick,333,Urnenwahlbezirk,879,814,65,0,245,20,0,245,245,0
9,Treptow-Köpenick,401,Urnenwahlbezirk,2871,2607,264,0,858,2,2,856,850,6
9,Treptow-Köpenick,403,Urnenwahlbezirk,786,747,39,0,88,0,0,88,85,3
9,Treptow-Köpenick,404,Urnenwahlbezirk,1855,1727,128,0,500,0,2,498,492,6
9,Treptow-Köpenick,405,Urnenwahlbezirk,3672,3304,368,0,1085,3,0,1085,1077,8
9,Treptow-Köpenick,409,Urnenwahlbezirk,3221,3062,159,0,797,1,1,796,787,9
9,Treptow-Köpenick,413,Urnenwahlbezirk,4096,3873,223,0,895,0,0,895,880,15
9,Treptow-Köpenick,418,Urnenwahlbezirk,561,552,9,0,81,0,0,81,80,1
9,Treptow-Köpenick,419,Urnenwahlbezirk,632,589,43,0,233,0,0,233,232,1
9,Treptow-Köpenick,420,Urnenwahlbezirk,1861,1745,116,0,472,4,0,472,466,6
9,Treptow-Köpenick,422,Urnenwahlbezirk,889,830,59,0,288,0,1,287,284,3
9,Treptow-Köpenick,423,Urnenwahlbezirk,1272,1192,80,0,369,2,0,369,364,5
9,Treptow-Köpenick,424,Urnenwahlbezirk,774,715,59,0,282,0,0,282,277,5
9,Treptow-Köpenick,425,Urnenwahlbezirk,753,678,75,0,255,0,0,255,252,3
9,Treptow-Köpenick,426,Urnenwahlbezirk,796,711,85,0,279,0,0,279,278,1
9,Treptow-Köpenick,427,Urnenwahlbezirk,739,677,62,0,222,1,0,222,220,2
9,Treptow-Köpenick,428,Urnenwahlbezirk,366,336,30,0,131,2,0,131,130,1
9,Treptow-Köpenick,429,Urnenwahlbezirk,2785,2643,142,0,748,0,0,748,746,2
9,Treptow-Köpenick,432,Urnenwahlbezirk,3380,3222,158,0,722,2,1,721,711,10
9,Treptow-Köpenick,436,Urnenwahlbezirk,1667,1536,131,0,527,0,0,527,519,8
9,Treptow-Köpenick,501,Urnenwahlbezirk,864,831,33,0,190,0,0,190,187,3
9,Treptow-Köpenick,502,Urnenwahlbezirk,766,734,32,0,141,1,0,141,137,4
9,Treptow-Köpenick,503,Urnenwahlbezirk,830,781,49,0,201,1,0,201,197,4
9,Treptow-Köpenick,504,Urnenwahlbezirk,971,893,78,0,297,2,1,296,295,1
9,Treptow-Köpenick,505,Urnenwahlbezirk,1079,987,92,0,356,0,0,356,349,7
9,Treptow-Köpenick,506,Urnenwahlbezirk,1594,1490,104,0,567,2,0,567,557,10
9,Treptow-Köpenick,508,Urnenwahlbezirk,1327,1255,72,0,366,0,2,364,361,3
9,Treptow-Köpenick,510,Urnenwahlbezirk,1577,1477,100,0,386,0,0,386,382,4
9,Treptow-Köpenick,512,Urnenwahlbezirk,553,524,29,0,81,0,0,81,79,2
9,Treptow-Köpenick,513,Urnenwahlbezirk,911,869,42,0,243,0,0,243,240,3
9,Treptow-Köpenick,514,Urnenwahlbezirk,702,678,24,0,175,0,0,175,172,3
9,Treptow-Köpenick,515,Urnenwahlbezirk,2208,2059,149,0,371,0,1,370,361,9
9,Treptow-Köpenick,518,Urnenwahlbezirk,1194,1148,46,0,250,0,0,250,246,4
9,Treptow-Köpenick,519,Urnenwahlbezirk,3286,3054,232,0,985,2,0,985,963,22
9,Treptow-Köpenick,522,Urnenwahlbezirk,3077,2852,225,0,1112,0,0,1112,1100,12
9,Treptow-Köpenick,525,Urnenwahlbezirk,2146,2028,118,0,661,0,1,660,651,9
9,Treptow-Köpenick,527,Urnenwahlbezirk,1526,1398,128,0,459,0,0,459,452,7
9,Treptow-Köpenick,528,Urnenwahlbezirk,2380,2182,198,0,951,3,2,949,946,3
9,Treptow-Köpenick,530,Urnenwahlbezirk,3191,2954,237,0,1145,1,0,1145,1136,9
9,Treptow-Köpenick,601,Urnenwahlbezirk,2845,2642,203,0,1130,4,0,1130,1110,20
9,Treptow-Köpenick,603,Urnenwahlbezirk,869,828,41,0,217,0,0,217,210,7
9,Treptow-Köpenick,604,Urnenwahlbezirk,1032,962,70,0,348,0,0,348,346,2
9,Treptow-Köpenick,605,Urnenwahlbezirk,2021,1898,123,0,701,2,1,700,696,4
9,Treptow-Köpenick,608,Urnenwahlbezirk,1567,1429,138,0,505,0,0,505,498,7
9,Treptow-Köpenick,609,Urnenwahlbezirk,1467,1352,115,0,513,0,0,513,504,9
9,Treptow-Köpenick,611,Urnenwahlbezirk,2435,2277,158,0,741,0,0,741,733,8
9,Treptow-Köpenick,614,Urnenwahlbezirk,2664,2431,233,0,971,0,1,970,966,4
9,Treptow-Köpenick,617,Urnenwahlbezirk,2325,2148,177,0,772,1,0,772,766,6
9,Treptow-Köpenick,619,Urnenwahlbezirk,768,708,60,0,285,0,0,285,278,7
9,Treptow-Köpenick,620,Urnenwahlbezirk,3461,3200,261,0,1125,4,0,1125,1110,15
9,Treptow-Köpenick,624,Urnenwahlbezirk,3567,3337,230,0,1245,2,2,1243,1226,17
9,Treptow-Köpenick,628,Urnenwahlbezirk,637,588,49,0,223,0,0,223,222,1
9,Treptow-Köpenick,629,Urnenwahlbezirk,1426,1335,91,0,432,2,1,431,426,5
9,Treptow-Köpenick,630,Urnenwahlbezirk,1594,1418,176,0,572,2,2,570,565,5
9,Treptow-Köpenick,631,Urnenwahlbezirk,1821,1661,160,0,663,2,0,663,654,9
9,Treptow-Köpenick,633,Urnenwahlbezirk,1278,1187,91,0,413,2,0,413,410,3
9,Treptow-Köpenick,634,Urnenwahlbezirk,1321,1237,84,0,420,3,0,420,417,3
10,Marzahn-Hellersdorf,1A ,Briefwahlbezirk,0,0,0,0,590,590,1,589,577,12
10,Marzahn-Hellersdorf,1B ,Briefwahlbezirk,0,0,0,0,574,574,0,574,557,17
10,Marzahn-Hellersdorf,1C ,Briefwahlbezirk,0,0,0,0,588,588,0,588,573,15
10,Marzahn-Hellersdorf,1D ,Briefwahlbezirk,0,0,0,0,586,586,0,586,576,10
10,Marzahn-Hellersdorf,1E ,Briefwahlbezirk,0,0,0,0,579,579,1,578,569,9
10,Marzahn-Hellersdorf,1F ,Briefwahlbezirk,0,0,0,0,588,588,1,587,573,14
10,Marzahn-Hellersdorf,1G ,Briefwahlbezirk,0,0,0,0,588,588,3,585,569,16
10,Marzahn-Hellersdorf,1H ,Briefwahlbezirk,0,0,0,0,557,557,0,557,547,10
10,Marzahn-Hellersdorf,1J ,Briefwahlbezirk,0,0,0,0,541,541,0,541,534,7
10,Marzahn-Hellersdorf,1K ,Briefwahlbezirk,0,0,0,0,543,543,0,543,533,10
10,Marzahn-Hellersdorf,1L ,Briefwahlbezirk,0,0,0,0,541,541,0,541,529,12
10,Marzahn-Hellersdorf,1M ,Briefwahlbezirk,0,0,0,0,567,567,1,566,556,10
10,Marzahn-Hellersdorf,1N ,Briefwahlbezirk,0,0,0,0,533,533,2,531,520,11
10,Marzahn-Hellersdorf,1O ,Briefwahlbezirk,0,0,0,0,538,538,0,538,527,11
10,Marzahn-Hellersdorf,1P ,Briefwahlbezirk,0,0,0,0,532,532,1,531,520,11
10,Marzahn-Hellersdorf,1Q ,Briefwahlbezirk,0,0,0,0,541,541,0,541,535,6
10,Marzahn-Hellersdorf,101,Urnenwahlbezirk,4288,4182,106,0,591,1,0,591,577,14
10,Marzahn-Hellersdorf,102,Urnenwahlbezirk,4193,4067,126,0,544,0,0,544,533,11
10,Marzahn-Hellersdorf,103,Urnenwahlbezirk,5305,5122,183,0,819,0,1,818,806,12
10,Marzahn-Hellersdorf,104,Urnenwahlbezirk,3258,3192,66,0,347,0,2,345,339,6
10,Marzahn-Hellersdorf,105,Urnenwahlbezirk,3700,3535,165,0,669,1,0,669,661,8
10,Marzahn-Hellersdorf,106,Urnenwahlbezirk,2591,2532,59,0,462,0,1,461,456,5
10,Marzahn-Hellersdorf,107,Urnenwahlbezirk,3691,3574,117,0,645,0,0,645,631,14
10,Marzahn-Hellersdorf,201,Urnenwahlbezirk,4210,4113,97,0,637,0,0,637,623,14
10,Marzahn-Hellersdorf,202,Urnenwahlbezirk,3453,3324,129,0,595,1,0,595,582,13
10,Marzahn-Hellersdorf,203,Urnenwahlbezirk,3837,3655,182,0,801,0,2,799,787,12
10,Marzahn-Hellersdorf,204,Urnenwahlbezirk,3557,3404,153,0,654,0,0,654,641,13
10,Marzahn-Hellersdorf,205,Urnenwahlbezirk,2402,2264,138,0,602,1,3,599,589,10
10,Marzahn-Hellersdorf,206,Urnenwahlbezirk,3095,2925,170,0,819,1,0,819,811,8
10,Marzahn-Hellersdorf,207,Urnenwahlbezirk,3967,3797,170,0,666,0,2,664,651,13
10,Marzahn-Hellersdorf,208,Urnenwahlbezirk,3488,3367,121,0,807,0,0,807,797,10
10,Marzahn-Hellersdorf,301,Urnenwahlbezirk,4318,4115,203,0,978,0,1,977,959,18
10,Marzahn-Hellersdorf,302,Urnenwahlbezirk,2443,2377,66,0,652,0,1,651,641,10
10,Marzahn-Hellersdorf,303,Urnenwahlbezirk,3863,3604,259,0,1024,0,1,1023,1010,13
10,Marzahn-Hellersdorf,304,Urnenwahlbezirk,4322,4069,253,0,1062,4,1,1061,1048,13
10,Marzahn-Hellersdorf,305,Urnenwahlbezirk,4205,4021,184,0,818,0,0,818,812,6
10,Marzahn-Hellersdorf,306,Urnenwahlbezirk,1584,1445,139,0,468,0,0,468,465,3
10,Marzahn-Hellersdorf,307,Urnenwahlbezirk,4077,3979,98,0,444,0,1,443,432,11
10,Marzahn-Hellersdorf,308,Urnenwahlbezirk,3673,3572,101,0,589,1,1,588,581,7
10,Marzahn-Hellersdorf,309,Urnenwahlbezirk,4031,3951,80,0,520,0,1,519,507,12
10,Marzahn-Hellersdorf,401,Urnenwahlbezirk,3797,3624,173,0,774,1,2,772,762,10
10,Marzahn-Hellersdorf,402,Urnenwahlbezirk,3742,3594,148,0,1024,1,2,1022,993,29
10,Marzahn-Hellersdorf,403,Urnenwahlbezirk,4233,3846,387,0,1137,2,0,1137,1126,11
10,Marzahn-Hellersdorf,404,Urnenwahlbezirk,3640,3237,403,0,1092,2,0,1092,1085,7
10,Marzahn-Hellersdorf,405,Urnenwahlbezirk,3049,2938,111,0,538,2,0,538,533,5
10,Marzahn-Hellersdorf,406,Urnenwahlbezirk,1165,1091,74,0,318,0,0,318,310,8
10,Marzahn-Hellersdorf,407,Urnenwahlbezirk,1580,1471,109,0,539,0,0,539,535,4
10,Marzahn-Hellersdorf,408,Urnenwahlbezirk,2334,2099,235,0,717,3,2,715,707,8
10,Marzahn-Hellersdorf,409,Urnenwahlbezirk,2087,1934,153,0,778,0,0,778,766,12
10,Marzahn-Hellersdorf,410,Urnenwahlbezirk,1246,1162,84,0,431,0,0,431,416,15
10,Marzahn-Hellersdorf,411,Urnenwahlbezirk,1401,1306,95,0,453,1,0,453,453,0
10,Marzahn-Hellersdorf,501,Urnenwahlbezirk,3385,3168,217,0,1153,1,1,1152,1145,7
10,Marzahn-Hellersdorf,502,Urnenwahlbezirk,1272,1176,96,0,380,0,0,380,374,6
10,Marzahn-Hellersdorf,503,Urnenwahlbezirk,2551,2377,174,0,838,0,0,838,835,3
10,Marzahn-Hellersdorf,504,Urnenwahlbezirk,2520,2323,197,0,794,4,0,794,786,8
10,Marzahn-Hellersdorf,505,Urnenwahlbezirk,2434,2254,180,0,825,4,5,820,808,12
10,Marzahn-Hellersdorf,506,Urnenwahlbezirk,2493,2251,242,0,875,1,0,875,860,15
10,Marzahn-Hellersdorf,507,Urnenwahlbezirk,2540,2317,223,0,844,2,0,844,839,5
10,Marzahn-Hellersdorf,508,Urnenwahlbezirk,1235,1148,87,0,490,0,0,490,487,3
10,Marzahn-Hellersdorf,509,Urnenwahlbezirk,2669,2478,191,0,843,0,1,842,835,7
10,Marzahn-Hellersdorf,510,Urnenwahlbezirk,2504,2307,197,0,723,0,0,723,714,9
10,Marzahn-Hellersdorf,511,Urnenwahlbezirk,1137,1034,103,0,382,0,0,382,381,1
10,Marzahn-Hellersdorf,512,Urnenwahlbezirk,2186,2061,125,0,759,0,0,759,750,9
10,Marzahn-Hellersdorf,513,Urnenwahlbezirk,1049,958,91,0,376,2,1,375,374,1
10,Marzahn-Hellersdorf,514,Urnenwahlbezirk,3710,3363,347,0,1236,0,0,1236,1224,12
10,Marzahn-Hellersdorf,601,Urnenwahlbezirk,2277,2236,41,0,371,0,0,371,355,16
10,Marzahn-Hellersdorf,602,Urnenwahlbezirk,2233,2178,55,0,329,0,0,329,325,4
10,Marzahn-Hellersdorf,603,Urnenwahlbezirk,2679,2544,135,0,606,0,4,602,586,16
10,Marzahn-Hellersdorf,604,Urnenwahlbezirk,2789,2688,101,0,576,0,2,574,565,9
10,Marzahn-Hellersdorf,605,Urnenwahlbezirk,2683,2603,80,0,506,1,1,505,490,15
10,Marzahn-Hellersdorf,606,Urnenwahlbezirk,2530,2436,94,0,457,0,0,457,447,10
10,Marzahn-Hellersdorf,607,Urnenwahlbezirk,1898,1827,71,0,428,0,0,428,420,8
10,Marzahn-Hellersdorf,608,Urnenwahlbezirk,2740,2606,134,0,759,0,0,759,754,5
10,Marzahn-Hellersdorf,609,Urnenwahlbezirk,764,733,31,0,299,1,0,299,296,3
10,Marzahn-Hellersdorf,610,Urnenwahlbezirk,1032,954,78,0,339,3,1,338,332,6
10,Marzahn-Hellersdorf,611,Urnenwahlbezirk,1853,1757,96,0,471,0,1,470,465,5
10,Marzahn-Hellersdorf,612,Urnenwahlbezirk,2188,2001,187,0,661,0,0,661,655,6
10,Marzahn-Hellersdorf,613,Urnenwahlbezirk,2668,2513,155,0,635,3,0,635,621,14
10,Marzahn-Hellersdorf,701,Urnenwahlbezirk,1398,1350,48,0,229,0,0,229,227,2
10,Marzahn-Hellersdorf,702,Urnenwahlbezirk,3748,3644,104,0,636,0,0,636,627,9
10,Marzahn-Hellersdorf,703,Urnenwahlbezirk,3441,3357,84,0,354,0,1,353,345,8
10,Marzahn-Hellersdorf,704,Urnenwahlbezirk,2838,2765,73,0,389,2,0,389,380,9
10,Marzahn-Hellersdorf,705,Urnenwahlbezirk,1826,1780,46,0,277,0,0,277,275,2
10,Marzahn-Hellersdorf,706,Urnenwahlbezirk,2039,1966,73,0,433,0,1,432,422,10
10,Marzahn-Hellersdorf,707,Urnenwahlbezirk,3416,3289,127,0,731,0,0,731,713,18
10,Marzahn-Hellersdorf,708,Urnenwahlbezirk,2496,2383,113,0,373,0,0,373,367,6
10,Marzahn-Hellersdorf,709,Urnenwahlbezirk,3602,3488,114,0,477,0,1,476,465,11
10,Marzahn-Hellersdorf,710,Urnenwahlbezirk,1889,1824,65,0,302,0,0,302,298,4
11,Lichtenberg,1A ,Briefwahlbezirk,0,0,0,0,195,195,0,195,194,1
11,Lichtenberg,1B ,Briefwahlbezirk,0,0,0,0,374,374,0,374,362,12
11,Lichtenberg,1C ,Briefwahlbezirk,0,0,0,0,303,303,0,303,290,13
11,Lichtenberg,1D ,Briefwahlbezirk,0,0,0,0,222,222,0,222,219,3
11,Lichtenberg,2A ,Briefwahlbezirk,0,0,0,0,276,276,0,276,270,6
11,Lichtenberg,2B ,Briefwahlbezirk,0,0,0,0,445,445,0,445,432,13
11,Lichtenberg,2C ,Briefwahlbezirk,0,0,0,0,451,451,0,451,444,7
11,Lichtenberg,2D ,Briefwahlbezirk,0,0,0,0,328,328,0,328,323,5
11,Lichtenberg,3A ,Briefwahlbezirk,0,0,0,0,444,444,1,443,426,17
11,Lichtenberg,3B ,Briefwahlbezirk,0,0,0,0,564,564,0,564,552,12
11,Lichtenberg,3C ,Briefwahlbezirk,0,0,0,0,329,329,0,329,320,9
11,Lichtenberg,4A ,Briefwahlbezirk,0,0,0,0,659,659,1,658,640,18
11,Lichtenberg,4B ,Briefwahlbezirk,0,0,0,0,626,626,1,625,609,16
11,Lichtenberg,4C ,Briefwahlbezirk,0,0,0,0,425,425,1,424,404,20
11,Lichtenberg,5A ,Briefwahlbezirk,0,0,0,0,520,520,0,520,501,19
11,Lichtenberg,5B ,Briefwahlbezirk,0,0,0,0,512,512,0,512,496,16
11,Lichtenberg,5C ,Briefwahlbezirk,0,0,0,0,403,403,0,403,394,9
11,Lichtenberg,6A ,Briefwahlbezirk,0,0,0,0,517,517,2,515,501,14
11,Lichtenberg,6B ,Briefwahlbezirk,0,0,0,0,666,666,0,666,646,20
11,Lichtenberg,6C ,Briefwahlbezirk,0,0,0,0,546,546,2,544,526,18
11,Lichtenberg,101,Urnenwahlbezirk,3451,3336,115,0,474,0,0,474,462,12
11,Lichtenberg,102,Urnenwahlbezirk,1068,1023,45,0,271,0,0,271,271,0
11,Lichtenberg,103,Urnenwahlbezirk,1036,981,55,0,224,0,0,224,222,2
11,Lichtenberg,104,Urnenwahlbezirk,2785,2712,73,0,453,4,3,450,439,11
11,Lichtenberg,107,Urnenwahlbezirk,3640,3429,211,0,578,0,1,577,567,10
11,Lichtenberg,109,Urnenwahlbezirk,3312,3187,125,0,463,0,0,463,450,13
11,Lichtenberg,110,Urnenwahlbezirk,3409,3266,143,0,539,0,0,539,528,11
11,Lichtenberg,111,Urnenwahlbezirk,2812,2690,122,0,434,0,0,434,423,11
11,Lichtenberg,115,Urnenwahlbezirk,3159,3087,72,0,431,0,1,430,417,13
11,Lichtenberg,117,Urnenwahlbezirk,3036,2932,104,0,343,1,0,343,326,17
11,Lichtenberg,119,Urnenwahlbezirk,3451,3324,127,0,448,0,0,448,440,8
11,Lichtenberg,201,Urnenwahlbezirk,1577,1488,89,0,256,2,0,256,255,1
11,Lichtenberg,202,Urnenwahlbezirk,2767,2656,111,0,481,0,1,480,469,11
11,Lichtenberg,204,Urnenwahlbezirk,2645,2532,113,0,334,0,0,334,328,6
11,Lichtenberg,206,Urnenwahlbezirk,3483,3382,101,0,475,0,1,475,461,14
11,Lichtenberg,208,Urnenwahlbezirk,3222,3002,220,0,645,0,1,644,636,8
11,Lichtenberg,209,Urnenwahlbezirk,3268,3099,169,0,719,2,2,717,709,8
11,Lichtenberg,211,Urnenwahlbezirk,2115,1978,137,0,374,0,0,374,368,6
11,Lichtenberg,213,Urnenwahlbezirk,3103,2942,161,0,677,1,1,676,661,15
11,Lichtenberg,215,Urnenwahlbezirk,2937,2737,200,0,516,2,0,515,506,9
11,Lichtenberg,217,Urnenwahlbezirk,1934,1875,59,0,392,0,0,392,381,11
11,Lichtenberg,218,Urnenwahlbezirk,3109,2945,164,0,598,0,1,597,583,14
11,Lichtenberg,219,Urnenwahlbezirk,3257,3102,155,0,647,2,0,647,627,20
11,Lichtenberg,301,Urnenwahlbezirk,2821,2692,129,0,698,3,1,697,687,10
11,Lichtenberg,303,Urnenwahlbezirk,1870,1803,67,0,377,0,2,375,364,11
11,Lichtenberg,304,Urnenwahlbezirk,3534,3389,145,0,582,0,0,582,564,18
11,Lichtenberg,305,Urnenwahlbezirk,3557,3401,156,0,603,0,0,602,587,15
11,Lichtenberg,308,Urnenwahlbezirk,3133,2981,152,0,462,1,1,465,456,9
11,Lichtenberg,310,Urnenwahlbezirk,3138,3024,114,0,566,0,1,566,559,7
11,Lichtenberg,312,Urnenwahlbezirk,2721,2579,142,0,510,3,1,509,501,8
11,Lichtenberg,314,Urnenwahlbezirk,3267,3046,221,0,642,2,0,642,637,5
11,Lichtenberg,316,Urnenwahlbezirk,1948,1860,88,0,416,2,0,416,410,6
11,Lichtenberg,317,Urnenwahlbezirk,2402,2298,104,0,461,0,0,461,451,10
11,Lichtenberg,319,Urnenwahlbezirk,1248,1215,33,0,98,0,0,98,96,2
11,Lichtenberg,320,Urnenwahlbezirk,2010,1927,83,0,361,0,0,361,347,14
11,Lichtenberg,321,Urnenwahlbezirk,1979,1912,67,0,546,0,0,546,526,20
11,Lichtenberg,401,Urnenwahlbezirk,3275,3119,156,0,604,2,0,604,593,11
11,Lichtenberg,403,Urnenwahlbezirk,3654,3447,207,0,904,1,1,903,887,16
11,Lichtenberg,405,Urnenwahlbezirk,3546,3321,225,0,730,0,0,730,720,10
11,Lichtenberg,407,Urnenwahlbezirk,2622,2482,140,0,486,1,1,485,481,4
11,Lichtenberg,409,Urnenwahlbezirk,4054,3859,195,0,713,2,1,712,698,14
11,Lichtenberg,411,Urnenwahlbezirk,3197,3045,152,0,665,2,0,665,657,8
11,Lichtenberg,413,Urnenwahlbezirk,3370,3207,163,0,549,0,0,549,545,4
11,Lichtenberg,414,Urnenwahlbezirk,4013,3833,180,0,739,0,0,739,725,14
11,Lichtenberg,416,Urnenwahlbezirk,1810,1740,70,0,284,1,0,284,276,8
11,Lichtenberg,418,Urnenwahlbezirk,3175,3006,169,0,836,0,0,835,816,19
11,Lichtenberg,419,Urnenwahlbezirk,2590,2439,151,0,569,3,0,570,541,29
11,Lichtenberg,420,Urnenwahlbezirk,1354,1285,69,0,346,2,1,345,342,3
11,Lichtenberg,501,Urnenwahlbezirk,3115,2936,179,0,400,0,0,400,390,10
11,Lichtenberg,502,Urnenwahlbezirk,2997,2885,112,0,482,0,0,482,469,13
11,Lichtenberg,504,Urnenwahlbezirk,3550,3443,107,0,540,2,0,540,534,6
11,Lichtenberg,505,Urnenwahlbezirk,3546,3357,189,0,682,0,0,682,669,13
11,Lichtenberg,506,Urnenwahlbezirk,3829,3672,157,0,741,1,0,741,734,7
11,Lichtenberg,508,Urnenwahlbezirk,3612,3385,227,0,745,0,5,740,726,14
11,Lichtenberg,512,Urnenwahlbezirk,2365,2273,92,0,329,0,0,329,319,10
11,Lichtenberg,513,Urnenwahlbezirk,2127,2014,113,0,305,0,0,305,302,3
11,Lichtenberg,514,Urnenwahlbezirk,2119,2003,116,0,388,0,0,388,378,10
11,Lichtenberg,515,Urnenwahlbezirk,2135,1994,141,0,568,0,0,568,561,7
11,Lichtenberg,517,Urnenwahlbezirk,2864,2713,151,0,587,0,0,587,583,4
11,Lichtenberg,519,Urnenwahlbezirk,1924,1862,62,0,338,2,0,338,334,4
11,Lichtenberg,601,Urnenwahlbezirk,2104,1970,134,0,586,1,0,586,575,11
11,Lichtenberg,602,Urnenwahlbezirk,2656,2553,103,0,625,1,0,625,620,5
11,Lichtenberg,603,Urnenwahlbezirk,1849,1764,85,0,477,1,0,477,468,9
11,Lichtenberg,604,Urnenwahlbezirk,3692,3434,258,0,900,0,0,900,863,37
11,Lichtenberg,606,Urnenwahlbezirk,1868,1760,108,0,643,4,1,642,624,18
11,Lichtenberg,608,Urnenwahlbezirk,3044,2864,180,0,576,0,1,575,566,9
11,Lichtenberg,610,Urnenwahlbezirk,2854,2707,147,0,505,1,2,503,495,8
11,Lichtenberg,612,Urnenwahlbezirk,2029,1893,136,0,679,1,0,679,664,15
11,Lichtenberg,613,Urnenwahlbezirk,3451,3269,182,0,836,1,0,836,827,9
11,Lichtenberg,614,Urnenwahlbezirk,2359,2214,145,0,527,1,2,525,514,11
11,Lichtenberg,617,Urnenwahlbezirk,2454,2312,142,0,621,2,0,622,615,7
11,Lichtenberg,619,Urnenwahlbezirk,2340,2229,111,0,546,0,1,545,528,17
11,Lichtenberg,620,Urnenwahlbezirk,2471,2318,153,0,688,0,0,688,682,6
11,Lichtenberg,622,Urnenwahlbezirk,1650,1565,85,0,432,2,1,431,428,3
12,Reinickendorf,1A ,Briefwahlbezirk,0,0,0,0,277,277,0,277,266,11
12,Reinickendorf,1B ,Briefwahlbezirk,0,0,0,0,233,233,0,233,222,11
12,Reinickendorf,1C ,Briefwahlbezirk,0,0,0,0,360,360,1,359,356,3
12,Reinickendorf,1D ,Briefwahlbezirk,0,0,0,0,312,312,0,312,306,6
12,Reinickendorf,2A ,Briefwahlbezirk,0,0,0,0,556,556,1,555,542,13
12,Reinickendorf,2B ,Briefwahlbezirk,0,0,0,0,441,441,0,441,433,8
12,Reinickendorf,2C ,Briefwahlbezirk,0,0,0,0,366,366,0,366,361,5
12,Reinickendorf,2D ,Briefwahlbezirk,0,0,0,0,280,280,0,280,274,6
12,Reinickendorf,3A ,Briefwahlbezirk,0,0,0,0,589,589,0,589,582,7
12,Reinickendorf,3B ,Briefwahlbezirk,0,0,0,0,681,681,0,681,668,13
12,Reinickendorf,3C ,Briefwahlbezirk,0,0,0,0,655,655,0,655,647,8
12,Reinickendorf,3D ,Briefwahlbezirk,0,0,0,0,302,302,0,302,299,3
12,Reinickendorf,4A ,Briefwahlbezirk,0,0,0,0,533,533,3,530,522,8
12,Reinickendorf,4B ,Briefwahlbezirk,0,0,0,0,444,444,1,443,436,7
12,Reinickendorf,4C ,Briefwahlbezirk,0,0,0,0,591,591,0,591,583,8
12,Reinickendorf,4D ,Briefwahlbezirk,0,0,0,0,434,434,0,434,426,8
12,Reinickendorf,5A ,Briefwahlbezirk,0,0,0,0,438,438,0,438,433,5
12,Reinickendorf,5B ,Briefwahlbezirk,0,0,0,0,225,225,0,225,222,3
12,Reinickendorf,5C ,Briefwahlbezirk,0,0,0,0,227,227,0,227,218,9
12,Reinickendorf,5D ,Briefwahlbezirk,0,0,0,0,311,311,0,311,302,9
12,Reinickendorf,6A ,Briefwahlbezirk,0,0,0,0,523,523,0,523,516,7
12,Reinickendorf,6B ,Briefwahlbezirk,0,0,0,0,555,555,0,555,546,9
12,Reinickendorf,6C ,Briefwahlbezirk,0,0,0,0,741,741,1,740,728,12
12,Reinickendorf,6D ,Briefwahlbezirk,0,0,0,0,666,666,0,666,654,12
12,Reinickendorf,101,Urnenwahlbezirk,1189,1071,118,0,221,0,0,221,219,2
12,Reinickendorf,102,Urnenwahlbezirk,966,916,50,0,181,0,0,181,178,3
12,Reinickendorf,103,Urnenwahlbezirk,863,829,34,0,135,0,0,135,132,3
12,Reinickendorf,104,Urnenwahlbezirk,958,913,45,0,134,0,1,133,130,3
12,Reinickendorf,105,Urnenwahlbezirk,843,821,22,0,110,0,0,110,107,3
12,Reinickendorf,106,Urnenwahlbezirk,1155,1110,45,0,189,0,1,188,180,8
12,Reinickendorf,107,Urnenwahlbezirk,1306,1260,46,0,304,0,0,304,299,5
12,Reinickendorf,108,Urnenwahlbezirk,856,835,21,0,162,0,0,162,159,3
12,Reinickendorf,109,Urnenwahlbezirk,977,947,30,0,123,0,1,122,121,1
12,Reinickendorf,110,Urnenwahlbezirk,923,879,44,0,174,0,1,173,166,7
12,Reinickendorf,111,Urnenwahlbezirk,989,965,24,0,131,0,0,131,130,1
12,Reinickendorf,112,Urnenwahlbezirk,1250,1156,94,0,297,0,0,297,287,10
12,Reinickendorf,113,Urnenwahlbezirk,678,634,44,0,144,0,0,144,141,3
12,Reinickendorf,114,Urnenwahlbezirk,1794,1735,59,0,270,0,1,269,260,9
12,Reinickendorf,115,Urnenwahlbezirk,676,650,26,0,116,0,0,116,112,4
12,Reinickendorf,116,Urnenwahlbezirk,1106,1068,38,0,165,0,0,165,161,4
12,Reinickendorf,117,Urnenwahlbezirk,2083,1980,103,0,319,0,0,319,312,7
12,Reinickendorf,118,Urnenwahlbezirk,1832,1753,79,0,252,0,0,252,245,7
12,Reinickendorf,119,Urnenwahlbezirk,1335,1284,51,0,189,0,0,189,185,4
12,Reinickendorf,120,Urnenwahlbezirk,1582,1515,66,1,263,1,1,262,258,4
12,Reinickendorf,121,Urnenwahlbezirk,1086,1042,44,0,170,0,0,170,160,10
12,Reinickendorf,122,Urnenwahlbezirk,798,757,41,0,142,0,0,142,140,2
12,Reinickendorf,123,Urnenwahlbezirk,1553,1490,63,0,222,1,0,222,220,2
12,Reinickendorf,124,Urnenwahlbezirk,1056,1015,41,0,124,0,0,124,122,2
12,Reinickendorf,125,Urnenwahlbezirk,800,767,33,0,105,0,0,105,100,5
12,Reinickendorf,126,Urnenwahlbezirk,1576,1512,64,0,239,0,0,239,232,7
12,Reinickendorf,201,Urnenwahlbezirk,1733,1644,89,0,447,2,0,447,438,9
12,Reinickendorf,202,Urnenwahlbezirk,1949,1793,156,0,420,0,0,420,415,5
12,Reinickendorf,203,Urnenwahlbezirk,1438,1311,127,0,390,0,0,390,386,4
12,Reinickendorf,204,Urnenwahlbezirk,792,740,52,0,275,0,1,274,269,5
12,Reinickendorf,205,Urnenwahlbezirk,804,732,72,0,202,0,0,202,197,5
12,Reinickendorf,206,Urnenwahlbezirk,1229,1116,113,0,174,0,0,174,173,1
12,Reinickendorf,207,Urnenwahlbezirk,1591,1534,57,0,343,0,0,343,339,4
12,Reinickendorf,208,Urnenwahlbezirk,1010,976,34,0,125,0,0,125,120,5
12,Reinickendorf,209,Urnenwahlbezirk,769,734,35,0,116,0,0,116,113,3
12,Reinickendorf,210,Urnenwahlbezirk,2000,1840,160,0,379,0,0,379,374,5
12,Reinickendorf,211,Urnenwahlbezirk,1603,1492,111,0,379,0,0,379,373,6
12,Reinickendorf,212,Urnenwahlbezirk,1513,1404,109,0,334,0,0,334,326,8
12,Reinickendorf,213,Urnenwahlbezirk,1622,1540,82,0,278,0,0,278,269,9
12,Reinickendorf,214,Urnenwahlbezirk,744,719,25,0,151,0,0,151,149,2
12,Reinickendorf,215,Urnenwahlbezirk,1764,1666,98,0,336,0,0,336,330,6
12,Reinickendorf,216,Urnenwahlbezirk,1611,1537,74,0,252,2,0,252,241,11
12,Reinickendorf,217,Urnenwahlbezirk,1452,1393,59,0,255,0,0,255,249,6
12,Reinickendorf,218,Urnenwahlbezirk,1040,976,64,0,121,0,0,121,120,1
12,Reinickendorf,219,Urnenwahlbezirk,1220,1139,81,0,218,0,0,218,216,2
12,Reinickendorf,220,Urnenwahlbezirk,1308,1277,31,0,154,0,0,154,147,7
12,Reinickendorf,221,Urnenwahlbezirk,1553,1440,113,0,243,0,0,243,238,5
12,Reinickendorf,222,Urnenwahlbezirk,1034,1009,25,0,145,0,1,144,138,6
12,Reinickendorf,223,Urnenwahlbezirk,597,564,33,0,241,0,0,241,240,1
12,Reinickendorf,224,Urnenwahlbezirk,359,336,23,0,37,0,0,37,36,1
12,Reinickendorf,301,Urnenwahlbezirk,1485,1360,125,0,575,0,0,575,565,10
12,Reinickendorf,302,Urnenwahlbezirk,987,893,94,0,351,0,0,351,349,2
12,Reinickendorf,303,Urnenwahlbezirk,1095,986,109,0,389,0,0,389,385,4
12,Reinickendorf,304,Urnenwahlbezirk,697,653,44,0,226,0,0,226,223,3
12,Reinickendorf,305,Urnenwahlbezirk,1001,917,84,0,349,0,0,349,347,2
12,Reinickendorf,306,Urnenwahlbezirk,1645,1464,181,0,546,0,0,546,534,12
12,Reinickendorf,307,Urnenwahlbezirk,1816,1670,146,0,722,0,1,721,714,7
12,Reinickendorf,308,Urnenwahlbezirk,1327,1177,150,0,467,0,0,467,461,6
12,Reinickendorf,309,Urnenwahlbezirk,1093,1005,88,0,325,0,0,325,323,2
12,Reinickendorf,310,Urnenwahlbezirk,1069,978,91,0,371,0,0,371,363,8
12,Reinickendorf,311,Urnenwahlbezirk,1127,1005,122,0,439,0,0,439,434,5
12,Reinickendorf,312,Urnenwahlbezirk,1641,1490,151,0,638,0,0,638,632,6
12,Reinickendorf,313,Urnenwahlbezirk,1459,1279,180,0,440,0,0,440,435,5
12,Reinickendorf,314,Urnenwahlbezirk,1878,1730,148,0,548,3,0,548,542,6
12,Reinickendorf,315,Urnenwahlbezirk,1486,1335,151,0,489,0,1,488,480,8
12,Reinickendorf,316,Urnenwahlbezirk,1362,1295,67,0,381,1,1,380,368,12
12,Reinickendorf,317,Urnenwahlbezirk,1942,1842,100,0,482,0,0,482,478,4
12,Reinickendorf,318,Urnenwahlbezirk,685,629,56,0,283,0,0,283,281,2
12,Reinickendorf,319,Urnenwahlbezirk,1669,1613,56,0,460,0,5,455,446,9
12,Reinickendorf,320,Urnenwahlbezirk,992,959,33,0,161,1,0,161,157,4
12,Reinickendorf,321,Urnenwahlbezirk,1286,1250,36,0,287,0,0,287,284,3
12,Reinickendorf,322,Urnenwahlbezirk,1599,1499,100,0,362,0,0,362,346,16
12,Reinickendorf,323,Urnenwahlbezirk,1111,1016,95,0,352,0,1,351,344,7
12,Reinickendorf,324,Urnenwahlbezirk,252,238,14,0,91,0,0,91,91,0
12,Reinickendorf,401,Urnenwahlbezirk,1943,1795,148,0,564,2,0,564,551,13
12,Reinickendorf,402,Urnenwahlbezirk,1202,1110,92,0,244,2,1,243,237,6
12,Reinickendorf,403,Urnenwahlbezirk,790,691,99,0,232,0,0,232,227,5
12,Reinickendorf,404,Urnenwahlbezirk,1624,1570,54,0,281,0,0,281,271,10
12,Reinickendorf,405,Urnenwahlbezirk,1811,1736,75,0,417,0,0,417,398,19
12,Reinickendorf,406,Urnenwahlbezirk,1972,1843,129,0,467,1,1,466,462,4
12,Reinickendorf,407,Urnenwahlbezirk,1196,1081,115,0,461,1,3,458,450,8
12,Reinickendorf,408,Urnenwahlbezirk,1193,1115,78,0,305,1,0,305,300,5
12,Reinickendorf,409,Urnenwahlbezirk,677,628,49,0,157,0,0,157,155,2
12,Reinickendorf,410,Urnenwahlbezirk,1167,1108,59,0,366,0,0,366,361,5
12,Reinickendorf,411,Urnenwahlbezirk,832,761,71,0,277,0,1,276,276,0
12,Reinickendorf,412,Urnenwahlbezirk,1994,1898,96,0,613,0,1,612,602,10
12,Reinickendorf,413,Urnenwahlbezirk,1721,1561,160,0,510,0,1,509,509,0
12,Reinickendorf,414,Urnenwahlbezirk,891,839,52,0,214,2,0,214,212,2
12,Reinickendorf,415,Urnenwahlbezirk,1375,1300,75,0,310,0,0,310,306,4
12,Reinickendorf,416,Urnenwahlbezirk,1497,1426,71,0,355,0,0,355,348,7
12,Reinickendorf,417,Urnenwahlbezirk,1690,1565,125,0,500,0,0,500,494,6
12,Reinickendorf,418,Urnenwahlbezirk,1209,1162,47,0,201,0,0,201,194,7
12,Reinickendorf,419,Urnenwahlbezirk,1374,1261,113,0,351,0,1,350,347,3
12,Reinickendorf,420,Urnenwahlbezirk,819,777,42,0,230,1,0,230,224,6
12,Reinickendorf,421,Urnenwahlbezirk,1255,1186,69,0,335,0,0,335,332,3
12,Reinickendorf,422,Urnenwahlbezirk,1631,1546,85,0,343,0,0,343,332,11
12,Reinickendorf,423,Urnenwahlbezirk,1464,1360,104,0,305,0,0,305,303,2
12,Reinickendorf,424,Urnenwahlbezirk,777,725,52,0,205,0,0,205,201,4
12,Reinickendorf,425,Urnenwahlbezirk,1829,1735,94,0,492,0,1,491,485,6
12,Reinickendorf,426,Urnenwahlbezirk,737,707,30,0,195,0,0,195,195,0
12,Reinickendorf,501,Urnenwahlbezirk,874,798,76,0,303,0,0,303,301,2
12,Reinickendorf,502,Urnenwahlbezirk,1259,1146,113,0,429,1,0,429,425,4
12,Reinickendorf,503,Urnenwahlbezirk,1781,1658,123,0,575,0,1,574,564,10
12,Reinickendorf,504,Urnenwahlbezirk,1412,1324,88,0,221,0,1,220,217,3
12,Reinickendorf,505,Urnenwahlbezirk,880,842,38,0,220,0,0,220,219,1
12,Reinickendorf,506,Urnenwahlbezirk,717,687,30,0,134,0,0,134,131,3
12,Reinickendorf,507,Urnenwahlbezirk,872,822,50,0,124,0,0,124,121,3
12,Reinickendorf,508,Urnenwahlbezirk,550,531,19,0,71,0,0,71,71,0
12,Reinickendorf,509,Urnenwahlbezirk,1083,1050,33,0,141,2,1,140,140,0
12,Reinickendorf,510,Urnenwahlbezirk,788,766,22,0,122,0,0,122,120,2
12,Reinickendorf,511,Urnenwahlbezirk,953,916,37,0,144,0,0,144,139,5
12,Reinickendorf,512,Urnenwahlbezirk,1024,986,38,0,228,0,0,228,225,3
12,Reinickendorf,513,Urnenwahlbezirk,1461,1411,50,0,178,1,0,178,173,5
12,Reinickendorf,514,Urnenwahlbezirk,397,368,29,0,35,0,0,35,35,0
12,Reinickendorf,515,Urnenwahlbezirk,797,780,17,0,112,0,0,112,107,5
12,Reinickendorf,516,Urnenwahlbezirk,1021,1001,20,0,176,0,0,176,169,7
12,Reinickendorf,517,Urnenwahlbezirk,923,882,41,0,153,0,0,153,150,3
12,Reinickendorf,518,Urnenwahlbezirk,1012,939,73,0,263,0,0,263,261,2
12,Reinickendorf,519,Urnenwahlbezirk,747,723,24,0,104,0,0,104,102,2
12,Reinickendorf,520,Urnenwahlbezirk,746,703,43,0,82,0,1,81,79,2
12,Reinickendorf,521,Urnenwahlbezirk,1113,1053,60,0,301,0,0,301,299,2
12,Reinickendorf,522,Urnenwahlbezirk,692,654,38,0,121,0,0,121,117,4
12,Reinickendorf,523,Urnenwahlbezirk,743,721,22,0,87,0,0,87,83,4
12,Reinickendorf,524,Urnenwahlbezirk,1306,1265,41,0,220,0,0,220,214,6
12,Reinickendorf,525,Urnenwahlbezirk,959,898,61,0,299,0,0,299,295,4
12,Reinickendorf,526,Urnenwahlbezirk,1586,1522,64,0,271,0,1,270,261,9
12,Reinickendorf,527,Urnenwahlbezirk,1100,1047,53,0,242,0,0,242,235,7
12,Reinickendorf,601,Urnenwahlbezirk,271,267,4,0,66,0,0,66,65,1
12,Reinickendorf,602,Urnenwahlbezirk,1233,1130,103,0,461,0,0,461,447,14
12,Reinickendorf,603,Urnenwahlbezirk,1070,966,104,0,334,2,0,334,331,3
12,Reinickendorf,604,Urnenwahlbezirk,1062,949,113,0,372,0,0,372,366,6
12,Reinickendorf,605,Urnenwahlbezirk,971,855,116,0,340,1,0,340,339,1
12,Reinickendorf,606,Urnenwahlbezirk,1409,1286,123,0,485,0,1,484,477,7
12,Reinickendorf,607,Urnenwahlbezirk,1016,916,100,0,283,0,0,283,279,4
12,Reinickendorf,608,Urnenwahlbezirk,807,745,62,0,263,0,0,263,261,2
12,Reinickendorf,609,Urnenwahlbezirk,1455,1294,161,0,459,2,0,459,456,3
12,Reinickendorf,610,Urnenwahlbezirk,1046,943,103,0,301,0,0,301,298,3
12,Reinickendorf,611,Urnenwahlbezirk,840,767,73,0,309,2,0,309,305,4
12,Reinickendorf,612,Urnenwahlbezirk,826,723,103,0,205,1,0,205,204,1
12,Reinickendorf,613,Urnenwahlbezirk,1111,1014,97,0,313,2,0,313,308,5
12,Reinickendorf,614,Urnenwahlbezirk,1625,1458,167,0,444,2,0,444,441,3
12,Reinickendorf,615,Urnenwahlbezirk,1758,1580,178,0,540,2,0,540,533,7
12,Reinickendorf,616,Urnenwahlbezirk,1452,1313,139,0,486,0,0,486,479,7
12,Reinickendorf,617,Urnenwahlbezirk,1151,1043,108,0,309,1,0,309,303,6
12,Reinickendorf,618,Urnenwahlbezirk,1666,1538,128,0,469,1,3,466,459,7
12,Reinickendorf,619,Urnenwahlbezirk,1446,1309,137,0,489,0,1,488,487,1
12,Reinickendorf,620,Urnenwahlbezirk,1055,934,121,0,349,0,0,349,346,3
12,Reinickendorf,621,Urnenwahlbezirk,947,867,80,0,298,0,0,298,298,0
12,Reinickendorf,622,Urnenwahlbezirk,1088,967,121,0,386,0,0,386,381,5
12,Reinickendorf,623,Urnenwahlbezirk,933,833,100,0,362,1,0,362,357,5
12,Reinickendorf,624,Urnenwahlbezirk,1445,1344,101,0,555,0,0,555,545,10
12,Reinickendorf,625,Urnenwahlbezirk,944,888,56,0,334,1,1,333,327,6
