id,district_id,electoral_district_id,eligible_voters,eligible_voters_a1,eligible_voters_a2,eligible_voters_a3,voters,voters_b1,valid_votes,invalid_votes,party_spd,party_grüne,party_cdu,party_die_linke,party_afd,party_fdp,party_tierschutzpartei,party_die_partei,party_team_todenhöfer,party_freie_wähler,party_volt,party_mlpd,party_büso,party_sgp,party_bündnis_deutschland,party_bsw,party_mera25,party_pdf,party_pape,party_wendt,party_thomas,party_heider,voter_turnout,invalid_votes_percentage,valid_votes_percentage,party_spd_percentage,party_grüne_percentage,party_cdu_percentage,party_die_linke_percentage,party_afd_percentage,party_fdp_percentage,party_tierschutzpartei_percentage,party_die_partei_percentage,party_team_todenhöfer_percentage,party_freie_wähler_percentage,party_volt_percentage,party_mlpd_percentage,party_büso_percentage,party_sgp_percentage,party_bündnis_deutschland_percentage,party_bsw_percentage,party_mera25_percentage,party_pdf_percentage,party_pape_percentage,party_wendt_percentage,party_thomas_percentage,party_heider_percentage
01100,01,100,819,534,285,0,418,21,417,1,82,107,61,82,21,20,1,2,7,4,0,4,0,0,1,23,2,0,0,0,0,0,51.037851037851034,0.23923444976076555,99.76076555023924,19.664268585131893,25.65947242206235,14.628297362110313,19.664268585131893,5.0359712230215825,4.796163069544365,0.2398081534772182,0.4796163069544364,1.6786570743405276,0.9592326139088728,0.0,0.9592326139088728,0.0,0.0,0.2398081534772182,5.515587529976019,0.4796163069544364,0.0,0.0,0.0,0.0,0.0
01101,01,101,1227,869,358,0,536,11,525,11,113,69,71,134,75,15,6,6,5,3,0,0,0,0,1,26,1,0,0,0,0,0,43.6837815810921,2.0522388059701493,97.94776119402985,21.523809523809522,13.142857142857142,13.523809523809524,25.523809523809526,14.285714285714285,2.857142857142857,1.1428571428571428,1.1428571428571428,0.9523809523809524,0.5714285714285714,0.0,0.0,0.0,0.0,0.19047619047619047,4.9523809523809526,0.19047619047619047,0.0,0.0,0.0,0.0,0.0
01102,01,102,1019,499,520,0,384,9,381,3,60,116,79,38,26,34,2,2,0,1,0,0,0,0,1,19,3,0,0,0,0,0,37.68400392541707,0.78125,99.21875,15.748031496062993,30.446194225721783,20.73490813648294,9.973753280839896,6.824146981627297,8.923884514435695,0.5249343832020997,0.5249343832020997,0.0,0.26246719160104987,0.0,0.0,0.0,0.0,0.26246719160104987,4.986876640419948,0.7874015748031495,0.0,0.0,0.0,0.0,0.0
01103,01,103,984,550,434,0,473,22,468,5,61,153,94,70,35,30,5,5,0,1,0,0,0,0,0,12,2,0,0,0,0,0,48.06910569105691,1.0570824524312896,98.94291754756871,13.034188034188036,32.69230769230769,20.085470085470085,14.957264957264957,7.478632478632479,6.41025641025641,1.0683760683760684,1.0683760683760684,0.0,0.2136752136752137,0.0,0.0,0.0,0.0,0.0,2.564102564102564,0.4273504273504274,0.0,0.0,0.0,0.0,0.0
01104,01,104,1128,623,505,0,512,14,509,3,78,139,106,85,41,15,6,3,0,2,0,2,0,1,3,27,1,0,0,0,0,0,45.39007092198582,0.5859375,99.4140625,15.324165029469548,27.308447937131632,20.825147347740668,16.699410609037326,8.055009823182711,2.9469548133595285,1.1787819253438114,0.5893909626719057,0.0,0.3929273084479371,0.0,0.3929273084479371,0.0,0.19646365422396855,0.5893909626719057,5.304518664047151,0.19646365422396855,0.0,0.0,0.0,0.0,0.0
01105,01,105,941,536,405,0,429,11,426,3,74,135,64,77,32,20,1,6,1,1,0,0,0,0,0,13,2,0,0,0,0,0,45.58979808714134,0.6993006993006993,99.3006993006993,17.370892018779344,31.690140845070424,15.023474178403756,18.07511737089202,7.511737089201878,4.694835680751173,0.2347417840375587,1.4084507042253522,0.2347417840375587,0.2347417840375587,0.0,0.0,0.0,0.0,0.0,3.051643192488263,0.4694835680751174,0.0,0.0,0.0,0.0,0.0
01106,01,106,1022,578,444,0,491,18,490,1,67,156,110,70,32,36,4,3,1,0,0,0,0,0,0,8,3,0,0,0,0,0,48.043052837573384,0.20366598778004072,99.79633401221996,13.673469387755102,31.83673469387755,22.448979591836736,14.285714285714285,6.530612244897959,7.346938775510205,0.8163265306122449,0.6122448979591837,0.20408163265306123,0.0,0.0,0.0,0.0,0.0,0.0,1.6326530612244898,0.6122448979591837,0.0,0.0,0.0,0.0,0.0
01107,01,107,782,442,340,0,334,16,332,2,47,84,52,68,38,19,5,0,0,0,0,1,0,0,1,17,0,0,0,0,0,0,42.710997442455245,0.5988023952095809,99.40119760479041,14.156626506024098,25.301204819277107,15.66265060240964,20.481927710843372,11.44578313253012,5.72289156626506,1.5060240963855422,0.0,0.0,0.0,0.0,0.30120481927710846,0.0,0.0,0.30120481927710846,5.120481927710843,0.0,0.0,0.0,0.0,0.0,0.0
01108,01,108,1150,564,586,0,485,21,483,2,68,151,107,69,32,29,0,2,0,0,0,2,0,0,1,20,2,0,0,0,0,0,42.173913043478265,0.4123711340206186,99.58762886597938,14.078674948240167,31.262939958592135,22.15320910973085,14.285714285714285,6.625258799171843,6.004140786749482,0.0,0.4140786749482402,0.0,0.0,0.0,0.4140786749482402,0.0,0.0,0.2070393374741201,4.140786749482402,0.4140786749482402,0.0,0.0,0.0,0.0,0.0
01109,01,109,1125,579,546,0,498,21,497,1,65,168,85,95,33,26,1,5,1,0,0,0,0,0,0,17,1,0,0,0,0,0,44.266666666666666,0.2008032128514056,99.79919678714859,13.078470824949697,33.80281690140845,17.102615694164992,19.114688128772634,6.639839034205232,5.23138832997988,0.2012072434607646,1.0060362173038229,0.2012072434607646,0.0,0.0,0.0,0.0,0.0,0.0,3.420523138832998,0.2012072434607646,0.0,0.0,0.0,0.0,0.0
01110,01,110,971,585,386,0,518,18,517,1,80,171,94,78,23,37,1,2,2,1,0,0,0,0,1,25,2,0,0,0,0,0,53.3470648815654,0.19305019305019305,99.8069498069498,15.473887814313347,33.07543520309478,18.181818181818183,15.087040618955513,4.448742746615087,7.156673114119923,0.19342359767891684,0.3868471953578337,0.3868471953578337,0.19342359767891684,0.0,0.0,0.0,0.0,0.19342359767891684,4.835589941972921,0.3868471953578337,0.0,0.0,0.0,0.0,0.0
01111,01,111,1091,796,295,0,513,4,503,10,107,64,103,92,84,7,14,4,2,1,0,0,0,0,1,20,4,0,0,0,0,0,47.02108157653529,1.949317738791423,98.05068226120858,21.272365805168985,12.72365805168986,20.47713717693837,18.290258449304176,16.69980119284294,1.3916500994035785,2.783300198807157,0.7952286282306162,0.3976143141153081,0.19880715705765406,0.0,0.0,0.0,0.0,0.19880715705765406,3.9761431411530817,0.7952286282306162,0.0,0.0,0.0,0.0,0.0
01112,01,112,704,418,286,0,365,7,363,2,53,150,48,60,20,9,3,1,1,1,0,0,0,0,1,13,3,0,0,0,0,0,51.84659090909091,0.547945205479452,99.45205479452055,14.600550964187327,41.32231404958678,13.223140495867769,16.528925619834713,5.5096418732782375,2.479338842975207,0.8264462809917356,0.27548209366391185,0.27548209366391185,0.27548209366391185,0.0,0.0,0.0,0.0,0.27548209366391185,3.581267217630854,0.8264462809917356,0.0,0.0,0.0,0.0,0.0
01113,01,113,954,559,395,0,503,17,500,3,61,221,52,97,31,13,1,6,1,1,0,0,0,0,0,15,1,0,0,0,0,0,52.725366876310275,0.5964214711729622,99.40357852882704,12.2,44.2,10.4,19.400000000000002,6.2,2.6,0.2,1.2,0.2,0.2,0.0,0.0,0.0,0.0,0.0,3.0,0.2,0.0,0.0,0.0,0.0,0.0
01114,01,114,950,547,403,0,479,19,479,0,73,190,52,104,31,7,2,5,2,0,0,0,0,0,1,10,2,0,0,0,0,0,50.421052631578945,0.0,100.0,15.24008350730689,39.66597077244259,10.855949895615867,21.711899791231733,6.471816283924843,1.4613778705636742,0.41753653444676403,1.0438413361169103,0.41753653444676403,0.0,0.0,0.0,0.0,0.0,0.20876826722338201,2.0876826722338206,0.41753653444676403,0.0,0.0,0.0,0.0,0.0
01115,01,115,1223,703,520,0,624,19,623,1,87,224,91,123,31,22,5,10,1,3,0,1,0,0,3,21,1,0,0,0,0,0,51.02207686017989,0.16025641025641024,99.83974358974359,13.964686998394862,35.95505617977528,14.606741573033707,19.743178170144464,4.975922953451043,3.5313001605136436,0.8025682182985553,1.6051364365971106,0.16051364365971107,0.4815409309791332,0.0,0.16051364365971107,0.0,0.0,0.4815409309791332,3.3707865168539324,0.16051364365971107,0.0,0.0,0.0,0.0,0.0
01116,01,116,1256,657,599,0,569,26,561,8,76,230,66,119,16,22,2,2,0,2,0,0,0,0,1,24,1,0,0,0,0,0,45.302547770700635,1.4059753954305798,98.59402460456941,13.547237076648841,40.998217468805706,11.76470588235294,21.21212121212121,2.8520499108734403,3.9215686274509802,0.35650623885918004,0.35650623885918004,0.0,0.35650623885918004,0.0,0.0,0.0,0.0,0.17825311942959002,4.27807486631016,0.17825311942959002,0.0,0.0,0.0,0.0,0.0
01117,01,117,1195,673,522,0,613,35,613,0,81,230,97,114,41,22,4,7,0,0,0,0,0,0,0,16,1,0,0,0,0,0,51.29707112970712,0.0,100.0,13.213703099510605,37.52039151712888,15.823817292006526,18.59706362153344,6.688417618270799,3.588907014681892,0.6525285481239804,1.1419249592169658,0.0,0.0,0.0,0.0,0.0,0.0,0.0,2.6101141924959217,0.1631321370309951,0.0,0.0,0.0,0.0,0.0
01118,01,118,752,429,323,0,398,18,398,0,50,151,58,83,18,11,4,6,0,1,0,0,0,0,0,14,2,0,0,0,0,0,52.92553191489362,0.0,100.0,12.562814070351758,37.93969849246231,14.572864321608039,20.85427135678392,4.522613065326634,2.763819095477387,1.0050251256281406,1.507537688442211,0.0,0.25125628140703515,0.0,0.0,0.0,0.0,0.0,3.5175879396984926,0.5025125628140703,0.0,0.0,0.0,0.0,0.0
01119,01,119,1054,598,456,0,525,21,521,4,71,178,71,103,45,18,3,6,0,0,0,0,0,0,1,25,0,0,0,0,0,0,49.81024667931689,0.7619047619047619,99.23809523809524,13.62763915547025,34.16506717850288,13.62763915547025,19.769673704414586,8.637236084452974,3.45489443378119,0.5758157389635317,1.1516314779270633,0.0,0.0,0.0,0.0,0.0,0.0,0.19193857965451055,4.798464491362764,0.0,0.0,0.0,0.0,0.0,0.0
01120,01,120,1051,631,420,0,541,16,540,1,65,177,64,117,60,20,1,7,2,0,0,0,0,1,0,23,3,0,0,0,0,0,51.47478591817317,0.18484288354898337,99.81515711645102,12.037037037037036,32.77777777777778,11.851851851851853,21.666666666666668,11.11111111111111,3.7037037037037033,0.1851851851851852,1.2962962962962963,0.3703703703703704,0.0,0.0,0.0,0.0,0.1851851851851852,0.0,4.2592592592592595,0.5555555555555556,0.0,0.0,0.0,0.0,0.0
01121,01,121,1161,716,445,0,586,13,583,3,76,183,98,116,41,14,9,8,0,1,0,0,0,0,1,35,1,0,0,0,0,0,50.47372954349698,0.5119453924914675,99.48805460750853,13.036020583190394,31.3893653516295,16.80960548885077,19.897084048027445,7.032590051457976,2.401372212692967,1.5437392795883362,1.3722126929674099,0.0,0.17152658662092624,0.0,0.0,0.0,0.0,0.17152658662092624,6.003430531732419,0.17152658662092624,0.0,0.0,0.0,0.0,0.0
01122,01,122,1162,712,450,0,598,18,597,1,82,224,74,127,28,16,3,10,2,4,0,0,0,0,1,23,3,0,0,0,0,0,51.46299483648882,0.16722408026755853,99.83277591973244,13.735343383584588,37.52093802345058,12.39530988274707,21.273031825795645,4.690117252931323,2.680067001675042,0.5025125628140703,1.675041876046901,0.33500837520938026,0.6700167504187605,0.0,0.0,0.0,0.0,0.16750418760469013,3.8525963149078724,0.5025125628140703,0.0,0.0,0.0,0.0,0.0
01123,01,123,1227,711,516,0,586,17,584,2,73,209,83,124,39,21,2,8,1,0,0,0,0,0,2,19,3,0,0,0,0,0,47.75876120619397,0.3412969283276451,99.65870307167235,12.5,35.78767123287671,14.212328767123289,21.232876712328768,6.678082191780822,3.595890410958904,0.3424657534246575,1.36986301369863,0.17123287671232876,0.0,0.0,0.0,0.0,0.0,0.3424657534246575,3.2534246575342465,0.5136986301369862,0.0,0.0,0.0,0.0,0.0
01124,01,124,779,449,330,0,385,9,384,1,47,131,62,96,11,13,2,0,0,1,0,0,0,0,2,15,4,0,0,0,0,0,49.42233632862644,0.2597402597402597,99.74025974025975,12.239583333333332,34.11458333333333,16.145833333333336,25.0,2.864583333333333,3.3854166666666665,0.5208333333333333,0.0,0.0,0.26041666666666663,0.0,0.0,0.0,0.0,0.5208333333333333,3.90625,1.0416666666666665,0.0,0.0,0.0,0.0,0.0
01125,01,125,873,509,364,0,422,18,421,1,62,141,79,85,20,13,1,3,0,0,0,0,0,0,1,15,1,0,0,0,0,0,48.33906071019473,0.23696682464454977,99.76303317535546,14.726840855106888,33.4916864608076,18.76484560570071,20.19002375296912,4.750593824228028,3.0878859857482186,0.23752969121140144,0.7125890736342043,0.0,0.0,0.0,0.0,0.0,0.0,0.23752969121140144,3.5629453681710213,0.23752969121140144,0.0,0.0,0.0,0.0,0.0
01126,01,126,1192,673,519,0,553,16,551,2,66,170,89,88,62,24,3,7,0,3,0,0,0,1,2,35,1,0,0,0,0,0,46.39261744966443,0.3616636528028933,99.63833634719711,11.978221415607985,30.852994555353902,16.152450090744104,15.970961887477314,11.252268602540836,4.3557168784029034,0.5444646098003629,1.2704174228675136,0.0,0.5444646098003629,0.0,0.0,0.0,0.18148820326678766,0.3629764065335753,6.352087114337568,0.18148820326678766,0.0,0.0,0.0,0.0,0.0
01127,01,127,1211,724,487,0,607,18,604,3,83,204,83,126,50,18,0,6,1,3,0,0,0,0,0,28,2,0,0,0,0,0,50.12386457473163,0.4942339373970346,99.50576606260296,13.741721854304636,33.77483443708609,13.741721854304636,20.86092715231788,8.27814569536424,2.980132450331126,0.0,0.9933774834437087,0.16556291390728478,0.49668874172185434,0.0,0.0,0.0,0.0,0.0,4.635761589403973,0.33112582781456956,0.0,0.0,0.0,0.0,0.0
01128,01,128,1226,778,448,0,654,25,651,3,87,138,101,131,86,34,15,7,1,4,0,0,0,0,0,43,4,0,0,0,0,0,53.344208809135395,0.45871559633027525,99.54128440366972,13.36405529953917,21.19815668202765,15.514592933947775,20.12288786482335,13.210445468509985,5.22273425499232,2.3041474654377883,1.0752688172043012,0.15360983102918588,0.6144393241167435,0.0,0.0,0.0,0.0,0.0,6.605222734254992,0.6144393241167435,0.0,0.0,0.0,0.0,0.0
01129,01,129,1086,593,493,0,449,11,448,1,54,116,102,70,35,33,1,6,0,1,0,0,0,0,0,28,2,0,0,0,0,0,41.34438305709024,0.22271714922048996,99.77728285077951,12.053571428571429,25.892857142857146,22.767857142857142,15.625,7.8125,7.366071428571429,0.2232142857142857,1.3392857142857142,0.0,0.2232142857142857,0.0,0.0,0.0,0.0,0.0,6.25,0.4464285714285714,0.0,0.0,0.0,0.0,0.0
011A,01,1A,0,0,0,0,548,548,547,1,88,156,100,93,32,25,13,12,4,2,0,1,0,0,0,21,0,0,0,0,0,0,inf,0.18248175182481752,99.81751824817519,16.087751371115175,28.519195612431442,18.281535648994517,17.001828153564897,5.850091407678245,4.570383912248629,2.376599634369287,2.1937842778793417,0.7312614259597806,0.3656307129798903,0.0,0.18281535648994515,0.0,0.0,0.0,3.8391224862888484,0.0,0.0,0.0,0.0,0.0,0.0
011B,01,1B,0,0,0,0,876,876,876,0,126,287,232,93,34,57,4,8,3,5,0,0,0,0,2,25,0,0,0,0,0,0,inf,0.0,100.0,14.383561643835616,32.76255707762557,26.48401826484018,10.616438356164384,3.881278538812785,6.506849315068493,0.45662100456621,0.91324200913242,0.3424657534246575,0.5707762557077625,0.0,0.0,0.0,0.0,0.228310502283105,2.853881278538813,0.0,0.0,0.0,0.0,0.0,0.0
011C,01,1C,0,0,0,0,759,759,757,2,124,228,175,98,35,49,3,3,0,3,0,0,0,0,2,36,1,0,0,0,0,0,inf,0.2635046113306983,99.7364953886693,16.380449141347427,30.11889035667107,23.11756935270806,12.945838837516513,4.623513870541611,6.472919418758257,0.3963011889035667,0.3963011889035667,0.0,0.3963011889035667,0.0,0.0,0.0,0.0,0.26420079260237783,4.7556142668428,0.13210039630118892,0.0,0.0,0.0,0.0,0.0
011D,01,1D,0,0,0,0,771,771,770,1,100,272,164,102,26,59,6,4,4,6,0,0,0,0,0,24,3,0,0,0,0,0,inf,0.12970168612191957,99.87029831387808,12.987012987012985,35.324675324675326,21.298701298701296,13.246753246753245,3.3766233766233764,7.662337662337662,0.7792207792207793,0.5194805194805194,0.5194805194805194,0.7792207792207793,0.0,0.0,0.0,0.0,0.0,3.116883116883117,0.38961038961038963,0.0,0.0,0.0,0.0,0.0
011E,01,1E,0,0,0,0,824,824,822,2,125,295,188,121,19,33,6,6,0,1,0,0,0,0,0,26,2,0,0,0,0,0,inf,0.24271844660194172,99.75728155339806,15.206812652068127,35.88807785888078,22.871046228710462,14.720194647201945,2.3114355231143553,4.014598540145985,0.7299270072992701,0.7299270072992701,0.0,0.12165450121654502,0.0,0.0,0.0,0.0,0.0,3.1630170316301705,0.24330900243309003,0.0,0.0,0.0,0.0,0.0
011F,01,1F,0,0,0,0,959,959,958,1,135,257,263,131,54,68,11,8,0,1,0,1,0,0,1,27,1,0,0,0,0,0,inf,0.10427528675703858,99.89572471324296,14.09185803757829,26.826722338204593,27.45302713987474,13.674321503131523,5.6367432150313155,7.09812108559499,1.1482254697286012,0.8350730688935281,0.0,0.10438413361169101,0.0,0.10438413361169101,0.0,0.0,0.10438413361169101,2.8183716075156577,0.10438413361169101,0.0,0.0,0.0,0.0,0.0
011G,01,1G,0,0,0,0,890,890,889,1,114,333,170,133,34,47,10,8,0,1,0,0,0,1,3,30,5,0,0,0,0,0,inf,0.11235955056179776,99.8876404494382,12.823397075365579,37.4578177727784,19.122609673790777,14.960629921259844,3.824521934758155,5.286839145106861,1.124859392575928,0.8998875140607425,0.0,0.11248593925759282,0.0,0.0,0.0,0.11248593925759282,0.3374578177727784,3.374578177727784,0.562429696287964,0.0,0.0,0.0,0.0,0.0
011H,01,1H,0,0,0,0,532,532,531,1,111,136,119,68,31,17,14,5,1,2,0,1,0,0,1,23,2,0,0,0,0,0,inf,0.18796992481203006,99.81203007518798,20.903954802259886,25.6120527306968,22.4105461393597,12.8060263653484,5.83804143126177,3.2015065913371,2.6365348399246704,0.9416195856873822,0.18832391713747645,0.3766478342749529,0.0,0.18832391713747645,0.0,0.0,0.18832391713747645,4.3314500941619585,0.3766478342749529,0.0,0.0,0.0,0.0,0.0
011I,01,1I,0,0,0,0,713,713,712,1,105,305,112,98,26,22,2,10,1,1,0,0,0,0,1,23,6,0,0,0,0,0,inf,0.1402524544179523,99.85974754558204,14.747191011235955,42.837078651685395,15.730337078651685,13.764044943820226,3.651685393258427,3.089887640449438,0.2808988764044944,1.4044943820224718,0.1404494382022472,0.1404494382022472,0.0,0.0,0.0,0.0,0.1404494382022472,3.2303370786516856,0.8426966292134831,0.0,0.0,0.0,0.0,0.0
011J,01,1J,0,0,0,0,799,799,799,0,120,270,161,140,32,38,2,6,0,3,0,0,0,0,1,25,1,0,0,0,0,0,inf,0.0,100.0,15.018773466833544,33.79224030037547,20.150187734668336,17.521902377972467,4.005006257822278,4.755944931163955,0.2503128911138924,0.7509386733416771,0.0,0.37546933667083854,0.0,0.0,0.0,0.0,0.1251564455569462,3.128911138923655,0.1251564455569462,0.0,0.0,0.0,0.0,0.0
011K,01,1K,0,0,0,0,841,841,840,1,119,294,182,119,35,35,5,7,1,5,0,1,0,0,0,34,3,0,0,0,0,0,inf,0.11890606420927466,99.88109393579072,14.166666666666666,35.0,21.666666666666668,14.166666666666666,4.166666666666666,4.166666666666666,0.5952380952380952,0.8333333333333334,0.11904761904761905,0.5952380952380952,0.0,0.11904761904761905,0.0,0.0,0.0,4.0476190476190474,0.35714285714285715,0.0,0.0,0.0,0.0,0.0
011L,01,1L,0,0,0,0,873,873,873,0,129,341,157,136,36,25,5,8,4,1,0,0,0,0,0,31,0,0,0,0,0,0,inf,0.0,100.0,14.776632302405499,39.06071019473082,17.983963344788087,15.578465063001145,4.123711340206185,2.86368843069874,0.572737686139748,0.9163802978235969,0.45819014891179843,0.11454753722794961,0.0,0.0,0.0,0.0,0.0,3.5509736540664374,0.0,0.0,0.0,0.0,0.0,0.0
011M,01,1M,0,0,0,0,904,904,903,1,120,402,122,152,26,37,3,11,0,2,0,0,0,0,0,27,1,0,0,0,0,0,inf,0.11061946902654868,99.88938053097345,13.2890365448505,44.518272425249165,13.510520487264674,16.832779623477297,2.8792912513842746,4.097452934662237,0.33222591362126247,1.2181616832779625,0.0,0.22148394241417496,0.0,0.0,0.0,0.0,0.0,2.990033222591362,0.11074197120708748,0.0,0.0,0.0,0.0,0.0
011N,01,1N,0,0,0,0,723,723,722,1,92,293,118,114,27,34,9,6,0,2,0,0,0,0,0,23,4,0,0,0,0,0,inf,0.13831258644536654,99.86168741355463,12.742382271468145,40.581717451523545,16.343490304709142,15.789473684210526,3.739612188365651,4.7091412742382275,1.2465373961218837,0.8310249307479225,0.0,0.2770083102493075,0.0,0.0,0.0,0.0,0.0,3.1855955678670362,0.554016620498615,0.0,0.0,0.0,0.0,0.0
011P,01,1P,0,0,0,0,610,610,608,2,70,255,115,85,20,30,3,4,1,3,0,0,0,0,0,17,5,0,0,0,0,0,inf,0.32786885245901637,99.672131147541,11.513157894736842,41.94078947368421,18.914473684210524,13.980263157894738,3.289473684210526,4.934210526315789,0.4934210526315789,0.6578947368421052,0.1644736842105263,0.4934210526315789,0.0,0.0,0.0,0.0,0.0,2.7960526315789473,0.8223684210526315,0.0,0.0,0.0,0.0,0.0
01200,01,200,830,582,248,0,446,14,443,3,74,48,96,80,72,30,3,4,1,2,0,0,0,0,2,31,0,0,0,0,0,0,53.73493975903615,0.672645739910314,99.32735426008968,16.70428893905192,10.835214446952596,21.670428893905193,18.058690744920995,16.252821670428894,6.772009029345373,0.6772009029345373,0.9029345372460496,0.2257336343115124,0.4514672686230248,0.0,0.0,0.0,0.0,0.4514672686230248,6.997742663656885,0.0,0.0,0.0,0.0,0.0,0.0
01201,01,201,1090,649,441,0,479,14,476,3,52,84,89,93,82,30,1,3,3,1,0,0,0,0,0,36,2,0,0,0,0,0,43.944954128440365,0.6263048016701461,99.37369519832986,10.92436974789916,17.647058823529413,18.69747899159664,19.537815126050422,17.22689075630252,6.302521008403361,0.21008403361344538,0.6302521008403361,0.6302521008403361,0.21008403361344538,0.0,0.0,0.0,0.0,0.0,7.563025210084033,0.42016806722689076,0.0,0.0,0.0,0.0,0.0
01202,01,202,1144,698,446,0,495,13,491,4,82,64,100,93,74,14,2,6,2,3,0,0,0,0,2,49,0,0,0,0,0,0,43.269230769230774,0.8080808080808081,99.19191919191918,16.700610997963338,13.034623217922606,20.366598778004075,18.94093686354379,15.071283095723015,2.8513238289205702,0.40733197556008144,1.2219959266802443,0.40733197556008144,0.6109979633401221,0.0,0.0,0.0,0.0,0.40733197556008144,9.979633401221996,0.0,0.0,0.0,0.0,0.0,0.0
01203,01,203,1184,695,489,0,516,16,508,8,61,69,112,97,91,27,2,3,2,0,0,0,0,1,1,37,5,0,0,0,0,0,43.58108108108108,1.550387596899225,98.44961240310077,12.007874015748031,13.582677165354331,22.04724409448819,19.094488188976378,17.913385826771652,5.31496062992126,0.39370078740157477,0.5905511811023622,0.39370078740157477,0.0,0.0,0.0,0.0,0.19685039370078738,0.19685039370078738,7.283464566929133,0.984251968503937,0.0,0.0,0.0,0.0,0.0
01204,01,204,1193,763,430,0,542,10,539,3,93,83,66,142,85,7,6,7,2,2,0,0,0,0,1,44,1,0,0,0,0,0,45.43168482816429,0.5535055350553505,99.44649446494465,17.25417439703154,15.398886827458256,12.244897959183673,26.34508348794063,15.769944341372913,1.2987012987012987,1.1131725417439702,1.2987012987012987,0.3710575139146568,0.3710575139146568,0.0,0.0,0.0,0.0,0.1855287569573284,8.16326530612245,0.1855287569573284,0.0,0.0,0.0,0.0,0.0
01205,01,205,1152,740,412,0,522,10,517,5,74,78,60,140,89,7,8,6,2,4,0,1,0,0,2,43,3,0,0,0,0,0,45.3125,0.9578544061302682,99.04214559386973,14.313346228239846,15.087040618955513,11.60541586073501,27.079303675048354,17.2147001934236,1.3539651837524178,1.5473887814313347,1.160541586073501,0.3868471953578337,0.7736943907156674,0.0,0.19342359767891684,0.0,0.0,0.3868471953578337,8.317214700193423,0.5802707930367506,0.0,0.0,0.0,0.0,0.0
01206,01,206,1062,680,382,0,529,18,528,1,102,74,73,126,85,18,4,4,1,0,0,0,0,0,1,39,1,0,0,0,0,0,49.81167608286252,0.1890359168241966,99.8109640831758,19.318181818181817,14.015151515151514,13.825757575757574,23.863636363636363,16.098484848484848,3.4090909090909087,0.7575757575757576,0.7575757575757576,0.1893939393939394,0.0,0.0,0.0,0.0,0.0,0.1893939393939394,7.386363636363637,0.1893939393939394,0.0,0.0,0.0,0.0,0.0
01207,01,207,949,523,426,0,455,19,453,2,68,173,60,76,23,24,1,4,0,1,0,0,0,0,0,23,0,0,0,0,0,0,47.94520547945205,0.43956043956043955,99.56043956043956,15.011037527593817,38.18984547461369,13.245033112582782,16.777041942604857,5.077262693156733,5.298013245033113,0.22075055187637968,0.8830022075055187,0.0,0.22075055187637968,0.0,0.0,0.0,0.0,0.0,5.077262693156733,0.0,0.0,0.0,0.0,0.0,0.0
01208,01,208,1211,723,488,0,619,27,615,4,78,189,82,137,36,34,6,11,0,0,0,0,0,0,1,39,2,0,0,0,0,0,51.11478117258464,0.6462035541195477,99.35379644588045,12.682926829268293,30.73170731707317,13.333333333333334,22.276422764227643,5.853658536585367,5.528455284552845,0.975609756097561,1.788617886178862,0.0,0.0,0.0,0.0,0.0,0.0,0.16260162601626016,6.341463414634147,0.3252032520325203,0.0,0.0,0.0,0.0,0.0
01209,01,209,980,589,391,0,476,17,474,2,48,161,56,97,51,22,5,7,2,1,0,0,0,1,1,19,3,0,0,0,0,0,48.57142857142857,0.42016806722689076,99.57983193277312,10.126582278481013,33.9662447257384,11.814345991561181,20.464135021097047,10.759493670886076,4.641350210970464,1.0548523206751055,1.4767932489451476,0.42194092827004215,0.21097046413502107,0.0,0.0,0.0,0.21097046413502107,0.21097046413502107,4.008438818565401,0.6329113924050633,0.0,0.0,0.0,0.0,0.0
01210,01,210,898,525,373,0,438,17,435,3,40,127,71,107,37,15,4,6,1,0,0,0,0,0,0,26,1,0,0,0,0,0,48.775055679287306,0.684931506849315,99.31506849315068,9.195402298850574,29.195402298850574,16.32183908045977,24.597701149425287,8.505747126436782,3.4482758620689653,0.9195402298850575,1.3793103448275863,0.22988505747126436,0.0,0.0,0.0,0.0,0.0,0.0,5.977011494252873,0.22988505747126436,0.0,0.0,0.0,0.0,0.0
01211,01,211,1039,679,360,0,538,16,536,2,70,116,71,136,66,28,6,9,2,3,0,0,0,1,3,20,5,0,0,0,0,0,51.78055822906641,0.37174721189591076,99.62825278810409,13.059701492537313,21.641791044776117,13.246268656716417,25.37313432835821,12.313432835820896,5.223880597014925,1.1194029850746268,1.6791044776119404,0.3731343283582089,0.5597014925373134,0.0,0.0,0.0,0.18656716417910446,0.5597014925373134,3.731343283582089,0.9328358208955223,0.0,0.0,0.0,0.0,0.0
01212,01,212,1070,638,432,0,449,16,442,7,69,86,62,111,52,20,3,3,1,1,0,0,0,1,0,31,2,0,0,0,0,0,41.96261682242991,1.55902004454343,98.44097995545657,15.610859728506787,19.457013574660635,14.027149321266968,25.1131221719457,11.76470588235294,4.524886877828054,0.6787330316742082,0.6787330316742082,0.22624434389140274,0.22624434389140274,0.0,0.0,0.0,0.22624434389140274,0.0,7.013574660633484,0.4524886877828055,0.0,0.0,0.0,0.0,0.0
01213,01,213,1064,689,375,0,543,19,540,3,98,63,77,141,99,17,1,3,0,1,0,0,0,0,1,39,0,0,0,0,0,0,51.03383458646616,0.5524861878453038,99.4475138121547,18.14814814814815,11.666666666666666,14.25925925925926,26.111111111111114,18.333333333333332,3.148148148148148,0.1851851851851852,0.5555555555555556,0.0,0.1851851851851852,0.0,0.0,0.0,0.0,0.1851851851851852,7.222222222222221,0.0,0.0,0.0,0.0,0.0,0.0
01214,01,214,1040,629,411,0,480,22,476,4,76,76,103,90,48,28,0,2,1,3,0,2,0,0,0,44,3,0,0,0,0,0,46.15384615384615,0.8333333333333334,99.16666666666667,15.966386554621847,15.966386554621847,21.638655462184875,18.907563025210084,10.084033613445378,5.88235294117647,0.0,0.42016806722689076,0.21008403361344538,0.6302521008403361,0.0,0.42016806722689076,0.0,0.0,0.0,9.243697478991598,0.6302521008403361,0.0,0.0,0.0,0.0,0.0
01215,01,215,1193,642,551,0,500,19,500,0,74,105,116,68,67,39,4,4,0,3,0,0,0,0,0,20,0,0,0,0,0,0,41.91114836546521,0.0,100.0,14.799999999999999,21.0,23.200000000000003,13.600000000000001,13.4,7.8,0.8,0.8,0.0,0.6,0.0,0.0,0.0,0.0,0.0,4.0,0.0,0.0,0.0,0.0,0.0,0.0
01216,01,216,1137,675,462,0,539,16,538,1,89,131,117,70,54,40,7,6,0,1,0,0,0,0,0,20,3,0,0,0,0,0,47.405452946350046,0.1855287569573284,99.81447124304268,16.54275092936803,24.349442379182157,21.74721189591078,13.011152416356877,10.037174721189592,7.434944237918216,1.3011152416356877,1.1152416356877324,0.0,0.18587360594795538,0.0,0.0,0.0,0.0,0.0,3.717472118959108,0.5576208178438662,0.0,0.0,0.0,0.0,0.0
01217,01,217,1145,696,449,0,605,15,595,10,85,128,91,148,88,4,6,2,1,1,0,1,0,0,1,38,1,0,0,0,0,0,52.838427947598255,1.6528925619834711,98.34710743801654,14.285714285714285,21.51260504201681,15.294117647058824,24.873949579831933,14.789915966386555,0.6722689075630253,1.0084033613445378,0.33613445378151263,0.16806722689075632,0.16806722689075632,0.0,0.16806722689075632,0.0,0.0,0.16806722689075632,6.386554621848739,0.16806722689075632,0.0,0.0,0.0,0.0,0.0
01218,01,218,1240,794,446,0,589,12,585,4,127,77,72,128,102,9,7,3,3,0,0,2,0,0,1,54,0,0,0,0,0,0,47.5,0.6791171477079796,99.32088285229203,21.70940170940171,13.162393162393164,12.307692307692308,21.88034188034188,17.435897435897434,1.5384615384615385,1.1965811965811968,0.5128205128205128,0.5128205128205128,0.0,0.0,0.3418803418803419,0.0,0.0,0.17094017094017094,9.230769230769232,0.0,0.0,0.0,0.0,0.0,0.0
01219,01,219,978,534,444,0,448,17,447,1,81,130,77,72,43,13,5,4,2,1,0,1,0,0,0,15,3,0,0,0,0,0,45.807770961145195,0.2232142857142857,99.77678571428571,18.120805369127517,29.082774049217004,17.225950782997764,16.10738255033557,9.619686800894854,2.9082774049217,1.1185682326621924,0.8948545861297539,0.44742729306487694,0.22371364653243847,0.0,0.22371364653243847,0.0,0.0,0.0,3.3557046979865772,0.6711409395973155,0.0,0.0,0.0,0.0,0.0
01220,01,220,1068,715,353,0,531,15,525,6,91,77,64,153,72,7,7,4,5,0,0,0,0,0,1,44,0,0,0,0,0,0,49.71910112359551,1.1299435028248588,98.87005649717514,17.333333333333336,14.666666666666666,12.19047619047619,29.142857142857142,13.714285714285715,1.3333333333333335,1.3333333333333335,0.7619047619047619,0.9523809523809524,0.0,0.0,0.0,0.0,0.0,0.19047619047619047,8.380952380952381,0.0,0.0,0.0,0.0,0.0,0.0
01221,01,221,933,588,345,0,429,11,426,3,72,54,68,112,49,19,3,2,0,1,0,0,0,0,0,45,1,0,0,0,0,0,45.98070739549839,0.6993006993006993,99.3006993006993,16.901408450704224,12.676056338028168,15.96244131455399,26.291079812206576,11.502347417840376,4.460093896713615,0.7042253521126761,0.4694835680751174,0.0,0.2347417840375587,0.0,0.0,0.0,0.0,0.0,10.56338028169014,0.2347417840375587,0.0,0.0,0.0,0.0,0.0
01222,01,222,1023,717,306,0,482,13,479,3,89,47,78,136,57,15,3,0,1,1,0,1,0,0,0,51,0,0,0,0,0,0,47.116324535679375,0.6224066390041494,99.37759336099586,18.580375782881003,9.812108559498958,16.2839248434238,28.39248434237996,11.899791231732777,3.1315240083507305,0.6263048016701461,0.0,0.20876826722338201,0.20876826722338201,0.0,0.20876826722338201,0.0,0.0,0.0,10.647181628392484,0.0,0.0,0.0,0.0,0.0,0.0
01223,01,223,776,549,227,0,377,5,374,3,59,43,39,118,56,8,9,1,1,2,0,0,0,0,0,38,0,0,0,0,0,0,48.58247422680412,0.7957559681697612,99.20424403183023,15.775401069518717,11.497326203208557,10.427807486631016,31.550802139037433,14.973262032085561,2.13903743315508,2.406417112299465,0.267379679144385,0.267379679144385,0.53475935828877,0.0,0.0,0.0,0.0,0.0,10.16042780748663,0.0,0.0,0.0,0.0,0.0,0.0
01224,01,224,909,645,264,0,462,5,452,10,74,28,92,117,79,9,3,2,0,0,0,0,0,0,0,48,0,0,0,0,0,0,50.82508250825083,2.1645021645021645,97.83549783549783,16.371681415929203,6.1946902654867255,20.353982300884958,25.88495575221239,17.47787610619469,1.991150442477876,0.6637168141592921,0.4424778761061947,0.0,0.0,0.0,0.0,0.0,0.0,0.0,10.619469026548673,0.0,0.0,0.0,0.0,0.0,0.0
01225,01,225,1178,780,398,0,627,12,623,4,94,74,70,154,120,20,15,5,1,5,0,0,0,1,2,61,1,0,0,0,0,0,53.2258064516129,0.6379585326953748,99.36204146730464,15.08828250401284,11.878009630818621,11.235955056179774,24.719101123595504,19.26163723916533,3.210272873194221,2.4077046548956664,0.8025682182985553,0.16051364365971107,0.8025682182985553,0.0,0.0,0.0,0.16051364365971107,0.32102728731942215,9.791332263242374,0.16051364365971107,0.0,0.0,0.0,0.0,0.0
01226,01,226,1245,724,521,0,592,22,589,3,108,140,95,127,49,18,3,4,3,2,0,0,0,0,0,36,4,0,0,0,0,0,47.55020080321285,0.5067567567567568,99.49324324324324,18.33616298811545,23.769100169779286,16.129032258064516,21.561969439728355,8.31918505942275,3.0560271646859083,0.5093378607809848,0.6791171477079796,0.5093378607809848,0.3395585738539898,0.0,0.0,0.0,0.0,0.0,6.112054329371817,0.6791171477079796,0.0,0.0,0.0,0.0,0.0
01227,01,227,1315,847,468,0,663,16,659,4,106,84,95,167,93,11,13,3,3,3,0,2,0,0,1,74,4,0,0,0,0,0,50.41825095057034,0.603318250377074,99.39668174962293,16.084977238239755,12.746585735963581,14.41578148710167,25.341426403641883,14.112291350531109,1.669195751138088,1.9726858877086493,0.4552352048558422,0.4552352048558422,0.4552352048558422,0.0,0.30349013657056145,0.0,0.0,0.15174506828528073,11.229135053110774,0.6069802731411229,0.0,0.0,0.0,0.0,0.0
01228,01,228,1289,867,422,0,678,11,670,8,85,94,82,173,131,15,15,9,4,2,0,0,0,2,1,53,4,0,0,0,0,0,52.5989138867339,1.1799410029498525,98.82005899705014,12.686567164179104,14.029850746268657,12.238805970149254,25.82089552238806,19.55223880597015,2.2388059701492535,2.2388059701492535,1.3432835820895521,0.5970149253731344,0.2985074626865672,0.0,0.0,0.0,0.2985074626865672,0.1492537313432836,7.91044776119403,0.5970149253731344,0.0,0.0,0.0,0.0,0.0
01229,01,229,1094,637,457,0,503,11,502,1,65,164,70,130,31,9,6,3,1,2,0,0,0,0,1,20,0,0,0,0,0,0,45.9780621572212,0.19880715705765406,99.80119284294234,12.94820717131474,32.669322709163346,13.94422310756972,25.89641434262948,6.175298804780876,1.7928286852589643,1.1952191235059761,0.5976095617529881,0.199203187250996,0.398406374501992,0.0,0.0,0.0,0.0,0.199203187250996,3.9840637450199203,0.0,0.0,0.0,0.0,0.0,0.0
01230,01,230,935,511,424,0,390,14,389,1,42,141,45,104,21,10,4,7,0,0,0,0,0,0,0,10,5,0,0,0,0,0,41.711229946524064,0.2564102564102564,99.74358974358975,10.796915167095115,36.246786632390744,11.568123393316196,26.735218508997427,5.3984575835475574,2.570694087403599,1.0282776349614395,1.7994858611825193,0.0,0.0,0.0,0.0,0.0,0.0,0.0,2.570694087403599,1.2853470437017995,0.0,0.0,0.0,0.0,0.0
012A,01,2A,0,0,0,0,602,602,600,2,91,92,177,90,60,28,6,8,4,1,0,0,0,0,2,41,0,0,0,0,0,0,inf,0.33222591362126247,99.66777408637874,15.166666666666668,15.333333333333332,29.5,15.0,10.0,4.666666666666667,1.0,1.3333333333333335,0.6666666666666667,0.16666666666666669,0.0,0.0,0.0,0.0,0.33333333333333337,6.833333333333333,0.0,0.0,0.0,0.0,0.0,0.0
012B,01,2B,0,0,0,0,758,758,757,1,155,134,179,109,74,29,12,6,0,0,0,0,0,0,1,55,3,0,0,0,0,0,inf,0.13192612137203166,99.86807387862797,20.47556142668428,17.701453104359313,23.645970937912814,14.398943196829592,9.775429326287979,3.830911492734478,1.5852047556142668,0.7926023778071334,0.0,0.0,0.0,0.0,0.0,0.0,0.13210039630118892,7.26552179656539,0.3963011889035667,0.0,0.0,0.0,0.0,0.0
012C,01,2C,0,0,0,0,929,929,927,2,124,161,250,146,86,73,7,6,0,3,0,0,0,1,1,65,4,0,0,0,0,0,inf,0.2152852529601722,99.78471474703983,13.3764832793959,17.367853290183387,26.968716289104638,15.74973031283711,9.277238403451996,7.874865156418555,0.7551240560949299,0.6472491909385114,0.0,0.3236245954692557,0.0,0.0,0.0,0.10787486515641855,0.10787486515641855,7.011866235167206,0.4314994606256742,0.0,0.0,0.0,0.0,0.0
012D,01,2D,0,0,0,0,686,686,682,4,120,117,117,160,59,19,5,8,0,4,0,1,0,0,0,70,2,0,0,0,0,0,inf,0.5830903790087464,99.41690962099126,17.595307917888565,17.155425219941346,17.155425219941346,23.46041055718475,8.651026392961878,2.785923753665689,0.7331378299120235,1.1730205278592376,0.0,0.5865102639296188,0.0,0.1466275659824047,0.0,0.0,0.0,10.263929618768328,0.2932551319648094,0.0,0.0,0.0,0.0,0.0
012E,01,2E,0,0,0,0,702,702,700,2,125,116,133,154,56,17,8,8,1,0,0,0,0,0,1,78,3,0,0,0,0,0,inf,0.2849002849002849,99.71509971509973,17.857142857142858,16.57142857142857,19.0,22.0,8.0,2.4285714285714284,1.1428571428571428,1.1428571428571428,0.14285714285714285,0.0,0.0,0.0,0.0,0.0,0.14285714285714285,11.142857142857142,0.4285714285714286,0.0,0.0,0.0,0.0,0.0
012F,01,2F,0,0,0,0,802,802,800,2,101,286,142,138,41,46,8,7,2,2,0,0,0,0,0,24,3,0,0,0,0,0,inf,0.24937655860349126,99.75062344139651,12.625,35.75,17.75,17.25,5.125,5.75,1.0,0.8750000000000001,0.25,0.25,0.0,0.0,0.0,0.0,0.0,3.0,0.375,0.0,0.0,0.0,0.0,0.0
012G,01,2G,0,0,0,0,648,648,648,0,78,235,105,134,32,31,4,5,1,0,0,2,0,0,0,18,3,0,0,0,0,0,inf,0.0,100.0,12.037037037037036,36.26543209876543,16.203703703703702,20.679012345679013,4.938271604938271,4.78395061728395,0.6172839506172839,0.7716049382716049,0.15432098765432098,0.0,0.0,0.30864197530864196,0.0,0.0,0.0,2.7777777777777777,0.4629629629629629,0.0,0.0,0.0,0.0,0.0
012H,01,2H,0,0,0,0,711,711,708,3,81,214,143,118,39,41,5,13,1,4,0,2,0,0,3,38,6,0,0,0,0,0,inf,0.42194092827004215,99.57805907172997,11.440677966101696,30.225988700564972,20.19774011299435,16.666666666666664,5.508474576271186,5.790960451977401,0.7062146892655368,1.8361581920903955,0.14124293785310735,0.5649717514124294,0.0,0.2824858757062147,0.0,0.0,0.423728813559322,5.367231638418079,0.847457627118644,0.0,0.0,0.0,0.0,0.0
012I,01,2I,0,0,0,0,615,615,613,2,119,84,108,154,41,20,6,5,0,4,0,1,0,0,2,67,2,0,0,0,0,0,inf,0.3252032520325203,99.67479674796748,19.412724306688418,13.70309951060359,17.61827079934747,25.122349102773246,6.688417618270799,3.262642740619902,0.9787928221859705,0.8156606851549755,0.0,0.6525285481239804,0.0,0.1631321370309951,0.0,0.0,0.3262642740619902,10.929853181076671,0.3262642740619902,0.0,0.0,0.0,0.0,0.0
012J,01,2J,0,0,0,0,564,564,564,0,112,80,94,137,67,11,9,3,1,5,0,0,0,1,1,43,0,0,0,0,0,0,inf,0.0,100.0,19.858156028368796,14.184397163120568,16.666666666666664,24.29078014184397,11.879432624113475,1.950354609929078,1.5957446808510638,0.5319148936170213,0.1773049645390071,0.8865248226950355,0.0,0.0,0.0,0.1773049645390071,0.1773049645390071,7.624113475177305,0.0,0.0,0.0,0.0,0.0,0.0
012K,01,2K,0,0,0,0,553,553,550,3,90,73,78,143,58,24,7,6,1,3,0,1,0,0,1,62,3,0,0,0,0,0,inf,0.5424954792043399,99.45750452079565,16.363636363636363,13.272727272727272,14.181818181818182,26.0,10.545454545454545,4.363636363636364,1.2727272727272727,1.090909090909091,0.18181818181818182,0.5454545454545455,0.0,0.18181818181818182,0.0,0.0,0.18181818181818182,11.272727272727273,0.5454545454545455,0.0,0.0,0.0,0.0,0.0
012L,01,2L,0,0,0,0,830,830,818,12,124,192,183,139,52,40,7,11,0,6,0,0,0,0,0,63,1,0,0,0,0,0,inf,1.4457831325301205,98.55421686746988,15.158924205378973,23.4718826405868,22.371638141809292,16.99266503667482,6.356968215158925,4.88997555012225,0.8557457212713936,1.3447432762836184,0.0,0.7334963325183375,0.0,0.0,0.0,0.0,0.0,7.701711491442542,0.12224938875305623,0.0,0.0,0.0,0.0,0.0
012M,01,2M,0,0,0,0,792,792,791,1,125,198,135,169,50,27,12,9,1,2,0,2,0,0,1,57,3,0,0,0,0,0,inf,0.12626262626262627,99.87373737373737,15.802781289506953,25.031605562579013,17.06700379266751,21.3653603034134,6.32111251580278,3.4134007585335016,1.5170670037926675,1.1378002528445006,0.12642225031605564,0.2528445006321113,0.0,0.2528445006321113,0.0,0.0,0.12642225031605564,7.206068268015171,0.37926675094816686,0.0,0.0,0.0,0.0,0.0
012N,01,2N,0,0,0,0,876,876,872,4,143,253,179,154,51,28,7,8,2,2,0,1,0,0,0,42,2,0,0,0,0,0,inf,0.45662100456621,99.54337899543378,16.399082568807337,29.01376146788991,20.527522935779814,17.660550458715598,5.848623853211009,3.211009174311927,0.8027522935779817,0.9174311926605505,0.22935779816513763,0.22935779816513763,0.0,0.11467889908256881,0.0,0.0,0.0,4.81651376146789,0.22935779816513763,0.0,0.0,0.0,0.0,0.0
012P,01,2P,0,0,0,0,417,417,417,0,68,72,61,92,52,9,9,1,1,2,0,0,0,0,1,48,1,0,0,0,0,0,inf,0.0,100.0,16.30695443645084,17.26618705035971,14.628297362110313,22.062350119904075,12.470023980815348,2.158273381294964,2.158273381294964,0.2398081534772182,0.2398081534772182,0.4796163069544364,0.0,0.0,0.0,0.0,0.2398081534772182,11.510791366906476,0.2398081534772182,0.0,0.0,0.0,0.0,0.0
012Q,01,2Q,0,0,0,0,765,765,763,2,118,265,90,159,37,27,6,10,1,4,0,1,0,0,1,41,3,0,0,0,0,0,inf,0.261437908496732,99.73856209150327,15.465268676277852,34.73132372214941,11.795543905635649,20.838794233289644,4.849279161205767,3.5386631716906947,0.7863695937090431,1.310615989515072,0.1310615989515072,0.5242463958060288,0.0,0.1310615989515072,0.0,0.0,0.1310615989515072,5.373525557011796,0.39318479685452157,0.0,0.0,0.0,0.0,0.0
01300,01,300,819,553,266,0,397,11,394,3,71,92,27,110,39,11,9,8,1,1,0,0,0,0,1,21,3,0,0,0,0,0,48.47374847374847,0.7556675062972292,99.24433249370277,18.02030456852792,23.3502538071066,6.852791878172589,27.918781725888326,9.898477157360407,2.7918781725888326,2.284263959390863,2.030456852791878,0.25380710659898476,0.25380710659898476,0.0,0.0,0.0,0.0,0.25380710659898476,5.32994923857868,0.7614213197969544,0.0,0.0,0.0,0.0,0.0
01301,01,301,658,499,159,0,271,5,271,0,37,53,23,92,25,8,1,4,3,3,0,1,0,0,0,17,4,0,0,0,0,0,41.18541033434651,0.0,100.0,13.653136531365314,19.557195571955717,8.487084870848708,33.94833948339483,9.22509225092251,2.952029520295203,0.36900369003690037,1.4760147601476015,1.107011070110701,1.107011070110701,0.0,0.36900369003690037,0.0,0.0,0.0,6.273062730627306,1.4760147601476015,0.0,0.0,0.0,0.0,0.0
01302,01,302,907,577,330,0,417,8,411,6,74,89,50,107,44,14,7,3,1,2,0,0,0,0,0,19,1,0,0,0,0,0,45.97574421168688,1.4388489208633095,98.56115107913669,18.004866180048662,21.654501216545015,12.165450121654501,26.034063260340634,10.70559610705596,3.40632603406326,1.70316301703163,0.7299270072992701,0.24330900243309003,0.48661800486618007,0.0,0.0,0.0,0.0,0.0,4.622871046228711,0.24330900243309003,0.0,0.0,0.0,0.0,0.0
01303,01,303,896,622,274,0,445,14,439,6,76,103,44,124,48,8,7,4,5,1,0,0,0,0,0,19,0,0,0,0,0,0,49.66517857142857,1.348314606741573,98.65168539325843,17.312072892938495,23.462414578587698,10.022779043280181,28.246013667425967,10.933940774487471,1.8223234624145785,1.5945330296127564,0.9111617312072893,1.1389521640091116,0.22779043280182232,0.0,0.0,0.0,0.0,0.0,4.328018223234624,0.0,0.0,0.0,0.0,0.0,0.0
01304,01,304,891,651,240,0,450,12,442,8,77,99,40,128,38,9,5,2,5,0,0,0,0,1,2,30,6,0,0,0,0,0,50.505050505050505,1.7777777777777777,98.22222222222223,17.420814479638008,22.39819004524887,9.049773755656108,28.95927601809955,8.597285067873303,2.0361990950226243,1.1312217194570136,0.4524886877828055,1.1312217194570136,0.0,0.0,0.0,0.0,0.22624434389140274,0.4524886877828055,6.787330316742081,1.3574660633484164,0.0,0.0,0.0,0.0,0.0
01305,01,305,896,607,289,0,488,2,483,5,89,152,56,97,41,11,5,7,1,0,0,3,0,0,0,21,0,0,0,0,0,0,54.46428571428571,1.0245901639344261,98.97540983606558,18.426501035196686,31.469979296066253,11.594202898550725,20.082815734989648,8.488612836438923,2.2774327122153206,1.0351966873706004,1.4492753623188406,0.2070393374741201,0.0,0.0,0.6211180124223602,0.0,0.0,0.0,4.3478260869565215,0.0,0.0,0.0,0.0,0.0,0.0
01306,01,306,1352,811,541,0,674,13,670,4,113,245,70,142,42,15,4,6,0,1,0,1,0,1,2,24,4,0,0,0,0,0,49.85207100591716,0.5934718100890208,99.40652818991099,16.865671641791042,36.56716417910448,10.44776119402985,21.19402985074627,6.26865671641791,2.2388059701492535,0.5970149253731344,0.8955223880597015,0.0,0.1492537313432836,0.0,0.1492537313432836,0.0,0.1492537313432836,0.2985074626865672,3.582089552238806,0.5970149253731344,0.0,0.0,0.0,0.0,0.0
01307,01,307,1109,705,404,0,594,11,593,1,115,206,86,100,38,10,1,3,1,2,0,1,0,0,0,30,0,0,0,0,0,0,53.56176735798016,0.16835016835016833,99.83164983164983,19.392917369308602,34.73861720067454,14.502529510961216,16.863406408094438,6.408094435075886,1.6863406408094435,0.16863406408094433,0.5059021922428331,0.16863406408094433,0.33726812816188867,0.0,0.16863406408094433,0.0,0.0,0.0,5.059021922428331,0.0,0.0,0.0,0.0,0.0,0.0
01308,01,308,1289,846,443,0,738,14,735,3,125,252,95,157,43,16,4,6,3,2,0,0,0,0,1,30,1,0,0,0,0,0,57.253685027152834,0.40650406504065045,99.59349593495935,17.006802721088434,34.285714285714285,12.925170068027212,21.360544217687075,5.850340136054422,2.1768707482993195,0.5442176870748299,0.8163265306122449,0.40816326530612246,0.27210884353741494,0.0,0.0,0.0,0.0,0.13605442176870747,4.081632653061225,0.13605442176870747,0.0,0.0,0.0,0.0,0.0
01309,01,309,936,583,353,0,465,9,463,2,79,133,80,108,25,7,3,2,2,0,0,0,0,0,1,22,1,0,0,0,0,0,49.67948717948718,0.43010752688172044,99.56989247311829,17.062634989200866,28.725701943844495,17.278617710583152,23.326133909287257,5.399568034557236,1.511879049676026,0.6479481641468683,0.4319654427645789,0.4319654427645789,0.0,0.0,0.0,0.0,0.0,0.21598272138228944,4.751619870410368,0.21598272138228944,0.0,0.0,0.0,0.0,0.0
01310,01,310,1045,553,492,0,459,11,459,0,126,144,113,45,5,20,1,1,0,0,0,0,0,0,1,2,1,0,0,0,0,0,43.92344497607655,0.0,100.0,27.450980392156865,31.372549019607842,24.618736383442265,9.803921568627452,1.0893246187363834,4.357298474945534,0.2178649237472767,0.2178649237472767,0.0,0.0,0.0,0.0,0.0,0.0,0.2178649237472767,0.4357298474945534,0.2178649237472767,0.0,0.0,0.0,0.0,0.0
01311,01,311,1134,713,421,0,549,10,543,6,105,135,64,131,57,7,4,1,5,1,0,1,0,0,1,31,0,0,0,0,0,0,48.41269841269841,1.092896174863388,98.90710382513662,19.337016574585636,24.861878453038674,11.786372007366483,24.12523020257827,10.497237569060774,1.289134438305709,0.7366482504604052,0.1841620626151013,0.9208103130755065,0.1841620626151013,0.0,0.1841620626151013,0.0,0.0,0.1841620626151013,5.70902394106814,0.0,0.0,0.0,0.0,0.0,0.0
01312,01,312,840,511,329,0,395,8,393,2,84,121,53,76,29,11,5,2,1,0,0,0,0,0,1,10,0,0,0,0,0,0,47.023809523809526,0.5063291139240507,99.49367088607595,21.374045801526716,30.788804071246815,13.486005089058525,19.338422391857506,7.37913486005089,2.7989821882951653,1.2722646310432568,0.5089058524173028,0.2544529262086514,0.0,0.0,0.0,0.0,0.0,0.2544529262086514,2.5445292620865136,0.0,0.0,0.0,0.0,0.0,0.0
01313,01,313,1083,759,324,0,571,7,563,8,102,116,123,108,52,19,8,5,2,1,0,0,0,0,1,23,3,0,0,0,0,0,52.72391505078485,1.4010507880910683,98.59894921190893,18.117229129662523,20.603907637655418,21.847246891651864,19.182948490230906,9.236234458259325,3.374777975133215,1.4209591474245116,0.8880994671403196,0.3552397868561279,0.17761989342806395,0.0,0.0,0.0,0.0,0.17761989342806395,4.085257548845471,0.5328596802841918,0.0,0.0,0.0,0.0,0.0
01314,01,314,798,553,245,0,409,7,405,4,64,115,50,87,38,9,3,5,0,0,0,0,0,1,0,31,2,0,0,0,0,0,51.253132832080205,0.9779951100244498,99.02200488997555,15.802469135802468,28.39506172839506,12.345679012345679,21.48148148148148,9.382716049382717,2.2222222222222223,0.7407407407407408,1.2345679012345678,0.0,0.0,0.0,0.0,0.0,0.24691358024691357,0.0,7.654320987654321,0.49382716049382713,0.0,0.0,0.0,0.0,0.0
01315,01,315,967,735,232,0,494,10,489,5,105,35,107,97,66,24,5,1,3,0,0,0,0,0,0,44,2,0,0,0,0,0,51.08583247156153,1.0121457489878543,98.98785425101214,21.472392638036812,7.157464212678937,21.881390593047033,19.836400817995912,13.496932515337424,4.9079754601226995,1.0224948875255624,0.2044989775051125,0.6134969325153374,0.0,0.0,0.0,0.0,0.0,0.0,8.997955010224949,0.408997955010225,0.0,0.0,0.0,0.0,0.0
01316,01,316,1042,686,356,0,554,8,550,4,115,170,78,92,53,18,8,3,0,2,0,0,0,0,0,11,0,0,0,0,0,0,53.16698656429942,0.7220216606498195,99.27797833935018,20.909090909090907,30.909090909090907,14.181818181818182,16.727272727272727,9.636363636363637,3.272727272727273,1.4545454545454546,0.5454545454545455,0.0,0.36363636363636365,0.0,0.0,0.0,0.0,0.0,2.0,0.0,0.0,0.0,0.0,0.0,0.0
01317,01,317,1156,721,435,0,581,12,577,4,114,154,108,105,55,13,4,1,1,2,0,0,0,0,0,19,1,0,0,0,0,0,50.259515570934255,0.6884681583476765,99.31153184165233,19.75736568457539,26.689774696707108,18.717504332755635,18.19757365684575,9.532062391681109,2.2530329289428077,0.6932409012131715,0.17331022530329288,0.17331022530329288,0.34662045060658575,0.0,0.0,0.0,0.0,0.0,3.2928942807625647,0.17331022530329288,0.0,0.0,0.0,0.0,0.0
01318,01,318,953,624,329,0,485,12,482,3,99,128,71,93,36,16,3,2,2,1,0,0,0,0,0,31,0,0,0,0,0,0,50.89192025183631,0.6185567010309279,99.38144329896907,20.539419087136928,26.556016597510375,14.730290456431536,19.294605809128633,7.468879668049793,3.319502074688797,0.6224066390041494,0.4149377593360996,0.4149377593360996,0.2074688796680498,0.0,0.0,0.0,0.0,0.0,6.431535269709543,0.0,0.0,0.0,0.0,0.0,0.0
01319,01,319,1062,659,403,0,533,12,531,2,116,142,112,82,36,17,3,1,2,2,0,0,0,0,0,18,0,0,0,0,0,0,50.18832391713748,0.37523452157598497,99.62476547842401,21.84557438794727,26.741996233521657,21.092278719397363,15.44256120527307,6.779661016949152,3.2015065913371,0.5649717514124294,0.18832391713747645,0.3766478342749529,0.3766478342749529,0.0,0.0,0.0,0.0,0.0,3.389830508474576,0.0,0.0,0.0,0.0,0.0,0.0
01320,01,320,585,374,211,0,346,10,344,2,70,138,51,45,22,8,2,0,0,0,0,0,0,0,0,8,0,0,0,0,0,0,59.14529914529915,0.5780346820809248,99.42196531791907,20.348837209302324,40.116279069767444,14.825581395348838,13.08139534883721,6.395348837209303,2.3255813953488373,0.5813953488372093,0.0,0.0,0.0,0.0,0.0,0.0,0.0,0.0,2.3255813953488373,0.0,0.0,0.0,0.0,0.0,0.0
01321,01,321,1009,554,455,0,402,12,401,1,74,113,71,67,39,10,4,3,1,0,0,2,0,0,0,15,2,0,0,0,0,0,39.841427155599604,0.24875621890547264,99.75124378109453,18.453865336658353,28.179551122194514,17.70573566084788,16.708229426433917,9.72568578553616,2.493765586034913,0.997506234413965,0.7481296758104738,0.24937655860349126,0.0,0.0,0.4987531172069825,0.0,0.0,0.0,3.7406483790523692,0.4987531172069825,0.0,0.0,0.0,0.0,0.0
01322,01,322,1163,636,527,0,473,3,470,3,82,87,102,79,61,24,6,2,2,1,0,0,0,0,0,19,5,0,0,0,0,0,40.67067927773001,0.6342494714587738,99.36575052854123,17.4468085106383,18.51063829787234,21.70212765957447,16.80851063829787,12.978723404255318,5.106382978723404,1.276595744680851,0.425531914893617,0.425531914893617,0.2127659574468085,0.0,0.0,0.0,0.0,0.0,4.042553191489362,1.0638297872340425,0.0,0.0,0.0,0.0,0.0
01323,01,323,1073,682,391,0,500,14,497,3,84,99,128,64,59,28,3,4,0,0,0,0,0,0,0,27,1,0,0,0,0,0,46.59832246039143,0.6,99.4,16.901408450704224,19.919517102615693,25.75452716297787,12.877263581488934,11.87122736418511,5.633802816901409,0.6036217303822937,0.8048289738430584,0.0,0.0,0.0,0.0,0.0,0.0,0.0,5.432595573440644,0.2012072434607646,0.0,0.0,0.0,0.0,0.0
01324,01,324,1065,721,344,0,497,10,490,7,85,75,120,84,68,22,3,3,4,1,0,0,0,0,1,23,1,0,0,0,0,0,46.666666666666664,1.4084507042253522,98.59154929577466,17.346938775510203,15.306122448979592,24.489795918367346,17.142857142857142,13.877551020408163,4.489795918367347,0.6122448979591837,0.6122448979591837,0.8163265306122449,0.20408163265306123,0.0,0.0,0.0,0.0,0.20408163265306123,4.6938775510204085,0.20408163265306123,0.0,0.0,0.0,0.0,0.0
01325,01,325,726,407,319,0,276,6,272,4,27,46,83,27,52,27,0,2,0,0,0,0,0,0,0,6,2,0,0,0,0,0,38.01652892561984,1.4492753623188406,98.55072463768117,9.926470588235293,16.911764705882355,30.514705882352942,9.926470588235293,19.11764705882353,9.926470588235293,0.0,0.7352941176470588,0.0,0.0,0.0,0.0,0.0,0.0,0.0,2.2058823529411766,0.7352941176470588,0.0,0.0,0.0,0.0,0.0
01326,01,326,1057,771,286,0,519,12,509,10,94,106,89,117,40,24,6,5,0,2,0,0,0,0,2,20,4,0,0,0,0,0,49.10122989593188,1.9267822736030826,98.07321772639692,18.467583497053045,20.825147347740668,17.4852652259332,22.98624754420432,7.858546168958743,4.715127701375246,1.1787819253438114,0.9823182711198428,0.0,0.3929273084479371,0.0,0.0,0.0,0.0,0.3929273084479371,3.9292730844793713,0.7858546168958742,0.0,0.0,0.0,0.0,0.0
01327,01,327,1056,710,346,0,509,6,508,1,84,128,112,83,45,14,2,6,1,1,0,0,0,0,0,30,2,0,0,0,0,0,48.20075757575758,0.19646365422396855,99.80353634577604,16.535433070866144,25.196850393700785,22.04724409448819,16.338582677165352,8.858267716535433,2.7559055118110236,0.39370078740157477,1.1811023622047243,0.19685039370078738,0.19685039370078738,0.0,0.0,0.0,0.0,0.0,5.905511811023622,0.39370078740157477,0.0,0.0,0.0,0.0,0.0
01328,01,328,897,609,288,0,461,14,457,4,83,131,73,100,26,11,1,3,1,1,0,0,0,0,0,24,3,0,0,0,0,0,51.39353400222966,0.8676789587852495,99.13232104121475,18.161925601750546,28.665207877461707,15.973741794310722,21.88183807439825,5.689277899343545,2.4070021881838075,0.2188183807439825,0.6564551422319475,0.2188183807439825,0.2188183807439825,0.0,0.0,0.0,0.0,0.0,5.25164113785558,0.6564551422319475,0.0,0.0,0.0,0.0,0.0
01329,01,329,830,591,239,0,414,10,409,5,77,73,72,104,32,10,2,0,4,1,0,0,0,0,0,31,3,0,0,0,0,0,49.87951807228916,1.2077294685990339,98.79227053140096,18.82640586797066,17.84841075794621,17.6039119804401,25.4278728606357,7.823960880195599,2.444987775061125,0.4889975550122249,0.0,0.9779951100244498,0.24449877750611246,0.0,0.0,0.0,0.0,0.0,7.579462102689487,0.7334963325183375,0.0,0.0,0.0,0.0,0.0
01330,01,330,1217,783,434,0,617,13,615,2,98,191,65,151,46,20,7,6,5,0,0,0,0,0,0,21,5,0,0,0,0,0,50.69843878389483,0.3241491085899514,99.67585089141005,15.934959349593496,31.05691056910569,10.569105691056912,24.552845528455283,7.479674796747967,3.2520325203252036,1.1382113821138211,0.975609756097561,0.8130081300813009,0.0,0.0,0.0,0.0,0.0,0.0,3.414634146341464,0.8130081300813009,0.0,0.0,0.0,0.0,0.0
013A,01,3A,0,0,0,0,378,378,375,3,70,115,45,94,21,8,5,3,0,1,0,1,0,0,0,12,0,0,0,0,0,0,inf,0.7936507936507936,99.20634920634922,18.666666666666668,30.666666666666664,12.0,25.066666666666666,5.6000000000000005,2.1333333333333333,1.3333333333333335,0.8,0.0,0.26666666666666666,0.0,0.26666666666666666,0.0,0.0,0.0,3.2,0.0,0.0,0.0,0.0,0.0,0.0
013B,01,3B,0,0,0,0,534,534,532,2,64,181,66,142,20,17,9,5,4,0,0,0,0,0,0,18,6,0,0,0,0,0,inf,0.37453183520599254,99.625468164794,12.030075187969924,34.02255639097744,12.406015037593985,26.691729323308273,3.7593984962406015,3.195488721804511,1.6917293233082706,0.9398496240601504,0.7518796992481203,0.0,0.0,0.0,0.0,0.0,0.0,3.3834586466165413,1.1278195488721803,0.0,0.0,0.0,0.0,0.0
013C,01,3C,0,0,0,0,707,707,707,0,148,232,97,129,28,15,13,6,3,2,0,0,0,0,0,31,3,0,0,0,0,0,inf,0.0,100.0,20.933521923620933,32.814710042432814,13.719943422913719,18.246110325318245,3.9603960396039604,2.1216407355021216,1.8387553041018387,0.8486562942008486,0.4243281471004243,0.2828854314002829,0.0,0.0,0.0,0.0,0.0,4.384724186704385,0.4243281471004243,0.0,0.0,0.0,0.0,0.0
013D,01,3D,0,0,0,0,603,603,603,0,116,208,103,100,21,17,6,7,0,1,0,0,0,0,0,20,4,0,0,0,0,0,inf,0.0,100.0,19.237147595356554,34.49419568822554,17.081260364842453,16.58374792703151,3.482587064676617,2.8192371475953566,0.9950248756218906,1.1608623548922055,0.0,0.16583747927031509,0.0,0.0,0.0,0.0,0.0,3.316749585406302,0.6633499170812603,0.0,0.0,0.0,0.0,0.0
013E,01,3E,0,0,0,0,772,772,770,2,158,251,143,111,27,32,16,10,3,3,0,0,0,0,0,15,1,0,0,0,0,0,inf,0.2590673575129534,99.74093264248705,20.51948051948052,32.5974025974026,18.571428571428573,14.415584415584416,3.506493506493506,4.1558441558441555,2.0779220779220777,1.2987012987012987,0.38961038961038963,0.38961038961038963,0.0,0.0,0.0,0.0,0.0,1.948051948051948,0.12987012987012986,0.0,0.0,0.0,0.0,0.0
013F,01,3F,0,0,0,0,727,727,726,1,131,301,101,113,18,15,8,10,1,5,0,0,0,0,0,22,1,0,0,0,0,0,inf,0.1375515818431912,99.86244841815682,18.044077134986225,41.460055096418735,13.911845730027547,15.564738292011018,2.479338842975207,2.066115702479339,1.1019283746556474,1.3774104683195594,0.13774104683195593,0.6887052341597797,0.0,0.0,0.0,0.0,0.0,3.0303030303030303,0.13774104683195593,0.0,0.0,0.0,0.0,0.0
013G,01,3G,0,0,0,0,817,817,814,3,158,286,150,118,47,23,8,6,0,0,0,0,0,0,1,15,2,0,0,0,0,0,inf,0.36719706242350064,99.6328029375765,19.41031941031941,35.13513513513514,18.42751842751843,14.496314496314497,5.773955773955774,2.8255528255528257,0.9828009828009828,0.7371007371007371,0.0,0.0,0.0,0.0,0.0,0.0,0.12285012285012285,1.8427518427518428,0.2457002457002457,0.0,0.0,0.0,0.0,0.0
013H,01,3H,0,0,0,0,613,613,612,1,125,193,108,96,31,25,3,6,4,4,0,0,0,1,0,14,2,0,0,0,0,0,inf,0.1631321370309951,99.836867862969,20.424836601307188,31.5359477124183,17.647058823529413,15.686274509803921,5.065359477124183,4.084967320261438,0.49019607843137253,0.9803921568627451,0.6535947712418301,0.6535947712418301,0.0,0.0,0.0,0.16339869281045752,0.0,2.287581699346405,0.32679738562091504,0.0,0.0,0.0,0.0,0.0
013I,01,3I,0,0,0,0,427,427,426,1,79,101,89,80,27,17,4,5,0,4,0,0,0,0,0,18,2,0,0,0,0,0,inf,0.234192037470726,99.76580796252928,18.544600938967136,23.708920187793428,20.89201877934272,18.779342723004692,6.338028169014084,3.9906103286384975,0.9389671361502347,1.1737089201877933,0.0,0.9389671361502347,0.0,0.0,0.0,0.0,0.0,4.225352112676056,0.4694835680751174,0.0,0.0,0.0,0.0,0.0
013J,01,3J,0,0,0,0,653,653,650,3,136,185,121,108,21,28,16,4,3,1,0,1,0,0,2,22,2,0,0,0,0,0,inf,0.45941807044410415,99.5405819295559,20.923076923076923,28.46153846153846,18.615384615384613,16.615384615384617,3.230769230769231,4.3076923076923075,2.4615384615384617,0.6153846153846154,0.46153846153846156,0.15384615384615385,0.0,0.15384615384615385,0.0,0.0,0.3076923076923077,3.3846153846153846,0.3076923076923077,0.0,0.0,0.0,0.0,0.0
013K,01,3K,0,0,0,0,895,895,888,7,199,231,225,89,47,45,13,5,5,4,0,2,0,0,3,19,1,0,0,0,0,0,inf,0.782122905027933,99.21787709497207,22.40990990990991,26.013513513513516,25.33783783783784,10.022522522522523,5.292792792792793,5.0675675675675675,1.4639639639639639,0.5630630630630631,0.5630630630630631,0.45045045045045046,0.0,0.22522522522522523,0.0,0.0,0.33783783783783783,2.1396396396396398,0.11261261261261261,0.0,0.0,0.0,0.0,0.0
013L,01,3L,0,0,0,0,837,837,834,3,110,217,268,78,62,47,10,4,1,2,0,0,0,0,3,30,2,0,0,0,0,0,inf,0.35842293906810035,99.6415770609319,13.189448441247004,26.019184652278177,32.13429256594724,9.352517985611511,7.434052757793765,5.635491606714628,1.1990407673860912,0.4796163069544364,0.1199040767386091,0.2398081534772182,0.0,0.0,0.0,0.0,0.3597122302158274,3.597122302158273,0.2398081534772182,0.0,0.0,0.0,0.0,0.0
013M,01,3M,0,0,0,0,557,557,557,0,99,144,139,68,40,21,4,7,3,2,0,0,0,1,0,26,3,0,0,0,0,0,inf,0.0,100.0,17.7737881508079,25.852782764811487,24.95511669658887,12.208258527827647,7.1813285457809695,3.7701974865350087,0.718132854578097,1.2567324955116697,0.5385996409335727,0.3590664272890485,0.0,0.0,0.0,0.17953321364452424,0.0,4.66786355475763,0.5385996409335727,0.0,0.0,0.0,0.0,0.0
013N,01,3N,0,0,0,0,565,565,564,1,108,190,87,93,24,19,5,6,2,1,0,1,0,0,1,25,2,0,0,0,0,0,inf,0.17699115044247787,99.82300884955752,19.148936170212767,33.687943262411345,15.425531914893616,16.48936170212766,4.25531914893617,3.368794326241135,0.8865248226950355,1.0638297872340425,0.3546099290780142,0.1773049645390071,0.0,0.1773049645390071,0.0,0.0,0.1773049645390071,4.432624113475177,0.3546099290780142,0.0,0.0,0.0,0.0,0.0
013P,01,3P,0,0,0,0,592,592,590,2,88,216,109,100,23,17,2,6,1,2,0,0,0,0,1,23,2,0,0,0,0,0,inf,0.33783783783783783,99.66216216216216,14.915254237288137,36.610169491525426,18.47457627118644,16.94915254237288,3.898305084745763,2.8813559322033897,0.3389830508474576,1.0169491525423728,0.1694915254237288,0.3389830508474576,0.0,0.0,0.0,0.0,0.1694915254237288,3.898305084745763,0.3389830508474576,0.0,0.0,0.0,0.0,0.0
01400,01,400,988,683,305,0,452,5,451,1,70,87,52,123,56,13,5,5,9,2,0,1,0,0,2,25,1,0,0,0,0,0,45.74898785425101,0.22123893805309736,99.77876106194691,15.521064301552107,19.290465631929045,11.529933481152993,27.27272727272727,12.416851441241686,2.882483370288248,1.1086474501108647,1.1086474501108647,1.9955654101995564,0.4434589800443459,0.0,0.22172949002217296,0.0,0.0,0.4434589800443459,5.543237250554324,0.22172949002217296,0.0,0.0,0.0,0.0,0.0
01401,01,401,940,674,266,0,487,13,485,2,68,136,47,135,50,12,2,3,1,1,0,1,0,1,1,21,6,0,0,0,0,0,51.808510638297875,0.41067761806981523,99.58932238193019,14.02061855670103,28.04123711340206,9.690721649484537,27.835051546391753,10.309278350515463,2.4742268041237114,0.4123711340206186,0.6185567010309279,0.2061855670103093,0.2061855670103093,0.0,0.2061855670103093,0.0,0.2061855670103093,0.2061855670103093,4.329896907216495,1.2371134020618557,0.0,0.0,0.0,0.0,0.0
01402,01,402,892,648,244,0,421,8,414,7,73,85,43,118,48,12,5,3,4,2,0,0,0,0,1,19,1,0,0,0,0,0,47.19730941704036,1.66270783847981,98.33729216152018,17.632850241545896,20.531400966183575,10.38647342995169,28.502415458937197,11.594202898550725,2.898550724637681,1.2077294685990339,0.7246376811594203,0.966183574879227,0.4830917874396135,0.0,0.0,0.0,0.0,0.24154589371980675,4.5893719806763285,0.24154589371980675,0.0,0.0,0.0,0.0,0.0
01403,01,403,1179,744,435,0,545,18,541,4,90,161,43,135,49,10,13,12,1,1,0,1,0,0,3,21,1,0,0,0,0,0,46.225614927905006,0.7339449541284404,99.26605504587155,16.635859519408502,29.75970425138632,7.948243992606285,24.953789279112755,9.057301293900185,1.8484288354898337,2.4029574861367835,2.2181146025878005,0.18484288354898337,0.18484288354898337,0.0,0.18484288354898337,0.0,0.0,0.5545286506469501,3.8817005545286505,0.18484288354898337,0.0,0.0,0.0,0.0,0.0
01404,01,404,813,557,256,0,436,11,434,2,79,135,38,120,28,3,8,8,0,2,0,0,0,0,0,12,1,0,0,0,0,0,53.62853628536285,0.45871559633027525,99.54128440366972,18.202764976958523,31.105990783410135,8.755760368663594,27.64976958525346,6.451612903225806,0.6912442396313364,1.8433179723502304,1.8433179723502304,0.0,0.4608294930875576,0.0,0.0,0.0,0.0,0.0,2.7649769585253456,0.2304147465437788,0.0,0.0,0.0,0.0,0.0
01405,01,405,1154,804,350,0,555,13,546,9,78,121,53,184,32,11,5,6,6,0,0,0,0,0,0,48,2,0,0,0,0,0,48.09358752166378,1.6216216216216217,98.37837837837839,14.285714285714285,22.16117216117216,9.706959706959708,33.6996336996337,5.86080586080586,2.0146520146520146,0.9157509157509158,1.098901098901099,1.098901098901099,0.0,0.0,0.0,0.0,0.0,0.0,8.791208791208792,0.3663003663003663,0.0,0.0,0.0,0.0,0.0
01406,01,406,896,597,299,0,393,5,392,1,78,88,42,102,43,5,4,3,2,0,0,2,0,0,2,20,1,0,0,0,0,0,43.861607142857146,0.2544529262086514,99.74554707379136,19.897959183673468,22.448979591836736,10.714285714285714,26.02040816326531,10.96938775510204,1.2755102040816326,1.0204081632653061,0.7653061224489796,0.5102040816326531,0.0,0.0,0.5102040816326531,0.0,0.0,0.5102040816326531,5.1020408163265305,0.25510204081632654,0.0,0.0,0.0,0.0,0.0
01407,01,407,788,549,239,0,392,8,387,5,70,109,40,108,24,5,3,4,0,1,0,1,0,0,0,18,4,0,0,0,0,0,49.746192893401016,1.2755102040816326,98.72448979591837,18.087855297157624,28.165374677002585,10.335917312661499,27.906976744186046,6.2015503875969,1.2919896640826873,0.7751937984496124,1.03359173126615,0.0,0.2583979328165375,0.0,0.2583979328165375,0.0,0.0,0.0,4.651162790697675,1.03359173126615,0.0,0.0,0.0,0.0,0.0
01408,01,408,1166,791,375,0,595,10,591,4,92,158,74,138,56,20,7,4,3,4,0,1,0,2,0,30,2,0,0,0,0,0,51.02915951972555,0.6722689075630253,99.32773109243698,15.5668358714044,26.73434856175973,12.521150592216582,23.3502538071066,9.475465313028765,3.3840947546531304,1.1844331641285957,0.676818950930626,0.5076142131979695,0.676818950930626,0.0,0.1692047377326565,0.0,0.338409475465313,0.0,5.0761421319796955,0.338409475465313,0.0,0.0,0.0,0.0,0.0
01409,01,409,995,686,309,0,541,11,539,2,88,184,49,135,32,8,4,3,1,1,0,1,0,0,0,30,3,0,0,0,0,0,54.37185929648242,0.36968576709796674,99.63031423290202,16.3265306122449,34.137291280148425,9.090909090909092,25.04638218923933,5.936920222634509,1.4842300556586272,0.7421150278293136,0.5565862708719851,0.1855287569573284,0.1855287569573284,0.0,0.1855287569573284,0.0,0.0,0.0,5.565862708719852,0.5565862708719851,0.0,0.0,0.0,0.0,0.0
01410,01,410,802,505,297,0,416,7,415,1,63,136,57,94,32,13,3,1,0,0,0,0,0,1,3,12,0,0,0,0,0,0,51.87032418952619,0.2403846153846154,99.75961538461539,15.180722891566264,32.7710843373494,13.734939759036143,22.650602409638555,7.710843373493977,3.132530120481928,0.7228915662650602,0.24096385542168677,0.0,0.0,0.0,0.0,0.0,0.24096385542168677,0.7228915662650602,2.891566265060241,0.0,0.0,0.0,0.0,0.0,0.0
01411,01,411,965,668,297,0,524,7,519,5,104,132,37,145,40,12,9,4,2,1,0,9,0,0,1,23,0,0,0,0,0,0,54.30051813471503,0.9541984732824428,99.04580152671755,20.03853564547206,25.43352601156069,7.129094412331407,27.9383429672447,7.7071290944123305,2.312138728323699,1.7341040462427744,0.7707129094412332,0.3853564547206166,0.1926782273603083,0.0,1.7341040462427744,0.0,0.0,0.1926782273603083,4.431599229287091,0.0,0.0,0.0,0.0,0.0,0.0
01412,01,412,1037,693,344,0,518,6,515,3,84,174,54,106,36,14,10,7,8,1,0,3,0,0,1,15,2,0,0,0,0,0,49.951783992285435,0.5791505791505791,99.42084942084942,16.310679611650485,33.78640776699029,10.485436893203884,20.58252427184466,6.990291262135923,2.7184466019417477,1.9417475728155338,1.3592233009708738,1.5533980582524272,0.1941747572815534,0.0,0.5825242718446602,0.0,0.0,0.1941747572815534,2.912621359223301,0.3883495145631068,0.0,0.0,0.0,0.0,0.0
01413,01,413,1163,776,387,0,620,20,616,4,120,185,69,124,61,13,4,9,1,1,0,0,0,1,1,23,4,0,0,0,0,0,53.310404127257094,0.6451612903225806,99.35483870967742,19.480519480519483,30.032467532467532,11.2012987012987,20.12987012987013,9.902597402597403,2.1103896103896105,0.6493506493506493,1.461038961038961,0.16233766233766234,0.16233766233766234,0.0,0.0,0.0,0.16233766233766234,0.16233766233766234,3.7337662337662336,0.6493506493506493,0.0,0.0,0.0,0.0,0.0
01414,01,414,1059,743,316,0,548,8,542,6,103,137,56,156,28,8,7,10,1,1,0,1,0,0,0,31,3,0,0,0,0,0,51.74693106704438,1.094890510948905,98.90510948905109,19.00369003690037,25.276752767527675,10.33210332103321,28.782287822878228,5.166051660516605,1.4760147601476015,1.2915129151291513,1.8450184501845017,0.18450184501845018,0.18450184501845018,0.0,0.18450184501845018,0.0,0.0,0.0,5.719557195571956,0.5535055350553505,0.0,0.0,0.0,0.0,0.0
01415,01,415,1146,797,349,0,567,19,562,5,103,131,61,175,31,13,5,5,4,0,0,1,0,0,0,31,2,0,0,0,0,0,49.47643979057592,0.8818342151675485,99.11816578483244,18.327402135231317,23.309608540925268,10.85409252669039,31.13879003558719,5.5160142348754455,2.3131672597864767,0.8896797153024912,0.8896797153024912,0.7117437722419928,0.0,0.0,0.1779359430604982,0.0,0.0,0.0,5.5160142348754455,0.3558718861209964,0.0,0.0,0.0,0.0,0.0
01416,01,416,927,657,270,0,483,12,482,1,85,116,55,120,52,10,5,12,1,1,0,0,0,0,1,20,4,0,0,0,0,0,52.103559870550164,0.2070393374741201,99.79296066252587,17.634854771784234,24.066390041493776,11.410788381742739,24.896265560165975,10.78838174273859,2.0746887966804977,1.0373443983402488,2.4896265560165975,0.2074688796680498,0.2074688796680498,0.0,0.0,0.0,0.0,0.2074688796680498,4.149377593360995,0.8298755186721992,0.0,0.0,0.0,0.0,0.0
01417,01,417,1043,696,347,0,542,12,539,3,97,184,35,144,28,11,7,7,3,0,0,3,0,1,0,17,2,0,0,0,0,0,51.96548418024928,0.5535055350553505,99.44649446494465,17.996289424860855,34.137291280148425,6.493506493506493,26.716141001855288,5.194805194805195,2.0408163265306123,1.2987012987012987,1.2987012987012987,0.5565862708719851,0.0,0.0,0.5565862708719851,0.0,0.1855287569573284,0.0,3.153988868274583,0.3710575139146568,0.0,0.0,0.0,0.0,0.0
01418,01,418,1164,788,376,0,592,14,587,5,96,167,56,173,41,9,7,5,4,2,0,0,0,0,1,20,6,0,0,0,0,0,50.85910652920962,0.8445945945945946,99.1554054054054,16.35434412265758,28.449744463373083,9.540034071550256,29.471890971039183,6.984667802385008,1.5332197614991483,1.192504258943782,0.8517887563884157,0.6814310051107325,0.34071550255536626,0.0,0.0,0.0,0.0,0.17035775127768313,3.4071550255536627,1.0221465076660987,0.0,0.0,0.0,0.0,0.0
01419,01,419,1134,799,335,0,514,11,513,1,99,115,42,152,46,11,6,2,8,1,0,0,0,0,1,24,6,0,0,0,0,0,45.326278659611994,0.19455252918287938,99.80544747081711,19.298245614035086,22.417153996101362,8.187134502923977,29.629629629629626,8.966861598440545,2.144249512670565,1.1695906432748537,0.3898635477582846,1.5594541910331383,0.1949317738791423,0.0,0.0,0.0,0.0,0.1949317738791423,4.678362573099415,1.1695906432748537,0.0,0.0,0.0,0.0,0.0
01420,01,420,1029,707,322,0,559,16,557,2,92,142,78,137,42,13,5,4,2,3,0,0,0,0,0,33,6,0,0,0,0,0,54.3245869776482,0.35778175313059035,99.6422182468694,16.517055655296232,25.493716337522443,14.003590664272892,24.59605026929982,7.5403949730700175,2.333931777378815,0.8976660682226212,0.718132854578097,0.3590664272890485,0.5385996409335727,0.0,0.0,0.0,0.0,0.0,5.9245960502693,1.0771992818671454,0.0,0.0,0.0,0.0,0.0
01421,01,421,783,553,230,0,414,3,413,1,87,72,67,79,63,4,5,7,3,1,0,1,0,0,2,20,2,0,0,0,0,0,52.87356321839081,0.24154589371980675,99.7584541062802,21.06537530266344,17.433414043583532,16.222760290556902,19.128329297820823,15.254237288135593,0.9685230024213075,1.2106537530266344,1.694915254237288,0.7263922518159807,0.24213075060532688,0.0,0.24213075060532688,0.0,0.0,0.48426150121065376,4.842615012106537,0.48426150121065376,0.0,0.0,0.0,0.0,0.0
01422,01,422,791,519,272,0,398,3,395,3,58,108,48,112,34,3,2,7,1,2,0,0,0,0,0,18,2,0,0,0,0,0,50.316055625790135,0.7537688442211055,99.2462311557789,14.683544303797468,27.341772151898734,12.151898734177214,28.354430379746837,8.60759493670886,0.7594936708860759,0.5063291139240507,1.7721518987341773,0.25316455696202533,0.5063291139240507,0.0,0.0,0.0,0.0,0.0,4.556962025316456,0.5063291139240507,0.0,0.0,0.0,0.0,0.0
01423,01,423,957,690,267,0,467,9,462,5,101,108,56,90,39,12,7,2,5,1,0,0,0,1,2,35,3,0,0,0,0,0,48.79832810867293,1.070663811563169,98.92933618843684,21.861471861471863,23.376623376623375,12.121212121212121,19.480519480519483,8.441558441558442,2.5974025974025974,1.5151515151515151,0.4329004329004329,1.0822510822510822,0.21645021645021645,0.0,0.0,0.0,0.21645021645021645,0.4329004329004329,7.575757575757576,0.6493506493506493,0.0,0.0,0.0,0.0,0.0
01424,01,424,974,663,311,0,496,10,493,3,71,135,46,152,50,1,4,4,5,1,0,1,0,0,2,19,2,0,0,0,0,0,50.92402464065708,0.6048387096774194,99.39516129032258,14.401622718052739,27.38336713995943,9.330628803245435,30.831643002028397,10.141987829614605,0.2028397565922921,0.8113590263691683,0.8113590263691683,1.0141987829614605,0.2028397565922921,0.0,0.2028397565922921,0.0,0.0,0.4056795131845842,3.8539553752535496,0.4056795131845842,0.0,0.0,0.0,0.0,0.0
01425,01,425,1070,706,364,0,512,4,508,4,82,92,50,197,46,3,9,3,3,2,0,0,0,0,0,20,1,0,0,0,0,0,47.85046728971963,0.78125,99.21875,16.141732283464567,18.11023622047244,9.84251968503937,38.77952755905512,9.05511811023622,0.5905511811023622,1.7716535433070866,0.5905511811023622,0.5905511811023622,0.39370078740157477,0.0,0.0,0.0,0.0,0.0,3.937007874015748,0.19685039370078738,0.0,0.0,0.0,0.0,0.0
01426,01,426,950,609,341,0,429,7,427,2,77,117,24,130,43,12,6,3,1,0,0,0,0,0,0,14,0,0,0,0,0,0,45.15789473684211,0.4662004662004662,99.53379953379954,18.0327868852459,27.400468384074944,5.620608899297424,30.44496487119438,10.070257611241217,2.810304449648712,1.405152224824356,0.702576112412178,0.234192037470726,0.0,0.0,0.0,0.0,0.0,0.0,3.278688524590164,0.0,0.0,0.0,0.0,0.0,0.0
01427,01,427,1270,806,464,0,557,12,553,4,101,120,38,184,60,8,4,5,7,2,0,0,0,0,1,21,2,0,0,0,0,0,43.85826771653543,0.718132854578097,99.2818671454219,18.264014466546115,21.699819168173597,6.871609403254973,33.273056057866185,10.849909584086799,1.4466546112115732,0.7233273056057866,0.9041591320072333,1.2658227848101267,0.3616636528028933,0.0,0.0,0.0,0.0,0.18083182640144665,3.79746835443038,0.3616636528028933,0.0,0.0,0.0,0.0,0.0
01428,01,428,1151,751,400,0,551,6,548,3,98,129,54,179,44,7,1,5,4,3,0,0,0,0,0,23,1,0,0,0,0,0,47.87141615986099,0.5444646098003629,99.45553539019963,17.88321167883212,23.54014598540146,9.854014598540147,32.66423357664234,8.02919708029197,1.2773722627737227,0.18248175182481752,0.9124087591240875,0.7299270072992701,0.5474452554744526,0.0,0.0,0.0,0.0,0.0,4.197080291970803,0.18248175182481752,0.0,0.0,0.0,0.0,0.0
014A,01,4A,0,0,0,0,510,510,510,0,67,185,46,124,31,12,13,12,4,0,0,0,0,0,0,14,2,0,0,0,0,0,inf,0.0,100.0,13.137254901960786,36.27450980392157,9.019607843137255,24.313725490196077,6.078431372549019,2.3529411764705883,2.549019607843137,2.3529411764705883,0.7843137254901961,0.0,0.0,0.0,0.0,0.0,0.0,2.7450980392156863,0.39215686274509803,0.0,0.0,0.0,0.0,0.0
014B,01,4B,0,0,0,0,490,490,488,2,75,177,48,124,17,14,6,2,3,2,0,0,0,0,0,20,0,0,0,0,0,0,inf,0.40816326530612246,99.59183673469387,15.368852459016393,36.27049180327869,9.836065573770492,25.40983606557377,3.483606557377049,2.8688524590163933,1.2295081967213115,0.4098360655737705,0.6147540983606558,0.4098360655737705,0.0,0.0,0.0,0.0,0.0,4.098360655737705,0.0,0.0,0.0,0.0,0.0,0.0
014C,01,4C,0,0,0,0,526,526,524,2,74,198,47,142,18,8,8,5,1,0,0,0,0,0,0,20,3,0,0,0,0,0,inf,0.38022813688212925,99.61977186311786,14.122137404580155,37.786259541984734,8.969465648854962,27.099236641221374,3.435114503816794,1.5267175572519083,1.5267175572519083,0.9541984732824428,0.19083969465648853,0.0,0.0,0.0,0.0,0.0,0.0,3.816793893129771,0.5725190839694656,0.0,0.0,0.0,0.0,0.0
014D,01,4D,0,0,0,0,604,604,604,0,60,246,72,151,13,12,11,5,2,5,0,2,0,0,0,20,5,0,0,0,0,0,inf,0.0,100.0,9.933774834437086,40.728476821192054,11.920529801324504,25.0,2.152317880794702,1.9867549668874174,1.8211920529801324,0.8278145695364238,0.33112582781456956,0.8278145695364238,0.0,0.33112582781456956,0.0,0.0,0.0,3.3112582781456954,0.8278145695364238,0.0,0.0,0.0,0.0,0.0
014E,01,4E,0,0,0,0,546,546,545,1,87,221,59,105,23,15,2,4,5,0,0,0,0,0,1,21,2,0,0,0,0,0,inf,0.18315018315018314,99.81684981684981,15.963302752293579,40.550458715596335,10.825688073394495,19.26605504587156,4.220183486238533,2.7522935779816518,0.3669724770642202,0.7339449541284404,0.9174311926605505,0.0,0.0,0.0,0.0,0.0,0.1834862385321101,3.853211009174312,0.3669724770642202,0.0,0.0,0.0,0.0,0.0
014F,01,4F,0,0,0,0,669,669,665,4,122,231,84,139,23,12,9,11,2,3,0,2,0,0,1,21,5,0,0,0,0,0,inf,0.5979073243647235,99.40209267563527,18.345864661654137,34.73684210526316,12.631578947368421,20.902255639097746,3.4586466165413534,1.8045112781954888,1.3533834586466165,1.6541353383458646,0.30075187969924816,0.4511278195488722,0.0,0.30075187969924816,0.0,0.0,0.15037593984962408,3.1578947368421053,0.7518796992481203,0.0,0.0,0.0,0.0,0.0
014G,01,4G,0,0,0,0,593,593,592,1,83,215,61,138,29,12,16,6,2,1,0,0,0,0,1,24,4,0,0,0,0,0,inf,0.16863406408094433,99.83136593591905,14.020270270270272,36.317567567567565,10.304054054054054,23.31081081081081,4.898648648648648,2.027027027027027,2.7027027027027026,1.0135135135135136,0.33783783783783783,0.16891891891891891,0.0,0.0,0.0,0.0,0.16891891891891891,4.054054054054054,0.6756756756756757,0.0,0.0,0.0,0.0,0.0
014H,01,4H,0,0,0,0,557,557,556,1,79,208,58,117,25,16,12,6,2,6,0,0,0,0,0,22,5,0,0,0,0,0,inf,0.17953321364452424,99.82046678635548,14.20863309352518,37.410071942446045,10.431654676258994,21.043165467625897,4.496402877697841,2.877697841726619,2.158273381294964,1.079136690647482,0.3597122302158274,1.079136690647482,0.0,0.0,0.0,0.0,0.0,3.9568345323741005,0.8992805755395683,0.0,0.0,0.0,0.0,0.0
014I,01,4I,0,0,0,0,552,552,550,2,93,210,51,139,12,10,12,10,2,0,0,0,0,0,0,10,1,0,0,0,0,0,inf,0.36231884057971014,99.63768115942028,16.90909090909091,38.18181818181819,9.272727272727273,25.272727272727273,2.181818181818182,1.8181818181818181,2.181818181818182,1.8181818181818181,0.36363636363636365,0.0,0.0,0.0,0.0,0.0,0.0,1.8181818181818181,0.18181818181818182,0.0,0.0,0.0,0.0,0.0
014J,01,4J,0,0,0,0,590,590,590,0,89,205,73,142,16,13,6,4,3,2,0,0,0,0,1,32,4,0,0,0,0,0,inf,0.0,100.0,15.084745762711865,34.74576271186441,12.372881355932204,24.06779661016949,2.711864406779661,2.2033898305084745,1.0169491525423728,0.6779661016949152,0.5084745762711864,0.3389830508474576,0.0,0.0,0.0,0.0,0.1694915254237288,5.423728813559322,0.6779661016949152,0.0,0.0,0.0,0.0,0.0
014K,01,4K,0,0,0,0,707,707,704,3,104,228,102,144,40,16,7,10,6,1,0,0,0,0,1,36,9,0,0,0,0,0,inf,0.4243281471004243,99.57567185289957,14.772727272727273,32.38636363636363,14.488636363636365,20.454545454545457,5.681818181818182,2.272727272727273,0.9943181818181818,1.4204545454545454,0.8522727272727272,0.14204545454545456,0.0,0.0,0.0,0.0,0.14204545454545456,5.113636363636364,1.278409090909091,0.0,0.0,0.0,0.0,0.0
014L,01,4L,0,0,0,0,676,676,673,3,77,241,85,170,36,14,5,7,1,2,0,1,0,1,1,31,1,0,0,0,0,0,inf,0.4437869822485207,99.55621301775149,11.441307578008916,35.809806835066865,12.63001485884101,25.26002971768202,5.349182763744428,2.080237741456166,0.7429420505200593,1.040118870728083,0.1485884101040119,0.2971768202080238,0.0,0.1485884101040119,0.0,0.1485884101040119,0.1485884101040119,4.606240713224369,0.1485884101040119,0.0,0.0,0.0,0.0,0.0
014M,01,4M,0,0,0,0,671,671,669,2,90,231,52,208,20,17,15,7,2,3,0,0,0,0,1,17,6,0,0,0,0,0,inf,0.29806259314456035,99.70193740685544,13.452914798206278,34.52914798206278,7.772795216741405,31.09118086696562,2.9895366218236172,2.5411061285500747,2.242152466367713,1.046337817638266,0.29895366218236175,0.4484304932735426,0.0,0.0,0.0,0.0,0.14947683109118087,2.5411061285500747,0.8968609865470852,0.0,0.0,0.0,0.0,0.0
014N,01,4N,0,0,0,0,795,795,793,2,135,247,75,240,37,13,5,6,0,2,0,1,0,0,0,29,3,0,0,0,0,0,inf,0.25157232704402516,99.74842767295597,17.023959646910466,31.147540983606557,9.457755359394703,30.26481715006305,4.665825977301387,1.639344262295082,0.6305170239596469,0.7566204287515763,0.0,0.25220680958385877,0.0,0.12610340479192939,0.0,0.0,0.0,3.6569987389659517,0.37831021437578816,0.0,0.0,0.0,0.0,0.0
01500,01,500,963,638,325,0,427,3,423,4,91,30,69,88,96,9,7,5,1,1,0,0,0,0,0,24,2,0,0,0,0,0,44.34060228452752,0.936768149882904,99.06323185011709,21.513002364066196,7.092198581560284,16.312056737588655,20.803782505910164,22.69503546099291,2.127659574468085,1.6548463356973995,1.1820330969267139,0.2364066193853428,0.2364066193853428,0.0,0.0,0.0,0.0,0.0,5.673758865248227,0.4728132387706856,0.0,0.0,0.0,0.0,0.0
01501,01,501,1221,864,357,0,585,6,579,6,144,56,105,104,113,13,10,3,3,5,0,1,0,1,0,20,1,0,0,0,0,0,47.91154791154791,1.0256410256410255,98.97435897435898,24.870466321243523,9.671848013816927,18.134715025906736,17.962003454231436,19.516407599309154,2.2452504317789295,1.7271157167530224,0.5181347150259068,0.5181347150259068,0.8635578583765112,0.0,0.17271157167530224,0.0,0.17271157167530224,0.0,3.454231433506045,0.17271157167530224,0.0,0.0,0.0,0.0,0.0
01502,01,502,653,487,166,0,278,3,276,2,53,28,42,60,51,3,8,4,3,1,0,0,0,0,0,22,1,0,0,0,0,0,42.57274119448699,0.7194244604316548,99.28057553956835,19.202898550724637,10.144927536231885,15.217391304347828,21.73913043478261,18.478260869565215,1.0869565217391304,2.898550724637681,1.4492753623188406,1.0869565217391304,0.36231884057971014,0.0,0.0,0.0,0.0,0.0,7.971014492753622,0.36231884057971014,0.0,0.0,0.0,0.0,0.0
01503,01,503,927,668,259,0,484,5,476,8,101,33,131,82,80,9,11,2,1,0,0,1,0,0,0,24,1,0,0,0,0,0,52.21143473570658,1.6528925619834711,98.34710743801654,21.218487394957982,6.932773109243698,27.521008403361346,17.22689075630252,16.80672268907563,1.8907563025210083,2.3109243697478994,0.42016806722689076,0.21008403361344538,0.0,0.0,0.21008403361344538,0.0,0.0,0.0,5.042016806722689,0.21008403361344538,0.0,0.0,0.0,0.0,0.0
01504,01,504,943,673,270,0,475,7,465,10,111,28,109,70,88,14,12,3,0,0,0,0,0,0,0,25,5,0,0,0,0,0,50.37115588547189,2.1052631578947367,97.89473684210527,23.870967741935484,6.021505376344086,23.440860215053764,15.053763440860216,18.9247311827957,3.010752688172043,2.5806451612903225,0.6451612903225806,0.0,0.0,0.0,0.0,0.0,0.0,0.0,5.376344086021505,1.0752688172043012,0.0,0.0,0.0,0.0,0.0
01505,01,505,882,658,224,0,429,3,427,2,97,68,34,101,79,9,5,7,3,3,0,0,0,2,0,17,2,0,0,0,0,0,48.63945578231292,0.4662004662004662,99.53379953379954,22.716627634660423,15.92505854800937,7.962529274004685,23.653395784543328,18.501170960187356,2.107728337236534,1.1709601873536302,1.639344262295082,0.702576112412178,0.702576112412178,0.0,0.0,0.0,0.468384074941452,0.0,3.9812646370023423,0.468384074941452,0.0,0.0,0.0,0.0,0.0
01506,01,506,975,685,290,0,477,7,465,12,90,57,101,95,65,10,6,5,3,2,0,2,0,1,2,26,0,0,0,0,0,0,48.92307692307693,2.515723270440252,97.48427672955975,19.35483870967742,12.258064516129032,21.72043010752688,20.43010752688172,13.978494623655912,2.1505376344086025,1.2903225806451613,1.0752688172043012,0.6451612903225806,0.43010752688172044,0.0,0.43010752688172044,0.0,0.21505376344086022,0.43010752688172044,5.591397849462366,0.0,0.0,0.0,0.0,0.0,0.0
01507,01,507,809,539,270,0,357,4,356,1,45,89,36,109,47,7,6,2,2,1,0,0,0,0,0,10,2,0,0,0,0,0,44.128553770086526,0.2801120448179272,99.71988795518207,12.640449438202248,25.0,10.112359550561797,30.61797752808989,13.202247191011235,1.9662921348314606,1.6853932584269662,0.5617977528089888,0.5617977528089888,0.2808988764044944,0.0,0.0,0.0,0.0,0.0,2.8089887640449436,0.5617977528089888,0.0,0.0,0.0,0.0,0.0
01508,01,508,1101,698,403,0,547,7,536,11,117,73,87,84,109,12,10,3,3,6,0,0,0,0,0,29,3,0,0,0,0,0,49.68210717529519,2.010968921389397,97.9890310786106,21.828358208955223,13.619402985074627,16.23134328358209,15.671641791044777,20.33582089552239,2.2388059701492535,1.8656716417910446,0.5597014925373134,0.5597014925373134,1.1194029850746268,0.0,0.0,0.0,0.0,0.0,5.410447761194029,0.5597014925373134,0.0,0.0,0.0,0.0,0.0
01509,01,509,1097,823,274,0,541,7,532,9,98,60,98,106,98,8,6,7,6,1,0,0,0,1,1,37,5,0,0,0,0,0,49.316317228805836,1.6635859519408502,98.33641404805915,18.421052631578945,11.278195488721805,18.421052631578945,19.924812030075188,18.421052631578945,1.5037593984962405,1.1278195488721803,1.3157894736842104,1.1278195488721803,0.18796992481203006,0.0,0.0,0.0,0.18796992481203006,0.18796992481203006,6.954887218045112,0.9398496240601504,0.0,0.0,0.0,0.0,0.0
01510,01,510,1177,808,369,0,512,6,507,5,108,75,57,118,98,13,7,6,7,0,0,0,0,0,0,15,3,0,0,0,0,0,43.50042480883602,0.9765625,99.0234375,21.301775147928996,14.792899408284024,11.242603550295858,23.274161735700197,19.32938856015779,2.564102564102564,1.3806706114398422,1.183431952662722,1.3806706114398422,0.0,0.0,0.0,0.0,0.0,0.0,2.9585798816568047,0.591715976331361,0.0,0.0,0.0,0.0,0.0
01511,01,511,1005,682,323,0,462,5,458,4,73,83,54,127,78,5,9,5,1,4,0,0,0,0,1,17,1,0,0,0,0,0,45.97014925373134,0.8658008658008658,99.13419913419914,15.938864628820962,18.12227074235808,11.790393013100436,27.729257641921397,17.03056768558952,1.0917030567685588,1.9650655021834063,1.0917030567685588,0.21834061135371177,0.8733624454148471,0.0,0.0,0.0,0.0,0.21834061135371177,3.711790393013101,0.21834061135371177,0.0,0.0,0.0,0.0,0.0
01512,01,512,849,565,284,0,373,8,372,1,80,68,45,120,40,5,3,1,1,0,0,1,0,0,0,7,1,0,0,0,0,0,43.93404004711425,0.2680965147453083,99.73190348525469,21.50537634408602,18.27956989247312,12.096774193548388,32.25806451612903,10.75268817204301,1.3440860215053763,0.8064516129032258,0.2688172043010753,0.2688172043010753,0.0,0.0,0.2688172043010753,0.0,0.0,0.0,1.881720430107527,0.2688172043010753,0.0,0.0,0.0,0.0,0.0
01513,01,513,872,518,354,0,380,7,378,2,69,88,53,92,42,7,3,4,0,1,0,1,0,0,0,17,1,0,0,0,0,0,43.57798165137615,0.5263157894736842,99.47368421052632,18.253968253968253,23.28042328042328,14.02116402116402,24.33862433862434,11.11111111111111,1.8518518518518516,0.7936507936507936,1.0582010582010581,0.0,0.26455026455026454,0.0,0.26455026455026454,0.0,0.0,0.0,4.497354497354497,0.26455026455026454,0.0,0.0,0.0,0.0,0.0
01514,01,514,662,375,287,0,242,0,241,1,43,17,50,47,35,14,5,2,3,0,0,0,0,0,0,24,1,0,0,0,0,0,36.5558912386707,0.4132231404958678,99.58677685950413,17.842323651452283,7.053941908713693,20.74688796680498,19.502074688796682,14.522821576763487,5.809128630705394,2.0746887966804977,0.8298755186721992,1.2448132780082988,0.0,0.0,0.0,0.0,0.0,0.0,9.95850622406639,0.4149377593360996,0.0,0.0,0.0,0.0,0.0
01515,01,515,927,630,297,0,371,4,368,3,66,58,38,112,45,11,10,1,2,1,0,0,0,1,0,23,0,0,0,0,0,0,40.021574973031285,0.8086253369272237,99.19137466307278,17.934782608695652,15.760869565217392,10.326086956521738,30.434782608695656,12.228260869565217,2.989130434782609,2.717391304347826,0.2717391304347826,0.5434782608695652,0.2717391304347826,0.0,0.0,0.0,0.2717391304347826,0.0,6.25,0.0,0.0,0.0,0.0,0.0,0.0
01516,01,516,828,524,304,0,362,8,360,2,62,85,45,94,35,8,3,2,0,0,0,0,0,0,0,26,0,0,0,0,0,0,43.71980676328502,0.5524861878453038,99.4475138121547,17.22222222222222,23.61111111111111,12.5,26.111111111111114,9.722222222222223,2.2222222222222223,0.8333333333333334,0.5555555555555556,0.0,0.0,0.0,0.0,0.0,0.0,0.0,7.222222222222221,0.0,0.0,0.0,0.0,0.0,0.0
01517,01,517,790,500,290,0,352,10,350,2,54,85,20,132,33,6,4,3,1,0,0,0,0,0,1,10,1,0,0,0,0,0,44.55696202531645,0.5681818181818182,99.43181818181817,15.428571428571427,24.285714285714285,5.714285714285714,37.714285714285715,9.428571428571429,1.7142857142857144,1.1428571428571428,0.8571428571428572,0.2857142857142857,0.0,0.0,0.0,0.0,0.0,0.2857142857142857,2.857142857142857,0.2857142857142857,0.0,0.0,0.0,0.0,0.0
01518,01,518,752,428,324,0,291,2,290,1,31,78,25,90,28,7,0,5,4,1,0,0,0,0,1,18,2,0,0,0,0,0,38.6968085106383,0.3436426116838488,99.65635738831615,10.689655172413794,26.89655172413793,8.620689655172415,31.03448275862069,9.655172413793103,2.413793103448276,0.0,1.7241379310344827,1.3793103448275863,0.3448275862068966,0.0,0.0,0.0,0.0,0.3448275862068966,6.206896551724138,0.6896551724137931,0.0,0.0,0.0,0.0,0.0
01519,01,519,687,371,316,0,267,4,265,2,36,57,20,113,18,2,1,3,1,0,0,1,0,2,0,11,0,0,0,0,0,0,38.864628820960704,0.7490636704119851,99.25093632958801,13.584905660377359,21.50943396226415,7.547169811320755,42.64150943396226,6.7924528301886795,0.7547169811320755,0.37735849056603776,1.1320754716981132,0.37735849056603776,0.0,0.0,0.37735849056603776,0.0,0.7547169811320755,0.0,4.150943396226415,0.0,0.0,0.0,0.0,0.0,0.0
01520,01,520,1100,762,338,0,520,7,518,2,111,77,63,134,84,9,7,4,0,1,0,0,0,0,1,25,2,0,0,0,0,0,47.27272727272727,0.38461538461538464,99.61538461538461,21.428571428571427,14.864864864864865,12.162162162162163,25.868725868725868,16.216216216216218,1.7374517374517375,1.3513513513513513,0.7722007722007722,0.0,0.19305019305019305,0.0,0.0,0.0,0.0,0.19305019305019305,4.826254826254826,0.3861003861003861,0.0,0.0,0.0,0.0,0.0
01521,01,521,960,746,214,0,476,8,468,8,89,30,101,73,120,11,15,2,4,2,0,0,0,0,1,19,1,0,0,0,0,0,49.583333333333336,1.680672268907563,98.31932773109243,19.017094017094017,6.41025641025641,21.581196581196583,15.598290598290598,25.64102564102564,2.3504273504273505,3.205128205128205,0.4273504273504274,0.8547008547008548,0.4273504273504274,0.0,0.0,0.0,0.0,0.2136752136752137,4.05982905982906,0.2136752136752137,0.0,0.0,0.0,0.0,0.0
01522,01,522,1276,930,346,0,590,2,584,6,137,37,83,116,145,18,8,3,10,2,0,0,0,0,1,23,1,0,0,0,0,0,46.23824451410658,1.0169491525423728,98.98305084745763,23.458904109589042,6.335616438356165,14.212328767123289,19.863013698630137,24.82876712328767,3.0821917808219177,1.36986301369863,0.5136986301369862,1.7123287671232876,0.3424657534246575,0.0,0.0,0.0,0.0,0.17123287671232876,3.9383561643835616,0.17123287671232876,0.0,0.0,0.0,0.0,0.0
01523,01,523,824,565,259,0,335,2,332,3,64,69,21,130,17,2,4,2,1,0,0,0,0,1,0,21,0,0,0,0,0,0,40.65533980582524,0.8955223880597015,99.1044776119403,19.27710843373494,20.783132530120483,6.325301204819277,39.1566265060241,5.120481927710843,0.6024096385542169,1.2048192771084338,0.6024096385542169,0.30120481927710846,0.0,0.0,0.0,0.0,0.30120481927710846,0.0,6.325301204819277,0.0,0.0,0.0,0.0,0.0,0.0
01524,01,524,766,514,252,0,355,4,352,3,60,58,35,118,34,5,4,1,5,3,0,1,0,1,0,22,5,0,0,0,0,0,46.344647519582246,0.8450704225352111,99.15492957746478,17.045454545454543,16.477272727272727,9.943181818181818,33.52272727272727,9.659090909090908,1.4204545454545454,1.1363636363636365,0.2840909090909091,1.4204545454545454,0.8522727272727272,0.0,0.2840909090909091,0.0,0.2840909090909091,0.0,6.25,1.4204545454545454,0.0,0.0,0.0,0.0,0.0
01525,01,525,1167,771,396,0,495,6,493,2,75,101,32,196,38,8,5,5,1,0,0,0,0,0,0,32,0,0,0,0,0,0,42.41645244215938,0.40404040404040403,99.5959595959596,15.212981744421908,20.486815415821503,6.490872210953347,39.75659229208925,7.707910750507099,1.6227180527383367,1.0141987829614605,1.0141987829614605,0.2028397565922921,0.0,0.0,0.0,0.0,0.0,0.0,6.490872210953347,0.0,0.0,0.0,0.0,0.0,0.0
01526,01,526,1211,721,490,0,505,7,503,2,77,122,40,188,34,6,4,9,1,1,0,0,0,1,0,19,1,0,0,0,0,0,41.701073492981,0.39603960396039606,99.60396039603961,15.308151093439365,24.254473161033797,7.952286282306163,37.37574552683897,6.759443339960239,1.1928429423459244,0.7952286282306162,1.7892644135188867,0.19880715705765406,0.19880715705765406,0.0,0.0,0.0,0.19880715705765406,0.0,3.7773359840954273,0.19880715705765406,0.0,0.0,0.0,0.0,0.0
01527,01,527,995,809,186,0,424,2,412,12,111,31,95,53,82,12,7,2,0,1,0,1,0,0,2,15,0,0,0,0,0,0,42.61306532663316,2.8301886792452833,97.16981132075472,26.941747572815533,7.524271844660194,23.058252427184467,12.864077669902912,19.902912621359224,2.912621359223301,1.6990291262135921,0.48543689320388345,0.0,0.24271844660194172,0.0,0.24271844660194172,0.0,0.0,0.48543689320388345,3.640776699029126,0.0,0.0,0.0,0.0,0.0,0.0
01528,01,528,1080,793,287,0,456,7,447,9,70,47,49,148,82,8,5,4,2,2,0,0,0,0,1,27,2,0,0,0,0,0,42.22222222222222,1.9736842105263157,98.02631578947368,15.659955257270694,10.51454138702461,10.961968680089486,33.1096196868009,18.344519015659955,1.7897091722595078,1.1185682326621924,0.8948545861297539,0.44742729306487694,0.44742729306487694,0.0,0.0,0.0,0.0,0.22371364653243847,6.0402684563758395,0.44742729306487694,0.0,0.0,0.0,0.0,0.0
015A,01,5A,0,0,0,0,624,624,613,11,143,125,116,115,50,9,10,6,1,4,0,2,0,1,2,24,5,0,0,0,0,0,inf,1.7628205128205128,98.23717948717949,23.3278955954323,20.39151712887439,18.92332789559543,18.76019575856444,8.156606851549755,1.468189233278956,1.631321370309951,0.9787928221859705,0.1631321370309951,0.6525285481239804,0.0,0.3262642740619902,0.0,0.1631321370309951,0.3262642740619902,3.915171288743882,0.8156606851549755,0.0,0.0,0.0,0.0,0.0
015B,01,5B,0,0,0,0,523,523,517,6,105,118,91,87,60,19,11,4,0,1,0,0,0,1,0,20,0,0,0,0,0,0,inf,1.147227533460803,98.8527724665392,20.309477756286267,22.823984526112184,17.60154738878143,16.827852998065765,11.60541586073501,3.67504835589942,2.127659574468085,0.7736943907156674,0.0,0.19342359767891684,0.0,0.0,0.0,0.19342359767891684,0.0,3.8684719535783367,0.0,0.0,0.0,0.0,0.0,0.0
015C,01,5C,0,0,0,0,625,625,624,1,139,107,153,103,42,24,18,5,7,5,0,1,0,0,1,18,1,0,0,0,0,0,inf,0.16,99.83999999999999,22.275641025641026,17.147435897435898,24.519230769230766,16.506410256410255,6.730769230769231,3.8461538461538463,2.8846153846153846,0.8012820512820512,1.1217948717948718,0.8012820512820512,0.0,0.16025641025641024,0.0,0.0,0.16025641025641024,2.8846153846153846,0.16025641025641024,0.0,0.0,0.0,0.0,0.0
015D,01,5D,0,0,0,0,528,528,522,6,116,113,100,113,32,8,7,5,5,2,0,0,0,0,1,18,2,0,0,0,0,0,inf,1.1363636363636365,98.86363636363636,22.22222222222222,21.64750957854406,19.157088122605366,21.64750957854406,6.130268199233716,1.532567049808429,1.3409961685823755,0.9578544061302682,0.9578544061302682,0.38314176245210724,0.0,0.0,0.0,0.0,0.19157088122605362,3.4482758620689653,0.38314176245210724,0.0,0.0,0.0,0.0,0.0
015E,01,5E,0,0,0,0,620,620,615,5,134,147,103,120,52,11,13,8,1,2,0,1,0,1,0,17,5,0,0,0,0,0,inf,0.8064516129032258,99.19354838709677,21.788617886178862,23.902439024390244,16.7479674796748,19.51219512195122,8.455284552845528,1.788617886178862,2.113821138211382,1.3008130081300813,0.16260162601626016,0.3252032520325203,0.0,0.16260162601626016,0.0,0.16260162601626016,0.0,2.7642276422764227,0.8130081300813009,0.0,0.0,0.0,0.0,0.0
015F,01,5F,0,0,0,0,429,429,427,2,83,54,100,77,57,10,7,5,2,1,0,0,0,0,1,29,1,0,0,0,0,0,inf,0.4662004662004662,99.53379953379954,19.437939110070257,12.646370023419204,23.4192037470726,18.0327868852459,13.348946135831383,2.3419203747072603,1.639344262295082,1.1709601873536302,0.468384074941452,0.234192037470726,0.0,0.0,0.0,0.0,0.234192037470726,6.791569086651054,0.234192037470726,0.0,0.0,0.0,0.0,0.0
015G,01,5G,0,0,0,0,535,535,532,3,80,172,57,155,27,13,6,3,3,0,0,0,0,1,0,11,4,0,0,0,0,0,inf,0.5607476635514018,99.4392523364486,15.037593984962406,32.33082706766917,10.714285714285714,29.135338345864664,5.075187969924812,2.443609022556391,1.1278195488721803,0.5639097744360901,0.5639097744360901,0.0,0.0,0.0,0.0,0.18796992481203006,0.0,2.0676691729323307,0.7518796992481203,0.0,0.0,0.0,0.0,0.0
015H,01,5H,0,0,0,0,772,772,768,4,126,176,111,200,62,19,18,5,8,2,0,1,0,0,2,36,2,0,0,0,0,0,inf,0.5181347150259068,99.48186528497409,16.40625,22.916666666666664,14.453125,26.041666666666668,8.072916666666668,2.473958333333333,2.34375,0.6510416666666667,1.0416666666666665,0.26041666666666663,0.0,0.13020833333333331,0.0,0.0,0.26041666666666663,4.6875,0.26041666666666663,0.0,0.0,0.0,0.0,0.0
015I,01,5I,0,0,0,0,435,435,431,4,89,65,65,108,53,10,11,2,1,1,0,0,0,0,3,21,2,0,0,0,0,0,inf,0.9195402298850575,99.08045977011494,20.649651972157773,15.081206496519723,15.081206496519723,25.05800464037123,12.296983758700696,2.320185614849188,2.5522041763341066,0.46403712296983757,0.23201856148491878,0.23201856148491878,0.0,0.0,0.0,0.0,0.6960556844547563,4.872389791183294,0.46403712296983757,0.0,0.0,0.0,0.0,0.0
015J,01,5J,0,0,0,0,634,634,631,3,130,151,67,157,50,12,13,7,3,5,0,0,0,0,0,34,2,0,0,0,0,0,inf,0.47318611987381703,99.52681388012618,20.602218700475436,23.93026941362916,10.618066561014263,24.881141045958795,7.923930269413629,1.9017432646592711,2.0602218700475436,1.109350237717908,0.4754358161648178,0.7923930269413629,0.0,0.0,0.0,0.0,0.0,5.388272583201268,0.31695721077654515,0.0,0.0,0.0,0.0,0.0
015K,01,5K,0,0,0,0,551,551,547,4,109,98,139,107,36,14,7,3,7,2,0,0,0,0,1,24,0,0,0,0,0,0,inf,0.7259528130671506,99.27404718693285,19.926873857404022,17.915904936014627,25.411334552102378,19.561243144424132,6.581352833638025,2.5594149908592323,1.2797074954296161,0.5484460694698354,1.2797074954296161,0.3656307129798903,0.0,0.0,0.0,0.0,0.18281535648994515,4.387568555758683,0.0,0.0,0.0,0.0,0.0,0.0
015L,01,5L,0,0,0,0,545,545,545,0,84,176,57,147,35,8,7,1,3,1,0,1,0,0,0,24,1,0,0,0,0,0,inf,0.0,100.0,15.412844036697248,32.29357798165138,10.458715596330276,26.972477064220186,6.422018348623854,1.4678899082568808,1.2844036697247707,0.1834862385321101,0.5504587155963303,0.1834862385321101,0.0,0.1834862385321101,0.0,0.0,0.0,4.4036697247706424,0.1834862385321101,0.0,0.0,0.0,0.0,0.0
015M,01,5M,0,0,0,0,591,591,589,2,98,191,41,185,27,11,9,5,1,1,0,0,0,1,1,17,1,0,0,0,0,0,inf,0.338409475465313,99.66159052453469,16.6383701188455,32.42784380305603,6.960950764006792,31.40916808149406,4.584040747028863,1.8675721561969438,1.5280135823429541,0.8488964346349746,0.1697792869269949,0.1697792869269949,0.0,0.0,0.0,0.1697792869269949,0.1697792869269949,2.886247877758913,0.1697792869269949,0.0,0.0,0.0,0.0,0.0
015N,01,5N,0,0,0,0,609,609,606,3,94,201,57,180,26,7,7,6,2,3,0,0,0,0,2,18,3,0,0,0,0,0,inf,0.49261083743842365,99.50738916256158,15.51155115511551,33.16831683168317,9.405940594059405,29.7029702970297,4.29042904290429,1.155115511551155,1.155115511551155,0.9900990099009901,0.33003300330033003,0.49504950495049505,0.0,0.0,0.0,0.0,0.33003300330033003,2.9702970297029703,0.49504950495049505,0.0,0.0,0.0,0.0,0.0
01600,01,600,622,440,182,0,289,2,285,4,46,67,15,86,34,2,3,4,2,1,0,1,0,1,1,21,1,0,0,0,0,0,46.463022508038584,1.384083044982699,98.6159169550173,16.140350877192983,23.50877192982456,5.263157894736842,30.175438596491226,11.929824561403509,0.7017543859649122,1.0526315789473684,1.4035087719298245,0.7017543859649122,0.3508771929824561,0.0,0.3508771929824561,0.0,0.3508771929824561,0.3508771929824561,7.368421052631578,0.3508771929824561,0.0,0.0,0.0,0.0,0.0
01601,01,601,825,586,239,0,389,2,384,5,51,92,31,140,37,3,0,1,2,0,0,0,0,2,0,23,2,0,0,0,0,0,47.15151515151515,1.2853470437017995,98.7146529562982,13.28125,23.958333333333336,8.072916666666668,36.45833333333333,9.635416666666668,0.78125,0.0,0.26041666666666663,0.5208333333333333,0.0,0.0,0.0,0.0,0.5208333333333333,0.0,5.989583333333334,0.5208333333333333,0.0,0.0,0.0,0.0,0.0
01602,01,602,835,657,178,0,335,3,329,6,55,33,24,124,41,4,7,1,7,0,0,1,0,0,1,29,2,0,0,0,0,0,40.119760479041915,1.791044776119403,98.2089552238806,16.717325227963524,10.030395136778116,7.29483282674772,37.68996960486322,12.462006079027356,1.21580547112462,2.127659574468085,0.303951367781155,2.127659574468085,0.0,0.0,0.303951367781155,0.0,0.0,0.303951367781155,8.814589665653495,0.60790273556231,0.0,0.0,0.0,0.0,0.0
01603,01,603,808,601,207,0,429,4,423,6,84,69,58,105,62,6,2,6,5,1,0,2,0,1,0,22,0,0,0,0,0,0,53.0940594059406,1.3986013986013985,98.6013986013986,19.858156028368796,16.312056737588655,13.711583924349883,24.822695035460992,14.657210401891252,1.4184397163120568,0.4728132387706856,1.4184397163120568,1.1820330969267139,0.2364066193853428,0.0,0.4728132387706856,0.0,0.2364066193853428,0.0,5.200945626477541,0.0,0.0,0.0,0.0,0.0,0.0
01604,01,604,1099,725,374,0,535,16,527,8,80,140,45,151,65,8,3,7,1,6,0,0,0,1,2,15,3,0,0,0,0,0,48.680618744313016,1.4953271028037385,98.50467289719627,15.180265654648956,26.56546489563567,8.538899430740038,28.6527514231499,12.333965844402277,1.5180265654648957,0.5692599620493358,1.3282732447817838,0.18975332068311196,1.1385199240986716,0.0,0.0,0.0,0.18975332068311196,0.3795066413662239,2.846299810246679,0.5692599620493358,0.0,0.0,0.0,0.0,0.0
01605,01,605,1033,759,274,0,515,4,511,4,94,79,50,146,69,9,9,11,5,4,0,0,0,0,1,33,1,0,0,0,0,0,49.85479186834463,0.7766990291262136,99.22330097087378,18.395303326810176,15.459882583170254,9.784735812133071,28.57142857142857,13.50293542074364,1.761252446183953,1.761252446183953,2.152641878669276,0.9784735812133072,0.7827788649706457,0.0,0.0,0.0,0.0,0.19569471624266144,6.457925636007827,0.19569471624266144,0.0,0.0,0.0,0.0,0.0
01606,01,606,802,565,237,0,378,6,374,4,55,74,36,96,69,7,10,7,2,2,0,1,0,0,1,13,1,0,0,0,0,0,47.13216957605985,1.0582010582010581,98.94179894179894,14.705882352941178,19.786096256684495,9.62566844919786,25.668449197860966,18.449197860962567,1.8716577540106951,2.6737967914438503,1.8716577540106951,0.53475935828877,0.53475935828877,0.0,0.267379679144385,0.0,0.0,0.267379679144385,3.4759358288770055,0.267379679144385,0.0,0.0,0.0,0.0,0.0
01607,01,607,735,510,225,0,348,8,344,4,42,77,23,146,16,4,2,3,0,0,0,0,0,1,0,29,1,0,0,0,0,0,47.3469387755102,1.1494252873563218,98.85057471264368,12.209302325581394,22.38372093023256,6.686046511627906,42.44186046511628,4.651162790697675,1.1627906976744187,0.5813953488372093,0.872093023255814,0.0,0.0,0.0,0.0,0.0,0.29069767441860467,0.0,8.430232558139535,0.29069767441860467,0.0,0.0,0.0,0.0,0.0
01608,01,608,752,540,212,0,330,7,326,4,54,54,25,124,29,7,5,3,4,1,0,0,0,0,0,19,1,0,0,0,0,0,43.88297872340425,1.2121212121212122,98.7878787878788,16.56441717791411,16.56441717791411,7.668711656441718,38.036809815950924,8.895705521472392,2.147239263803681,1.5337423312883436,0.9202453987730062,1.2269938650306749,0.3067484662576687,0.0,0.0,0.0,0.0,0.0,5.828220858895705,0.3067484662576687,0.0,0.0,0.0,0.0,0.0
01609,01,609,768,531,237,0,273,9,271,2,28,47,16,114,33,3,8,5,4,0,0,0,0,0,0,11,2,0,0,0,0,0,35.546875,0.7326007326007326,99.26739926739927,10.33210332103321,17.343173431734318,5.904059040590406,42.066420664206646,12.177121771217712,1.107011070110701,2.952029520295203,1.8450184501845017,1.4760147601476015,0.0,0.0,0.0,0.0,0.0,0.0,4.059040590405904,0.7380073800738007,0.0,0.0,0.0,0.0,0.0
01610,01,610,1012,781,231,0,478,11,473,5,71,95,34,193,29,3,3,5,4,0,0,1,0,0,0,35,0,0,0,0,0,0,47.233201581027664,1.0460251046025104,98.9539748953975,15.010570824524313,20.084566596194502,7.188160676532769,40.803382663847785,6.13107822410148,0.6342494714587738,0.6342494714587738,1.0570824524312896,0.8456659619450317,0.0,0.0,0.21141649048625794,0.0,0.0,0.0,7.399577167019028,0.0,0.0,0.0,0.0,0.0,0.0
01611,01,611,832,595,237,0,389,7,386,3,79,77,30,126,36,4,2,1,5,0,0,1,0,0,0,25,0,0,0,0,0,0,46.75480769230769,0.7712082262210797,99.22879177377892,20.466321243523318,19.94818652849741,7.772020725388601,32.64248704663213,9.32642487046632,1.0362694300518136,0.5181347150259068,0.2590673575129534,1.2953367875647668,0.0,0.0,0.2590673575129534,0.0,0.0,0.0,6.476683937823833,0.0,0.0,0.0,0.0,0.0,0.0
01612,01,612,866,642,224,0,397,10,396,1,67,82,21,146,37,3,5,1,2,1,0,0,0,1,1,28,1,0,0,0,0,0,45.842956120092374,0.2518891687657431,99.74811083123426,16.91919191919192,20.707070707070706,5.303030303030303,36.868686868686865,9.343434343434344,0.7575757575757576,1.2626262626262625,0.25252525252525254,0.5050505050505051,0.25252525252525254,0.0,0.0,0.0,0.25252525252525254,0.25252525252525254,7.07070707070707,0.25252525252525254,0.0,0.0,0.0,0.0,0.0
01613,01,613,969,689,280,0,446,2,441,5,97,50,26,178,31,8,4,1,8,1,0,0,0,0,0,33,4,0,0,0,0,0,46.02683178534572,1.1210762331838564,98.87892376681614,21.99546485260771,11.337868480725625,5.895691609977324,40.362811791383216,7.029478458049887,1.8140589569160999,0.9070294784580499,0.22675736961451248,1.8140589569160999,0.22675736961451248,0.0,0.0,0.0,0.0,0.0,7.482993197278912,0.9070294784580499,0.0,0.0,0.0,0.0,0.0
01614,01,614,940,678,262,0,374,5,370,4,67,79,26,132,34,2,5,2,2,2,0,0,0,0,0,14,5,0,0,0,0,0,39.787234042553195,1.06951871657754,98.93048128342245,18.10810810810811,21.35135135135135,7.027027027027027,35.67567567567568,9.18918918918919,0.5405405405405406,1.3513513513513513,0.5405405405405406,0.5405405405405406,0.5405405405405406,0.0,0.0,0.0,0.0,0.0,3.783783783783784,1.3513513513513513,0.0,0.0,0.0,0.0,0.0
01615,01,615,947,655,292,0,426,9,425,1,82,78,33,170,28,4,3,4,5,2,0,0,0,0,0,15,1,0,0,0,0,0,44.98416050686378,0.2347417840375587,99.76525821596243,19.294117647058822,18.352941176470587,7.764705882352942,40.0,6.588235294117648,0.9411764705882352,0.7058823529411765,0.9411764705882352,1.1764705882352942,0.4705882352941176,0.0,0.0,0.0,0.0,0.0,3.5294117647058822,0.2352941176470588,0.0,0.0,0.0,0.0,0.0
01616,01,616,956,637,319,0,416,9,412,4,46,95,38,167,27,5,1,6,6,2,0,1,0,0,0,18,0,0,0,0,0,0,43.51464435146444,0.9615384615384616,99.03846153846155,11.165048543689322,23.058252427184467,9.223300970873787,40.53398058252427,6.553398058252427,1.2135922330097086,0.24271844660194172,1.4563106796116505,1.4563106796116505,0.48543689320388345,0.0,0.24271844660194172,0.0,0.0,0.0,4.368932038834951,0.0,0.0,0.0,0.0,0.0,0.0
01617,01,617,1171,768,403,0,516,10,512,4,90,108,43,171,51,9,8,4,1,0,0,2,0,0,0,23,2,0,0,0,0,0,44.064901793339025,0.7751937984496124,99.2248062015504,17.578125,21.09375,8.3984375,33.3984375,9.9609375,1.7578125,1.5625,0.78125,0.1953125,0.0,0.0,0.390625,0.0,0.0,0.0,4.4921875,0.390625,0.0,0.0,0.0,0.0,0.0
01618,01,618,1181,824,357,0,612,12,607,5,112,107,71,150,95,17,13,4,4,3,0,0,0,1,0,28,2,0,0,0,0,0,51.82049110922947,0.8169934640522877,99.18300653594771,18.451400329489292,17.627677100494235,11.696869851729819,24.71169686985173,15.650741350906095,2.800658978583196,2.14168039538715,0.6589785831960462,0.6589785831960462,0.4942339373970346,0.0,0.0,0.0,0.16474464579901155,0.0,4.612850082372323,0.3294892915980231,0.0,0.0,0.0,0.0,0.0
01619,01,619,903,629,274,0,392,7,386,6,64,65,42,123,42,7,4,1,1,0,0,0,0,0,3,30,4,0,0,0,0,0,43.41085271317829,1.530612244897959,98.46938775510205,16.580310880829018,16.83937823834197,10.880829015544041,31.865284974093267,10.880829015544041,1.8134715025906734,1.0362694300518136,0.2590673575129534,0.2590673575129534,0.0,0.0,0.0,0.0,0.0,0.7772020725388601,7.772020725388601,1.0362694300518136,0.0,0.0,0.0,0.0,0.0
01620,01,620,499,339,160,0,231,6,231,0,38,47,17,85,22,5,0,0,1,0,0,1,0,0,0,14,1,0,0,0,0,0,46.292585170340686,0.0,100.0,16.450216450216452,20.346320346320347,7.35930735930736,36.79653679653679,9.523809523809524,2.1645021645021645,0.0,0.0,0.4329004329004329,0.0,0.0,0.4329004329004329,0.0,0.0,0.0,6.0606060606060606,0.4329004329004329,0.0,0.0,0.0,0.0,0.0
01621,01,621,925,647,278,0,449,10,443,6,63,85,33,171,39,12,4,5,3,1,0,0,0,0,0,27,0,0,0,0,0,0,48.54054054054054,1.3363028953229399,98.66369710467706,14.221218961625281,19.187358916478555,7.44920993227991,38.60045146726862,8.803611738148984,2.708803611738149,0.9029345372460496,1.1286681715575622,0.6772009029345373,0.2257336343115124,0.0,0.0,0.0,0.0,0.0,6.094808126410835,0.0,0.0,0.0,0.0,0.0,0.0
01622,01,622,864,620,244,0,360,5,356,4,60,80,17,148,21,2,1,3,4,1,0,0,0,1,0,17,1,0,0,0,0,0,41.66666666666667,1.1111111111111112,98.88888888888889,16.853932584269664,22.47191011235955,4.775280898876404,41.57303370786517,5.8988764044943816,0.5617977528089888,0.2808988764044944,0.8426966292134831,1.1235955056179776,0.2808988764044944,0.0,0.0,0.0,0.2808988764044944,0.0,4.775280898876404,0.2808988764044944,0.0,0.0,0.0,0.0,0.0
01623,01,623,985,657,328,0,457,5,454,3,88,105,56,123,32,8,0,0,5,1,0,0,0,0,1,29,6,0,0,0,0,0,46.39593908629442,0.6564551422319475,99.34354485776805,19.383259911894275,23.127753303964756,12.334801762114537,27.09251101321586,7.048458149779736,1.762114537444934,0.0,0.0,1.1013215859030838,0.22026431718061676,0.0,0.0,0.0,0.0,0.22026431718061676,6.387665198237885,1.3215859030837005,0.0,0.0,0.0,0.0,0.0
01624,01,624,994,671,323,0,398,7,397,1,57,80,17,175,26,2,3,4,5,1,0,0,0,0,0,25,2,0,0,0,0,0,40.04024144869216,0.25125628140703515,99.74874371859298,14.357682619647354,20.151133501259448,4.282115869017632,44.08060453400503,6.54911838790932,0.5037783375314862,0.7556675062972292,1.0075566750629723,1.2594458438287155,0.2518891687657431,0.0,0.0,0.0,0.0,0.0,6.297229219143577,0.5037783375314862,0.0,0.0,0.0,0.0,0.0
01625,01,625,974,723,251,0,334,2,331,3,40,48,16,159,23,6,1,2,8,2,0,0,0,0,0,24,2,0,0,0,0,0,34.29158110882957,0.8982035928143712,99.10179640718563,12.084592145015106,14.501510574018129,4.833836858006042,48.036253776435046,6.948640483383686,1.812688821752266,0.3021148036253776,0.6042296072507553,2.416918429003021,0.6042296072507553,0.0,0.0,0.0,0.0,0.0,7.250755287009064,0.6042296072507553,0.0,0.0,0.0,0.0,0.0
01626,01,626,1013,700,313,0,405,2,401,4,60,80,45,120,49,9,0,2,3,3,0,0,0,0,0,27,3,0,0,0,0,0,39.98025666337611,0.9876543209876543,99.01234567901234,14.962593516209477,19.950124688279303,11.221945137157107,29.925187032418954,12.219451371571072,2.2443890274314215,0.0,0.4987531172069825,0.7481296758104738,0.7481296758104738,0.0,0.0,0.0,0.0,0.0,6.733167082294264,0.7481296758104738,0.0,0.0,0.0,0.0,0.0
01627,01,627,779,532,247,0,315,6,312,3,39,67,28,127,20,6,1,2,2,2,0,0,0,0,0,16,2,0,0,0,0,0,40.436456996148905,0.9523809523809524,99.04761904761905,12.5,21.474358974358974,8.974358974358974,40.705128205128204,6.41025641025641,1.9230769230769231,0.3205128205128205,0.641025641025641,0.641025641025641,0.641025641025641,0.0,0.0,0.0,0.0,0.0,5.128205128205128,0.641025641025641,0.0,0.0,0.0,0.0,0.0
01628,01,628,889,696,193,0,424,6,421,3,83,63,41,126,49,14,4,1,5,1,0,1,0,0,0,30,3,0,0,0,0,0,47.69403824521935,0.7075471698113208,99.29245283018868,19.71496437054632,14.964370546318289,9.73871733966746,29.928741092636578,11.63895486935867,3.32541567695962,0.9501187648456058,0.23752969121140144,1.187648456057007,0.23752969121140144,0.0,0.23752969121140144,0.0,0.0,0.0,7.1258907363420425,0.7125890736342043,0.0,0.0,0.0,0.0,0.0
01629,01,629,1102,781,321,0,461,6,451,10,90,75,31,148,50,5,7,3,5,1,0,1,0,0,0,30,5,0,0,0,0,0,41.833030852994554,2.1691973969631237,97.83080260303689,19.955654101995567,16.62971175166297,6.873614190687362,32.8159645232816,11.086474501108649,1.1086474501108647,1.5521064301552108,0.6651884700665188,1.1086474501108647,0.22172949002217296,0.0,0.22172949002217296,0.0,0.0,0.0,6.651884700665188,1.1086474501108647,0.0,0.0,0.0,0.0,0.0
016A,01,6A,0,0,0,0,579,579,577,2,59,153,44,233,40,7,9,7,2,1,0,3,0,1,0,18,0,0,0,0,0,0,inf,0.3454231433506045,99.65457685664938,10.22530329289428,26.51646447140381,7.625649913344887,40.38128249566724,6.932409012131716,1.2131715771230502,1.559792027729636,1.2131715771230502,0.34662045060658575,0.17331022530329288,0.0,0.5199306759098787,0.0,0.17331022530329288,0.0,3.119584055459272,0.0,0.0,0.0,0.0,0.0,0.0
016B,01,6B,0,0,0,0,668,668,666,2,107,178,79,183,43,11,8,8,2,0,0,0,0,0,1,45,1,0,0,0,0,0,inf,0.29940119760479045,99.7005988023952,16.066066066066064,26.726726726726728,11.861861861861863,27.47747747747748,6.456456456456457,1.6516516516516515,1.2012012012012012,1.2012012012012012,0.3003003003003003,0.0,0.0,0.0,0.0,0.0,0.15015015015015015,6.756756756756757,0.15015015015015015,0.0,0.0,0.0,0.0,0.0
016C,01,6C,0,0,0,0,662,662,659,3,79,200,41,258,30,4,8,5,2,2,0,3,0,0,0,25,2,0,0,0,0,0,inf,0.4531722054380665,99.54682779456193,11.987860394537178,30.349013657056144,6.22154779969651,39.150227617602425,4.552352048558421,0.6069802731411229,1.2139605462822458,0.7587253414264037,0.30349013657056145,0.30349013657056145,0.0,0.4552352048558422,0.0,0.0,0.0,3.793626707132018,0.30349013657056145,0.0,0.0,0.0,0.0,0.0
016D,01,6D,0,0,0,0,670,670,668,2,95,171,69,237,43,6,15,6,3,2,0,0,0,0,0,20,1,0,0,0,0,0,inf,0.2985074626865672,99.70149253731343,14.221556886227546,25.59880239520958,10.32934131736527,35.47904191616767,6.437125748502994,0.8982035928143712,2.245508982035928,0.8982035928143712,0.4491017964071856,0.29940119760479045,0.0,0.0,0.0,0.0,0.0,2.9940119760479043,0.14970059880239522,0.0,0.0,0.0,0.0,0.0
016E,01,6E,0,0,0,0,689,689,688,1,96,182,52,250,35,14,7,10,5,0,0,0,0,0,2,26,9,0,0,0,0,0,inf,0.14513788098693758,99.85486211901306,13.953488372093023,26.453488372093027,7.55813953488372,36.337209302325576,5.087209302325581,2.0348837209302326,1.0174418604651163,1.4534883720930232,0.7267441860465116,0.0,0.0,0.0,0.0,0.0,0.29069767441860467,3.77906976744186,1.308139534883721,0.0,0.0,0.0,0.0,0.0
016F,01,6F,0,0,0,0,976,976,971,5,171,290,121,255,54,14,10,13,4,3,0,0,0,0,1,32,3,0,0,0,0,0,inf,0.5122950819672131,99.48770491803278,17.61071060762101,29.866117404737384,12.461380020597321,26.261585993820802,5.561277033985582,1.4418125643666324,1.0298661174047374,1.3388259526261586,0.4119464469618949,0.30895983522142123,0.0,0.0,0.0,0.0,0.10298661174047373,3.2955715756951593,0.30895983522142123,0.0,0.0,0.0,0.0,0.0
016G,01,6G,0,0,0,0,745,745,743,2,112,181,59,278,33,15,17,6,14,2,0,0,0,1,0,18,7,0,0,0,0,0,inf,0.2684563758389262,99.73154362416108,15.074024226110364,24.3606998654105,7.94078061911171,37.41588156123822,4.441453566621804,2.0188425302826376,2.2880215343203227,0.8075370121130552,1.8842530282637955,0.2691790040376851,0.0,0.0,0.0,0.13458950201884254,0.0,2.4226110363391657,0.9421265141318977,0.0,0.0,0.0,0.0,0.0
016H,01,6H,0,0,0,0,599,599,596,3,61,185,54,212,27,13,3,7,5,1,0,0,0,0,0,24,4,0,0,0,0,0,inf,0.5008347245409015,99.4991652754591,10.234899328859061,31.04026845637584,9.060402684563758,35.57046979865772,4.530201342281879,2.1812080536912752,0.5033557046979865,1.174496644295302,0.8389261744966443,0.16778523489932887,0.0,0.0,0.0,0.0,0.0,4.026845637583892,0.6711409395973155,0.0,0.0,0.0,0.0,0.0
016I,01,6I,0,0,0,0,828,828,824,4,108,208,74,306,36,12,11,6,12,5,0,0,0,0,0,44,2,0,0,0,0,0,inf,0.4830917874396135,99.51690821256038,13.106796116504855,25.24271844660194,8.980582524271846,37.13592233009709,4.368932038834951,1.4563106796116505,1.3349514563106795,0.7281553398058253,1.4563106796116505,0.6067961165048543,0.0,0.0,0.0,0.0,0.0,5.339805825242718,0.24271844660194172,0.0,0.0,0.0,0.0,0.0
016J,01,6J,0,0,0,0,668,668,665,3,118,172,73,191,42,16,12,5,4,3,0,1,0,0,1,24,3,0,0,0,0,0,inf,0.4491017964071856,99.55089820359282,17.74436090225564,25.86466165413534,10.977443609022556,28.721804511278194,6.315789473684211,2.4060150375939853,1.8045112781954888,0.7518796992481203,0.6015037593984963,0.4511278195488722,0.0,0.15037593984962408,0.0,0.0,0.15037593984962408,3.6090225563909777,0.4511278195488722,0.0,0.0,0.0,0.0,0.0
01700,01,700,827,592,235,0,355,3,353,2,66,62,36,125,33,4,1,1,6,0,0,0,0,0,1,18,0,0,0,0,0,0,42.926239419588875,0.5633802816901409,99.43661971830986,18.69688385269122,17.56373937677054,10.198300283286118,35.41076487252124,9.34844192634561,1.13314447592068,0.28328611898017,0.28328611898017,1.69971671388102,0.0,0.0,0.0,0.0,0.0,0.28328611898017,5.099150141643059,0.0,0.0,0.0,0.0,0.0,0.0
01701,01,701,708,390,318,0,267,2,264,3,37,73,24,92,13,0,2,4,0,0,0,0,0,0,1,16,2,0,0,0,0,0,37.71186440677966,1.1235955056179776,98.87640449438202,14.015151515151514,27.65151515151515,9.090909090909092,34.84848484848485,4.924242424242424,0.0,0.7575757575757576,1.5151515151515151,0.0,0.0,0.0,0.0,0.0,0.0,0.3787878787878788,6.0606060606060606,0.7575757575757576,0.0,0.0,0.0,0.0,0.0
01702,01,702,784,514,270,0,322,7,321,1,51,62,23,122,34,6,4,4,1,2,0,0,0,0,2,9,1,0,0,0,0,0,41.07142857142857,0.3105590062111801,99.68944099378882,15.887850467289718,19.314641744548286,7.165109034267912,38.006230529595015,10.59190031152648,1.8691588785046727,1.2461059190031152,1.2461059190031152,0.3115264797507788,0.6230529595015576,0.0,0.0,0.0,0.0,0.6230529595015576,2.803738317757009,0.3115264797507788,0.0,0.0,0.0,0.0,0.0
01703,01,703,808,582,226,0,395,2,391,4,73,74,41,112,38,7,6,3,1,0,0,1,0,1,0,30,4,0,0,0,0,0,48.886138613861384,1.0126582278481013,98.9873417721519,18.67007672634271,18.925831202046037,10.485933503836318,28.644501278772378,9.718670076726342,1.7902813299232736,1.5345268542199488,0.7672634271099744,0.2557544757033248,0.0,0.0,0.2557544757033248,0.0,0.2557544757033248,0.0,7.672634271099745,1.0230179028132993,0.0,0.0,0.0,0.0,0.0
01704,01,704,1013,665,348,0,447,4,443,4,88,86,42,140,43,8,6,0,4,1,0,0,0,6,2,13,4,0,0,0,0,0,44.126357354392894,0.8948545861297539,99.10514541387025,19.864559819413092,19.41309255079007,9.480812641083523,31.60270880361174,9.706546275395034,1.805869074492099,1.3544018058690745,0.0,0.9029345372460496,0.2257336343115124,0.0,0.0,0.0,1.3544018058690745,0.4514672686230248,2.9345372460496613,0.9029345372460496,0.0,0.0,0.0,0.0,0.0
01705,01,705,760,472,288,0,324,8,320,4,52,71,25,121,25,0,1,0,2,3,0,0,0,1,0,19,0,0,0,0,0,0,42.63157894736842,1.2345679012345678,98.76543209876543,16.25,22.1875,7.8125,37.8125,7.8125,0.0,0.3125,0.0,0.625,0.9375,0.0,0.0,0.0,0.3125,0.0,5.9375,0.0,0.0,0.0,0.0,0.0,0.0
01706,01,706,930,566,364,0,433,8,430,3,61,117,26,164,33,5,0,8,1,1,0,0,0,0,1,12,1,0,0,0,0,0,46.55913978494623,0.6928406466512702,99.30715935334872,14.186046511627906,27.209302325581397,6.046511627906977,38.139534883720934,7.674418604651163,1.1627906976744187,0.0,1.8604651162790697,0.23255813953488372,0.23255813953488372,0.0,0.0,0.0,0.0,0.23255813953488372,2.7906976744186047,0.23255813953488372,0.0,0.0,0.0,0.0,0.0
01707,01,707,1158,726,432,0,503,9,500,3,77,153,40,152,36,10,4,5,2,2,0,0,0,0,0,19,0,0,0,0,0,0,43.43696027633852,0.5964214711729622,99.40357852882704,15.4,30.599999999999998,8.0,30.4,7.199999999999999,2.0,0.8,1.0,0.4,0.4,0.0,0.0,0.0,0.0,0.0,3.8,0.0,0.0,0.0,0.0,0.0,0.0
01708,01,708,1146,737,409,0,548,9,543,5,81,141,50,178,48,10,6,3,2,0,0,0,0,1,0,22,1,0,0,0,0,0,47.81849912739965,0.9124087591240875,99.08759124087592,14.917127071823206,25.96685082872928,9.208103130755065,32.78084714548803,8.83977900552486,1.841620626151013,1.1049723756906076,0.5524861878453038,0.3683241252302026,0.0,0.0,0.0,0.0,0.1841620626151013,0.0,4.051565377532229,0.1841620626151013,0.0,0.0,0.0,0.0,0.0
01709,01,709,962,598,364,0,431,6,427,4,64,105,35,138,40,8,4,4,1,3,0,0,0,1,2,21,1,0,0,0,0,0,44.8024948024948,0.9280742459396751,99.07192575406032,14.988290398126464,24.59016393442623,8.19672131147541,32.31850117096019,9.367681498829041,1.873536299765808,0.936768149882904,0.936768149882904,0.234192037470726,0.702576112412178,0.0,0.0,0.0,0.234192037470726,0.468384074941452,4.918032786885246,0.234192037470726,0.0,0.0,0.0,0.0,0.0
01710,01,710,671,463,208,0,305,5,302,3,53,49,20,130,15,0,6,2,5,1,0,0,0,0,1,17,3,0,0,0,0,0,45.45454545454545,0.9836065573770493,99.01639344262296,17.549668874172188,16.225165562913908,6.622516556291391,43.04635761589404,4.966887417218543,0.0,1.9867549668874174,0.6622516556291391,1.6556291390728477,0.33112582781456956,0.0,0.0,0.0,0.0,0.33112582781456956,5.629139072847682,0.9933774834437087,0.0,0.0,0.0,0.0,0.0
01711,01,711,559,401,158,0,272,2,264,8,45,35,30,87,29,5,3,3,2,0,0,0,0,0,0,22,3,0,0,0,0,0,48.658318425760285,2.941176470588235,97.05882352941177,17.045454545454543,13.257575757575758,11.363636363636363,32.95454545454545,10.984848484848484,1.893939393939394,1.1363636363636365,1.1363636363636365,0.7575757575757576,0.0,0.0,0.0,0.0,0.0,0.0,8.333333333333332,1.1363636363636365,0.0,0.0,0.0,0.0,0.0
01712,01,712,1065,757,308,0,459,13,454,5,65,96,46,150,42,7,2,2,5,3,0,0,0,0,0,35,1,0,0,0,0,0,43.098591549295776,1.0893246187363834,98.91067538126362,14.317180616740089,21.145374449339208,10.13215859030837,33.03964757709251,9.251101321585903,1.5418502202643172,0.4405286343612335,0.4405286343612335,1.1013215859030838,0.6607929515418502,0.0,0.0,0.0,0.0,0.0,7.709251101321586,0.22026431718061676,0.0,0.0,0.0,0.0,0.0
01713,01,713,967,671,296,0,436,15,434,2,67,88,44,156,16,8,9,4,7,0,0,1,0,0,0,30,4,0,0,0,0,0,45.08790072388831,0.45871559633027525,99.54128440366972,15.43778801843318,20.276497695852534,10.138248847926267,35.944700460829495,3.686635944700461,1.8433179723502304,2.0737327188940093,0.9216589861751152,1.6129032258064515,0.0,0.0,0.2304147465437788,0.0,0.0,0.0,6.912442396313365,0.9216589861751152,0.0,0.0,0.0,0.0,0.0
01714,01,714,1222,736,486,0,486,10,479,7,60,120,41,180,44,9,6,3,3,0,0,0,0,1,2,10,0,0,0,0,0,0,39.770867430441896,1.440329218106996,98.559670781893,12.526096033402922,25.052192066805844,8.559498956158663,37.578288100208766,9.18580375782881,1.8789144050104383,1.2526096033402923,0.6263048016701461,0.6263048016701461,0.0,0.0,0.0,0.0,0.20876826722338201,0.41753653444676403,2.0876826722338206,0.0,0.0,0.0,0.0,0.0,0.0
01715,01,715,851,638,213,0,374,4,371,3,61,70,42,117,29,13,3,1,0,0,0,0,0,0,0,33,2,0,0,0,0,0,43.94829612220917,0.8021390374331552,99.19786096256684,16.442048517520217,18.867924528301888,11.320754716981133,31.536388140161726,7.816711590296496,3.5040431266846364,0.8086253369272237,0.2695417789757413,0.0,0.0,0.0,0.0,0.0,0.0,0.0,8.89487870619946,0.5390835579514826,0.0,0.0,0.0,0.0,0.0
01716,01,716,1154,789,365,0,509,7,507,2,104,78,64,124,79,10,8,5,4,2,0,0,0,0,0,28,1,0,0,0,0,0,44.10745233968804,0.3929273084479371,99.60707269155206,20.51282051282051,15.384615384615385,12.6232741617357,24.45759368836292,15.581854043392504,1.9723865877712032,1.5779092702169626,0.9861932938856016,0.7889546351084813,0.39447731755424065,0.0,0.0,0.0,0.0,0.0,5.522682445759369,0.19723865877712032,0.0,0.0,0.0,0.0,0.0
01717,01,717,1101,789,312,0,489,13,485,4,101,104,37,137,54,5,5,4,2,2,0,0,0,0,1,30,3,0,0,0,0,0,44.4141689373297,0.81799591002045,99.18200408997954,20.824742268041238,21.443298969072163,7.628865979381444,28.24742268041237,11.134020618556702,1.0309278350515463,1.0309278350515463,0.8247422680412372,0.4123711340206186,0.4123711340206186,0.0,0.0,0.0,0.0,0.2061855670103093,6.185567010309279,0.6185567010309279,0.0,0.0,0.0,0.0,0.0
01718,01,718,951,732,219,0,484,9,474,10,110,62,49,126,69,3,6,2,8,2,0,0,0,0,0,33,4,0,0,0,0,0,50.8937960042061,2.066115702479339,97.93388429752066,23.20675105485232,13.080168776371309,10.337552742616033,26.582278481012654,14.556962025316455,0.6329113924050633,1.2658227848101267,0.42194092827004215,1.6877637130801686,0.42194092827004215,0.0,0.0,0.0,0.0,0.0,6.962025316455696,0.8438818565400843,0.0,0.0,0.0,0.0,0.0
01719,01,719,848,761,87,0,454,8,444,10,93,37,34,177,35,3,3,2,6,0,0,0,0,0,1,52,1,0,0,0,0,0,53.5377358490566,2.2026431718061676,97.79735682819384,20.945945945945947,8.333333333333332,7.657657657657657,39.86486486486486,7.882882882882883,0.6756756756756757,0.6756756756756757,0.45045045045045046,1.3513513513513513,0.0,0.0,0.0,0.0,0.0,0.22522522522522523,11.711711711711711,0.22522522522522523,0.0,0.0,0.0,0.0,0.0
01720,01,720,1024,703,321,0,479,2,478,1,87,108,59,116,29,9,6,3,6,0,0,0,0,0,1,50,4,0,0,0,0,0,46.77734375,0.20876826722338201,99.79123173277662,18.200836820083683,22.594142259414227,12.343096234309623,24.267782426778243,6.066945606694561,1.882845188284519,1.2552301255230125,0.6276150627615062,1.2552301255230125,0.0,0.0,0.0,0.0,0.0,0.20920502092050208,10.460251046025103,0.8368200836820083,0.0,0.0,0.0,0.0,0.0
01721,01,721,964,832,132,0,482,9,473,9,119,22,46,163,52,12,3,2,6,1,0,0,0,0,0,46,1,0,0,0,0,0,50.0,1.8672199170124482,98.13278008298755,25.158562367864697,4.651162790697675,9.725158562367865,34.46088794926004,10.993657505285412,2.536997885835095,0.6342494714587738,0.42283298097251587,1.2684989429175475,0.21141649048625794,0.0,0.0,0.0,0.0,0.0,9.725158562367865,0.21141649048625794,0.0,0.0,0.0,0.0,0.0
01722,01,722,1217,910,307,0,631,7,624,7,113,98,68,157,98,16,13,9,5,4,0,0,0,0,2,40,1,0,0,0,0,0,51.848808545603944,1.109350237717908,98.8906497622821,18.108974358974358,15.705128205128204,10.897435897435898,25.16025641025641,15.705128205128204,2.564102564102564,2.083333333333333,1.4423076923076923,0.8012820512820512,0.641025641025641,0.0,0.0,0.0,0.0,0.3205128205128205,6.41025641025641,0.16025641025641024,0.0,0.0,0.0,0.0,0.0
01723,01,723,1188,942,246,0,613,11,608,5,108,94,62,198,63,7,6,1,5,0,0,1,0,0,1,54,8,0,0,0,0,0,51.5993265993266,0.8156606851549755,99.18433931484503,17.763157894736842,15.460526315789474,10.197368421052632,32.56578947368421,10.361842105263158,1.151315789473684,0.9868421052631579,0.1644736842105263,0.8223684210526315,0.0,0.0,0.1644736842105263,0.0,0.0,0.1644736842105263,8.881578947368421,1.3157894736842104,0.0,0.0,0.0,0.0,0.0
01724,01,724,1139,817,322,0,503,3,500,3,100,61,68,133,69,13,6,7,6,2,0,0,0,1,1,32,1,0,0,0,0,0,44.161545215100965,0.5964214711729622,99.40357852882704,20.0,12.2,13.600000000000001,26.6,13.8,2.6,1.2,1.4000000000000001,1.2,0.4,0.0,0.0,0.0,0.2,0.2,6.4,0.2,0.0,0.0,0.0,0.0,0.0
01725,01,725,1375,1058,317,0,689,10,678,11,151,75,99,163,99,17,10,7,6,0,0,3,0,1,1,44,2,0,0,0,0,0,50.10909090909092,1.5965166908563133,98.4034833091437,22.271386430678465,11.061946902654867,14.601769911504425,24.041297935103245,14.601769911504425,2.5073746312684366,1.4749262536873156,1.0324483775811208,0.8849557522123894,0.0,0.0,0.4424778761061947,0.0,0.14749262536873156,0.14749262536873156,6.489675516224189,0.2949852507374631,0.0,0.0,0.0,0.0,0.0
01726,01,726,667,521,146,0,350,5,346,4,71,68,54,91,26,6,1,1,2,1,0,1,0,0,2,20,2,0,0,0,0,0,52.47376311844077,1.1428571428571428,98.85714285714286,20.520231213872833,19.653179190751445,15.606936416184972,26.300578034682083,7.514450867052023,1.7341040462427744,0.2890173410404624,0.2890173410404624,0.5780346820809248,0.2890173410404624,0.0,0.2890173410404624,0.0,0.0,0.5780346820809248,5.780346820809249,0.5780346820809248,0.0,0.0,0.0,0.0,0.0
01727,01,727,1079,824,255,0,509,6,493,16,111,53,53,133,70,4,3,3,2,2,0,2,0,1,3,48,5,0,0,0,0,0,47.173308619091756,3.143418467583497,96.85658153241651,22.515212981744423,10.75050709939148,10.75050709939148,26.97768762677485,14.198782961460447,0.8113590263691683,0.6085192697768762,0.6085192697768762,0.4056795131845842,0.4056795131845842,0.0,0.4056795131845842,0.0,0.2028397565922921,0.6085192697768762,9.73630831643002,1.0141987829614605,0.0,0.0,0.0,0.0,0.0
01728,01,728,1312,1013,299,0,711,9,703,8,121,89,108,197,102,8,5,5,5,3,0,1,0,0,0,54,5,0,0,0,0,0,54.1920731707317,1.1251758087201125,98.87482419127988,17.21194879089616,12.660028449502134,15.362731152204837,28.02275960170697,14.509246088193455,1.1379800853485065,0.7112375533428165,0.7112375533428165,0.7112375533428165,0.42674253200568996,0.0,0.1422475106685633,0.0,0.0,0.0,7.681365576102419,0.7112375533428165,0.0,0.0,0.0,0.0,0.0
017A,01,7A,0,0,0,0,759,759,759,0,112,231,72,248,31,12,12,5,6,4,0,0,0,0,0,24,2,0,0,0,0,0,inf,0.0,100.0,14.756258234519104,30.434782608695656,9.486166007905137,32.674571805006586,4.084321475625823,1.5810276679841897,1.5810276679841897,0.6587615283267457,0.7905138339920948,0.5270092226613966,0.0,0.0,0.0,0.0,0.0,3.1620553359683794,0.2635046113306983,0.0,0.0,0.0,0.0,0.0
017B,01,7B,0,0,0,0,822,822,817,5,137,217,106,228,40,17,9,9,5,5,0,0,0,1,1,38,4,0,0,0,0,0,inf,0.6082725060827251,99.39172749391727,16.768665850673194,26.560587515299876,12.974296205630356,27.906976744186046,4.8959608323133414,2.08078335373317,1.101591187270502,1.101591187270502,0.6119951040391677,0.6119951040391677,0.0,0.0,0.0,0.12239902080783352,0.12239902080783352,4.651162790697675,0.4895960832313341,0.0,0.0,0.0,0.0,0.0
017C,01,7C,0,0,0,0,1009,1009,998,11,155,350,79,328,20,17,10,11,0,0,0,0,0,1,0,26,1,0,0,0,0,0,inf,1.0901883052527255,98.90981169474728,15.531062124248496,35.07014028056113,7.915831663326653,32.86573146292585,2.004008016032064,1.7034068136272544,1.002004008016032,1.1022044088176353,0.0,0.0,0.0,0.0,0.0,0.1002004008016032,0.0,2.6052104208416833,0.1002004008016032,0.0,0.0,0.0,0.0,0.0
017D,01,7D,0,0,0,0,912,912,908,4,128,329,72,255,30,20,8,21,3,1,0,2,0,0,0,38,1,0,0,0,0,0,inf,0.43859649122807015,99.56140350877193,14.096916299559473,36.23348017621145,7.929515418502203,28.083700440528638,3.303964757709251,2.2026431718061676,0.881057268722467,2.3127753303964758,0.3303964757709251,0.11013215859030838,0.0,0.22026431718061676,0.0,0.0,0.0,4.185022026431718,0.11013215859030838,0.0,0.0,0.0,0.0,0.0
017E,01,7E,0,0,0,0,793,793,787,6,118,271,82,207,38,16,5,14,6,1,0,0,0,3,1,19,6,0,0,0,0,0,inf,0.7566204287515763,99.24337957124843,14.993646759847524,34.43456162642948,10.419313850063533,26.30241423125794,4.8284625158831,2.0330368487928845,0.6353240152477764,1.7789072426937738,0.7623888182973316,0.12706480304955528,0.0,0.0,0.0,0.3811944091486658,0.12706480304955528,2.41423125794155,0.7623888182973316,0.0,0.0,0.0,0.0,0.0
017F,01,7F,0,0,0,0,859,859,857,2,142,252,116,218,47,16,17,9,4,4,0,0,0,0,0,25,7,0,0,0,0,0,inf,0.23282887077997672,99.76717112922002,16.569428238039674,29.404900816802797,13.53558926487748,25.437572928821474,5.484247374562427,1.8669778296382729,1.9836639439906651,1.0501750291715286,0.4667444574095682,0.4667444574095682,0.0,0.0,0.0,0.0,0.0,2.9171528588098017,0.8168028004667445,0.0,0.0,0.0,0.0,0.0
017G,01,7G,0,0,0,0,575,575,574,1,118,95,107,141,39,16,14,6,0,2,0,0,0,1,0,33,2,0,0,0,0,0,inf,0.17391304347826086,99.82608695652175,20.557491289198605,16.550522648083625,18.641114982578397,24.56445993031359,6.794425087108014,2.7874564459930316,2.4390243902439024,1.0452961672473868,0.0,0.34843205574912894,0.0,0.0,0.0,0.17421602787456447,0.0,5.7491289198606275,0.34843205574912894,0.0,0.0,0.0,0.0,0.0
017H,01,7H,0,0,0,0,564,564,561,3,119,159,80,106,32,18,5,7,9,1,0,0,0,0,0,22,3,0,0,0,0,0,inf,0.5319148936170213,99.46808510638297,21.21212121212121,28.342245989304814,14.260249554367203,18.89483065953654,5.704099821746881,3.2085561497326207,0.8912655971479502,1.2477718360071302,1.6042780748663104,0.17825311942959002,0.0,0.0,0.0,0.0,0.0,3.9215686274509802,0.53475935828877,0.0,0.0,0.0,0.0,0.0
017I,01,7I,0,0,0,0,586,586,584,2,96,152,83,134,30,12,11,11,3,1,0,0,0,0,0,46,5,0,0,0,0,0,inf,0.3412969283276451,99.65870307167235,16.43835616438356,26.027397260273972,14.212328767123289,22.945205479452056,5.136986301369863,2.054794520547945,1.8835616438356164,1.8835616438356164,0.5136986301369862,0.17123287671232876,0.0,0.0,0.0,0.0,0.0,7.876712328767123,0.8561643835616438,0.0,0.0,0.0,0.0,0.0
017J,01,7J,0,0,0,0,620,620,618,2,118,152,80,136,42,9,12,11,9,1,0,2,0,0,0,42,4,0,0,0,0,0,inf,0.3225806451612903,99.67741935483872,19.093851132686083,24.59546925566343,12.944983818770226,22.006472491909385,6.796116504854369,1.4563106796116505,1.9417475728155338,1.779935275080906,1.4563106796116505,0.16181229773462785,0.0,0.3236245954692557,0.0,0.0,0.0,6.796116504854369,0.6472491909385114,0.0,0.0,0.0,0.0,0.0
02101,02,101,733,561,172,0,363,8,354,9,70,57,48,131,34,10,0,0,0,0,0,0,0,0,1,0,0,0,0,0,0,3,49.5225102319236,2.479338842975207,97.52066115702479,19.774011299435028,16.101694915254235,13.559322033898304,37.005649717514125,9.6045197740113,2.824858757062147,0.0,0.0,0.0,0.0,0.0,0.0,0.0,0.0,0.2824858757062147,0.0,0.0,0.0,0.0,0.0,0.0,0.847457627118644
02102,02,102,1216,935,281,0,564,8,550,14,114,98,74,186,49,18,0,0,0,0,0,0,0,0,5,0,0,0,0,4,0,2,46.381578947368425,2.4822695035460995,97.51773049645391,20.727272727272727,17.81818181818182,13.454545454545455,33.81818181818182,8.90909090909091,3.272727272727273,0.0,0.0,0.0,0.0,0.0,0.0,0.0,0.0,0.9090909090909091,0.0,0.0,0.0,0.0,0.7272727272727273,0.0,0.36363636363636365
02103,02,103,1045,823,222,0,525,9,513,12,113,45,75,215,47,11,0,0,0,0,0,0,0,0,4,0,0,0,0,1,0,2,50.23923444976076,2.2857142857142856,97.71428571428571,22.027290448343077,8.771929824561402,14.619883040935672,41.91033138401559,9.161793372319687,2.144249512670565,0.0,0.0,0.0,0.0,0.0,0.0,0.0,0.0,0.7797270955165692,0.0,0.0,0.0,0.0,0.1949317738791423,0.0,0.3898635477582846
02104,02,104,1026,702,324,0,448,6,444,4,95,102,71,124,30,12,0,0,0,0,0,0,0,0,4,0,0,0,0,3,0,3,43.66471734892787,0.8928571428571428,99.10714285714286,21.396396396396398,22.972972972972975,15.99099099099099,27.927927927927925,6.756756756756757,2.7027027027027026,0.0,0.0,0.0,0.0,0.0,0.0,0.0,0.0,0.9009009009009009,0.0,0.0,0.0,0.0,0.6756756756756757,0.0,0.6756756756756757
02105,02,105,1015,804,211,0,478,2,473,5,83,56,61,206,44,11,0,0,0,0,0,0,0,0,8,0,0,0,0,1,0,3,47.0935960591133,1.0460251046025104,98.9539748953975,17.547568710359407,11.839323467230443,12.896405919661733,43.551797040169134,9.30232558139535,2.3255813953488373,0.0,0.0,0.0,0.0,0.0,0.0,0.0,0.0,1.6913319238900635,0.0,0.0,0.0,0.0,0.21141649048625794,0.0,0.6342494714587738
02106,02,106,1162,901,261,0,514,8,506,8,108,63,59,209,47,12,0,0,0,0,0,0,0,0,3,0,0,0,0,3,0,2,44.23407917383821,1.556420233463035,98.44357976653697,21.34387351778656,12.450592885375494,11.6600790513834,41.30434782608695,9.288537549407115,2.371541501976284,0.0,0.0,0.0,0.0,0.0,0.0,0.0,0.0,0.592885375494071,0.0,0.0,0.0,0.0,0.592885375494071,0.0,0.3952569169960474
02107,02,107,960,660,300,0,500,5,496,4,86,135,66,152,32,19,0,0,0,0,0,0,0,0,2,0,0,0,0,4,0,0,52.083333333333336,0.8,99.2,17.338709677419356,27.21774193548387,13.306451612903224,30.64516129032258,6.451612903225806,3.8306451612903225,0.0,0.0,0.0,0.0,0.0,0.0,0.0,0.0,0.4032258064516129,0.0,0.0,0.0,0.0,0.8064516129032258,0.0,0.0
02108,02,108,838,413,425,0,346,10,343,3,50,121,61,72,25,11,0,0,0,0,0,0,0,0,1,0,0,0,0,1,0,1,41.288782816229116,0.8670520231213872,99.13294797687861,14.577259475218659,35.27696793002916,17.784256559766764,20.99125364431487,7.288629737609329,3.206997084548105,0.0,0.0,0.0,0.0,0.0,0.0,0.0,0.0,0.2915451895043732,0.0,0.0,0.0,0.0,0.2915451895043732,0.0,0.2915451895043732
02109,02,109,1180,750,430,0,630,11,623,7,78,217,48,211,42,12,0,0,0,0,0,0,0,0,6,0,0,0,0,4,0,5,53.38983050847458,1.1111111111111112,98.88888888888889,12.520064205457466,34.831460674157306,7.704654895666131,33.86837881219903,6.741573033707865,1.9261637239165328,0.0,0.0,0.0,0.0,0.0,0.0,0.0,0.0,0.9630818619582664,0.0,0.0,0.0,0.0,0.6420545746388443,0.0,0.8025682182985553
02110,02,110,1063,591,472,0,474,9,462,12,75,174,38,129,28,13,0,0,0,0,0,0,0,0,3,0,0,0,0,1,0,1,44.590780809031045,2.5316455696202533,97.46835443037975,16.233766233766232,37.66233766233766,8.225108225108226,27.92207792207792,6.0606060606060606,2.813852813852814,0.0,0.0,0.0,0.0,0.0,0.0,0.0,0.0,0.6493506493506493,0.0,0.0,0.0,0.0,0.21645021645021645,0.0,0.21645021645021645
02111,02,111,1150,787,363,0,617,17,612,5,87,177,55,231,42,11,0,0,0,0,0,0,0,0,2,0,0,0,0,3,0,4,53.65217391304348,0.8103727714748784,99.18962722852513,14.215686274509803,28.921568627450984,8.986928104575163,37.745098039215684,6.862745098039216,1.7973856209150325,0.0,0.0,0.0,0.0,0.0,0.0,0.0,0.0,0.32679738562091504,0.0,0.0,0.0,0.0,0.49019607843137253,0.0,0.6535947712418301
02112,02,112,1305,794,511,0,612,22,604,8,89,200,58,200,35,12,0,0,0,0,0,0,0,0,3,0,0,0,0,2,0,5,46.89655172413793,1.3071895424836601,98.69281045751634,14.735099337748345,33.11258278145696,9.602649006622517,33.11258278145696,5.7947019867549665,1.9867549668874174,0.0,0.0,0.0,0.0,0.0,0.0,0.0,0.0,0.49668874172185434,0.0,0.0,0.0,0.0,0.33112582781456956,0.0,0.8278145695364238
02113,02,113,938,568,370,0,482,15,479,3,66,206,44,132,13,12,0,0,0,0,0,0,0,0,4,0,0,0,0,1,0,1,51.385927505330486,0.6224066390041494,99.37759336099586,13.778705636743215,43.0062630480167,9.18580375782881,27.55741127348643,2.7139874739039667,2.5052192066805845,0.0,0.0,0.0,0.0,0.0,0.0,0.0,0.0,0.8350730688935281,0.0,0.0,0.0,0.0,0.20876826722338201,0.0,0.20876826722338201
02114,02,114,842,514,328,0,451,19,443,8,44,180,34,155,19,7,0,0,0,0,0,0,0,0,0,0,0,0,0,2,0,2,53.56294536817102,1.7738359201773837,98.22616407982262,9.932279909706546,40.63205417607224,7.674943566591422,34.988713318284425,4.288939051918736,1.580135440180587,0.0,0.0,0.0,0.0,0.0,0.0,0.0,0.0,0.0,0.0,0.0,0.0,0.0,0.4514672686230248,0.0,0.4514672686230248
02115,02,115,824,526,298,0,442,7,442,0,63,169,20,167,13,7,0,0,0,0,0,0,0,0,0,0,0,0,0,1,0,2,53.640776699029125,0.0,100.0,14.25339366515837,38.23529411764706,4.524886877828054,37.782805429864254,2.941176470588235,1.583710407239819,0.0,0.0,0.0,0.0,0.0,0.0,0.0,0.0,0.0,0.0,0.0,0.0,0.0,0.22624434389140274,0.0,0.4524886877828055
02116,02,116,1023,645,378,0,538,21,533,5,82,203,35,159,38,7,0,0,0,0,0,0,0,0,2,0,0,0,0,4,0,3,52.59042033235581,0.929368029739777,99.07063197026022,15.384615384615385,38.08630393996248,6.566604127579738,29.831144465290805,7.129455909943714,1.3133208255159476,0.0,0.0,0.0,0.0,0.0,0.0,0.0,0.0,0.37523452157598497,0.0,0.0,0.0,0.0,0.7504690431519699,0.0,0.5628517823639775
02117,02,117,1098,707,391,0,554,14,547,7,63,224,46,173,31,6,0,0,0,0,0,0,0,0,2,0,0,0,0,0,0,2,50.45537340619308,1.263537906137184,98.73646209386283,11.517367458866545,40.95063985374772,8.409506398537477,31.62705667276051,5.6672760511883,1.0968921389396709,0.0,0.0,0.0,0.0,0.0,0.0,0.0,0.0,0.3656307129798903,0.0,0.0,0.0,0.0,0.0,0.0,0.3656307129798903
02118,02,118,679,456,223,0,352,15,348,4,47,104,35,141,15,2,0,0,0,0,0,0,0,0,2,0,0,0,0,1,0,1,51.840942562592055,1.1363636363636365,98.86363636363636,13.505747126436782,29.88505747126437,10.057471264367816,40.51724137931034,4.310344827586207,0.5747126436781609,0.0,0.0,0.0,0.0,0.0,0.0,0.0,0.0,0.5747126436781609,0.0,0.0,0.0,0.0,0.28735632183908044,0.0,0.28735632183908044
02119,02,119,844,537,307,0,450,13,449,1,45,165,32,175,18,8,0,0,0,0,0,0,0,0,3,0,0,0,0,2,0,1,53.317535545023695,0.2222222222222222,99.77777777777777,10.022271714922049,36.74832962138085,7.126948775055679,38.97550111358575,4.008908685968819,1.7817371937639197,0.0,0.0,0.0,0.0,0.0,0.0,0.0,0.0,0.6681514476614699,0.0,0.0,0.0,0.0,0.4454342984409799,0.0,0.22271714922048996
02120,02,120,816,536,280,0,434,14,427,7,70,136,31,153,23,8,0,0,0,0,0,0,0,0,1,0,0,0,0,4,0,1,53.18627450980392,1.6129032258064515,98.38709677419355,16.39344262295082,31.85011709601874,7.259953161592506,35.831381733021075,5.386416861826698,1.873536299765808,0.0,0.0,0.0,0.0,0.0,0.0,0.0,0.0,0.234192037470726,0.0,0.0,0.0,0.0,0.936768149882904,0.0,0.234192037470726
02121,02,121,867,547,320,0,440,6,439,1,64,151,30,165,15,6,0,0,0,0,0,0,0,0,2,0,0,0,0,2,0,4,50.74971164936562,0.22727272727272727,99.77272727272727,14.578587699316628,34.39635535307517,6.83371298405467,37.58542141230068,3.416856492027335,1.366742596810934,0.0,0.0,0.0,0.0,0.0,0.0,0.0,0.0,0.45558086560364464,0.0,0.0,0.0,0.0,0.45558086560364464,0.0,0.9111617312072893
02122,02,122,1060,650,410,0,518,14,512,6,62,168,40,207,19,10,0,0,0,0,0,0,0,0,1,0,0,0,0,1,0,4,48.867924528301884,1.1583011583011582,98.84169884169884,12.109375,32.8125,7.8125,40.4296875,3.7109375,1.953125,0.0,0.0,0.0,0.0,0.0,0.0,0.0,0.0,0.1953125,0.0,0.0,0.0,0.0,0.1953125,0.0,0.78125
02123,02,123,716,439,277,0,380,20,377,3,59,144,21,125,18,5,0,0,0,0,0,0,0,0,1,0,0,0,0,2,0,2,53.072625698324025,0.7894736842105263,99.21052631578947,15.649867374005305,38.196286472148536,5.570291777188329,33.15649867374005,4.774535809018567,1.3262599469496021,0.0,0.0,0.0,0.0,0.0,0.0,0.0,0.0,0.2652519893899204,0.0,0.0,0.0,0.0,0.5305039787798408,0.0,0.5305039787798408
02124,02,124,1352,796,556,0,700,26,694,6,82,287,58,198,41,17,0,0,0,0,0,0,0,0,4,0,0,0,0,4,0,3,51.77514792899408,0.8571428571428572,99.14285714285714,11.815561959654179,41.35446685878962,8.357348703170029,28.530259365994237,5.9077809798270895,2.4495677233429394,0.0,0.0,0.0,0.0,0.0,0.0,0.0,0.0,0.5763688760806917,0.0,0.0,0.0,0.0,0.5763688760806917,0.0,0.43227665706051877
02125,02,125,1369,846,523,0,754,18,742,12,76,355,37,219,32,16,0,0,0,0,0,0,0,0,3,0,0,0,0,3,0,1,55.07669831994156,1.5915119363395225,98.40848806366049,10.242587601078167,47.84366576819407,4.986522911051213,29.514824797843666,4.31266846361186,2.15633423180593,0.0,0.0,0.0,0.0,0.0,0.0,0.0,0.0,0.40431266846361186,0.0,0.0,0.0,0.0,0.40431266846361186,0.0,0.13477088948787064
02126,02,126,930,588,342,0,526,19,515,11,61,201,40,174,22,12,0,0,0,0,0,0,0,0,0,0,0,0,0,1,0,4,56.55913978494623,2.091254752851711,97.90874524714829,11.844660194174757,39.029126213592235,7.766990291262135,33.78640776699029,4.271844660194175,2.3300970873786406,0.0,0.0,0.0,0.0,0.0,0.0,0.0,0.0,0.0,0.0,0.0,0.0,0.0,0.1941747572815534,0.0,0.7766990291262136
02127,02,127,888,559,329,0,471,12,468,3,68,196,36,136,22,7,0,0,0,0,0,0,0,0,1,0,0,0,0,2,0,0,53.04054054054054,0.6369426751592357,99.36305732484077,14.529914529914532,41.88034188034188,7.6923076923076925,29.059829059829063,4.700854700854701,1.4957264957264957,0.0,0.0,0.0,0.0,0.0,0.0,0.0,0.0,0.2136752136752137,0.0,0.0,0.0,0.0,0.4273504273504274,0.0,0.0
02128,02,128,1262,722,540,0,592,28,586,6,98,232,33,186,28,6,0,0,0,0,0,0,0,0,1,0,0,0,0,2,0,0,46.90966719492869,1.0135135135135136,98.98648648648648,16.723549488054605,39.59044368600683,5.631399317406143,31.74061433447099,4.778156996587031,1.023890784982935,0.0,0.0,0.0,0.0,0.0,0.0,0.0,0.0,0.17064846416382254,0.0,0.0,0.0,0.0,0.3412969283276451,0.0,0.0
02129,02,129,1248,665,583,0,587,17,582,5,76,234,71,143,31,20,0,0,0,0,0,0,0,0,3,0,0,0,0,2,0,2,47.03525641025641,0.8517887563884157,99.14821124361158,13.058419243986256,40.20618556701031,12.199312714776632,24.570446735395187,5.326460481099656,3.436426116838488,0.0,0.0,0.0,0.0,0.0,0.0,0.0,0.0,0.5154639175257731,0.0,0.0,0.0,0.0,0.3436426116838488,0.0,0.3436426116838488
021A,02,1A,0,0,0,0,877,877,862,15,175,235,132,228,55,27,0,0,0,0,0,0,0,0,1,0,0,0,0,5,0,4,inf,1.7103762827822122,98.2896237172178,20.301624129930396,27.262180974477957,15.31322505800464,26.450116009280745,6.380510440835267,3.1322505800464038,0.0,0.0,0.0,0.0,0.0,0.0,0.0,0.0,0.11600928074245939,0.0,0.0,0.0,0.0,0.580046403712297,0.0,0.46403712296983757
021B,02,1B,0,0,0,0,692,692,690,2,123,176,117,226,21,15,0,0,0,0,0,0,0,0,1,0,0,0,0,7,0,4,inf,0.2890173410404624,99.71098265895954,17.82608695652174,25.507246376811594,16.956521739130434,32.7536231884058,3.0434782608695654,2.1739130434782608,0.0,0.0,0.0,0.0,0.0,0.0,0.0,0.0,0.14492753623188406,0.0,0.0,0.0,0.0,1.0144927536231882,0.0,0.5797101449275363
021C,02,1C,0,0,0,0,791,791,787,4,110,321,121,158,32,39,0,0,0,0,0,0,0,0,2,0,0,0,0,2,0,2,inf,0.5056890012642226,99.49431099873578,13.97712833545108,40.78780177890724,15.374841168996186,20.076238881829735,4.066073697585769,4.955527318932655,0.0,0.0,0.0,0.0,0.0,0.0,0.0,0.0,0.25412960609911056,0.0,0.0,0.0,0.0,0.25412960609911056,0.0,0.25412960609911056
021D,02,1D,0,0,0,0,761,761,758,3,113,289,74,222,25,21,0,0,0,0,0,0,0,0,1,0,0,0,0,11,0,2,inf,0.39421813403416556,99.60578186596584,14.907651715039577,38.12664907651715,9.762532981530343,29.287598944591032,3.2981530343007917,2.7704485488126647,0.0,0.0,0.0,0.0,0.0,0.0,0.0,0.0,0.13192612137203166,0.0,0.0,0.0,0.0,1.4511873350923483,0.0,0.2638522427440633
021E,02,1E,0,0,0,0,693,693,691,2,107,299,62,185,19,15,0,0,0,0,0,0,0,0,0,0,0,0,0,2,0,2,inf,0.2886002886002886,99.71139971139971,15.48480463096961,43.27062228654125,8.972503617945007,26.772793053545584,2.7496382054992763,2.170767004341534,0.0,0.0,0.0,0.0,0.0,0.0,0.0,0.0,0.0,0.0,0.0,0.0,0.0,0.2894356005788712,0.0,0.2894356005788712
021F,02,1F,0,0,0,0,630,630,625,5,72,279,65,168,16,14,0,0,0,0,0,0,0,0,4,0,0,0,0,3,0,4,inf,0.7936507936507936,99.20634920634922,11.52,44.64,10.4,26.88,2.56,2.2399999999999998,0.0,0.0,0.0,0.0,0.0,0.0,0.0,0.0,0.64,0.0,0.0,0.0,0.0,0.48,0.0,0.64
021G,02,1G,0,0,0,0,597,597,595,2,88,252,45,177,13,9,0,0,0,0,0,0,0,0,8,0,0,0,0,3,0,0,inf,0.33500837520938026,99.66499162479062,14.789915966386555,42.35294117647059,7.563025210084033,29.747899159663866,2.1848739495798317,1.5126050420168067,0.0,0.0,0.0,0.0,0.0,0.0,0.0,0.0,1.3445378151260505,0.0,0.0,0.0,0.0,0.5042016806722689,0.0,0.0
021H,02,1H,0,0,0,0,597,597,595,2,143,215,43,154,19,13,0,0,0,0,0,0,0,0,1,0,0,0,0,2,0,5,inf,0.33500837520938026,99.66499162479062,24.03361344537815,36.134453781512605,7.226890756302522,25.882352941176475,3.1932773109243695,2.1848739495798317,0.0,0.0,0.0,0.0,0.0,0.0,0.0,0.0,0.16806722689075632,0.0,0.0,0.0,0.0,0.33613445378151263,0.0,0.8403361344537815
021J,02,1J,0,0,0,0,701,701,696,5,121,270,105,152,24,14,0,0,0,0,0,0,0,0,4,0,0,0,0,5,0,1,inf,0.7132667617689016,99.2867332382311,17.385057471264368,38.793103448275865,15.086206896551724,21.839080459770116,3.4482758620689653,2.0114942528735633,0.0,0.0,0.0,0.0,0.0,0.0,0.0,0.0,0.5747126436781609,0.0,0.0,0.0,0.0,0.7183908045977011,0.0,0.14367816091954022
021K,02,1K,0,0,0,0,896,896,889,7,103,396,75,256,25,21,0,0,0,0,0,0,0,0,3,0,0,0,0,5,0,5,inf,0.78125,99.21875,11.586051743532058,44.54443194600675,8.43644544431946,28.79640044994376,2.81214848143982,2.3622047244094486,0.0,0.0,0.0,0.0,0.0,0.0,0.0,0.0,0.3374578177727784,0.0,0.0,0.0,0.0,0.562429696287964,0.0,0.562429696287964
021L,02,1L,0,0,0,0,789,789,785,4,119,355,80,205,16,8,0,0,0,0,0,0,0,0,1,0,0,0,0,1,0,0,inf,0.5069708491761723,99.49302915082383,15.159235668789808,45.22292993630573,10.191082802547772,26.11464968152866,2.038216560509554,1.019108280254777,0.0,0.0,0.0,0.0,0.0,0.0,0.0,0.0,0.12738853503184713,0.0,0.0,0.0,0.0,0.12738853503184713,0.0,0.0
021M,02,1M,0,0,0,0,776,776,773,3,111,317,74,229,13,20,0,0,0,0,0,0,0,0,3,0,0,0,0,3,0,3,inf,0.3865979381443299,99.61340206185567,14.359637774902975,41.00905562742562,9.573091849935317,29.6248382923674,1.6817593790426906,2.58732212160414,0.0,0.0,0.0,0.0,0.0,0.0,0.0,0.0,0.38809831824062097,0.0,0.0,0.0,0.0,0.38809831824062097,0.0,0.38809831824062097
021N,02,1N,0,0,0,0,539,539,535,4,93,228,85,85,24,16,0,0,0,0,0,0,0,0,2,0,0,0,0,2,0,0,inf,0.7421150278293136,99.25788497217069,17.38317757009346,42.61682242990654,15.887850467289718,15.887850467289718,4.485981308411215,2.990654205607477,0.0,0.0,0.0,0.0,0.0,0.0,0.0,0.0,0.3738317757009346,0.0,0.0,0.0,0.0,0.3738317757009346,0.0,0.0
02201,02,201,880,575,305,0,484,24,481,3,53,158,30,205,20,8,0,0,0,0,0,0,0,0,2,0,0,0,0,3,0,2,55.00000000000001,0.6198347107438017,99.3801652892562,11.01871101871102,32.84823284823285,6.237006237006238,42.61954261954262,4.158004158004158,1.6632016632016633,0.0,0.0,0.0,0.0,0.0,0.0,0.0,0.0,0.4158004158004158,0.0,0.0,0.0,0.0,0.6237006237006237,0.0,0.4158004158004158
02202,02,202,1046,707,339,0,592,13,585,7,59,188,24,275,25,2,0,0,0,0,0,0,0,0,4,0,0,0,0,6,0,2,56.59655831739961,1.1824324324324325,98.81756756756756,10.085470085470085,32.136752136752136,4.102564102564102,47.008547008547005,4.273504273504273,0.3418803418803419,0.0,0.0,0.0,0.0,0.0,0.0,0.0,0.0,0.6837606837606838,0.0,0.0,0.0,0.0,1.0256410256410255,0.0,0.3418803418803419
02203,02,203,906,586,320,0,486,17,483,3,38,153,18,248,15,5,0,0,0,0,0,0,0,0,2,0,0,0,0,1,0,3,53.64238410596026,0.6172839506172839,99.38271604938271,7.867494824016563,31.67701863354037,3.7267080745341614,51.345755693581786,3.1055900621118013,1.0351966873706004,0.0,0.0,0.0,0.0,0.0,0.0,0.0,0.0,0.4140786749482402,0.0,0.0,0.0,0.0,0.2070393374741201,0.0,0.6211180124223602
02204,02,204,1021,676,345,0,491,10,486,5,67,152,22,219,18,5,0,0,0,0,0,0,0,0,2,0,0,0,0,0,0,1,48.09010773751224,1.0183299389002036,98.98167006109979,13.786008230452676,31.275720164609055,4.526748971193416,45.06172839506173,3.7037037037037033,1.02880658436214,0.0,0.0,0.0,0.0,0.0,0.0,0.0,0.0,0.411522633744856,0.0,0.0,0.0,0.0,0.0,0.0,0.205761316872428
02205,02,205,1015,667,348,0,552,10,547,5,65,129,21,290,24,10,0,0,0,0,0,0,0,0,1,0,0,0,0,2,0,5,54.38423645320197,0.9057971014492754,99.09420289855072,11.882998171846435,23.583180987202926,3.8391224862888484,53.016453382084094,4.387568555758683,1.8281535648994516,0.0,0.0,0.0,0.0,0.0,0.0,0.0,0.0,0.18281535648994515,0.0,0.0,0.0,0.0,0.3656307129798903,0.0,0.9140767824497258
02206,02,206,966,646,320,0,534,21,531,3,66,143,34,257,18,8,0,0,0,0,0,0,0,0,0,0,0,0,0,3,0,2,55.27950310559007,0.5617977528089888,99.43820224719101,12.429378531073446,26.93032015065913,6.4030131826742,48.39924670433145,3.389830508474576,1.5065913370998116,0.0,0.0,0.0,0.0,0.0,0.0,0.0,0.0,0.0,0.0,0.0,0.0,0.0,0.5649717514124294,0.0,0.3766478342749529
02207,02,207,1305,883,422,0,683,10,671,12,77,226,34,261,40,15,0,0,0,0,0,0,0,0,2,0,0,0,0,8,0,8,52.337164750957854,1.7569546120058566,98.24304538799414,11.475409836065573,33.68107302533532,5.067064083457526,38.89716840536513,5.961251862891207,2.235469448584203,0.0,0.0,0.0,0.0,0.0,0.0,0.0,0.0,0.29806259314456035,0.0,0.0,0.0,0.0,1.1922503725782414,0.0,1.1922503725782414
02208,02,208,1131,692,439,0,575,24,570,5,58,220,49,210,20,9,0,0,0,0,0,0,0,0,2,0,0,0,0,1,0,1,50.83996463306808,0.8695652173913043,99.1304347826087,10.175438596491228,38.59649122807017,8.596491228070176,36.84210526315789,3.508771929824561,1.5789473684210527,0.0,0.0,0.0,0.0,0.0,0.0,0.0,0.0,0.3508771929824561,0.0,0.0,0.0,0.0,0.17543859649122806,0.0,0.17543859649122806
02209,02,209,1175,771,404,0,581,12,569,12,65,177,41,230,36,12,0,0,0,0,0,0,0,0,1,0,0,0,0,1,0,6,49.4468085106383,2.0654044750430294,97.93459552495698,11.423550087873462,31.107205623901578,7.205623901581721,40.421792618629176,6.32688927943761,2.10896309314587,0.0,0.0,0.0,0.0,0.0,0.0,0.0,0.0,0.17574692442882248,0.0,0.0,0.0,0.0,0.17574692442882248,0.0,1.054481546572935
02210,02,210,1220,767,453,0,585,16,578,7,53,164,38,286,19,8,0,0,0,0,0,0,0,0,4,0,0,0,0,2,0,4,47.950819672131146,1.1965811965811968,98.80341880341881,9.16955017301038,28.373702422145332,6.5743944636678195,49.48096885813148,3.2871972318339098,1.384083044982699,0.0,0.0,0.0,0.0,0.0,0.0,0.0,0.0,0.6920415224913495,0.0,0.0,0.0,0.0,0.34602076124567477,0.0,0.6920415224913495
02211,02,211,1114,761,353,0,586,8,580,6,84,171,32,252,25,7,0,0,0,0,0,0,0,0,0,0,0,0,0,6,0,3,52.6032315978456,1.023890784982935,98.97610921501706,14.482758620689657,29.48275862068965,5.517241379310345,43.44827586206896,4.310344827586207,1.206896551724138,0.0,0.0,0.0,0.0,0.0,0.0,0.0,0.0,0.0,0.0,0.0,0.0,0.0,1.0344827586206897,0.0,0.5172413793103449
02212,02,212,930,615,315,0,522,8,518,4,55,169,23,237,19,10,0,0,0,0,0,0,0,0,2,0,0,0,0,1,0,2,56.12903225806451,0.7662835249042145,99.23371647509579,10.617760617760617,32.625482625482626,4.440154440154441,45.75289575289575,3.667953667953668,1.9305019305019304,0.0,0.0,0.0,0.0,0.0,0.0,0.0,0.0,0.3861003861003861,0.0,0.0,0.0,0.0,0.19305019305019305,0.0,0.3861003861003861
02213,02,213,1118,718,400,0,540,12,535,5,74,127,17,269,30,13,0,0,0,0,0,0,0,0,4,0,0,0,0,0,0,1,48.3005366726297,0.9259259259259258,99.07407407407408,13.831775700934578,23.738317757009344,3.177570093457944,50.280373831775705,5.607476635514018,2.4299065420560746,0.0,0.0,0.0,0.0,0.0,0.0,0.0,0.0,0.7476635514018692,0.0,0.0,0.0,0.0,0.0,0.0,0.1869158878504673
02214,02,214,948,675,273,0,441,9,429,12,66,81,24,226,20,6,0,0,0,0,0,0,0,0,2,0,0,0,0,2,0,2,46.51898734177215,2.7210884353741496,97.27891156462584,15.384615384615385,18.88111888111888,5.594405594405594,52.680652680652685,4.662004662004662,1.3986013986013985,0.0,0.0,0.0,0.0,0.0,0.0,0.0,0.0,0.4662004662004662,0.0,0.0,0.0,0.0,0.4662004662004662,0.0,0.4662004662004662
02215,02,215,900,765,135,0,469,4,463,6,86,64,24,263,9,7,0,0,0,0,0,0,0,0,5,0,0,0,0,3,0,2,52.11111111111111,1.279317697228145,98.72068230277186,18.57451403887689,13.822894168466524,5.183585313174946,56.803455723542115,1.9438444924406046,1.511879049676026,0.0,0.0,0.0,0.0,0.0,0.0,0.0,0.0,1.079913606911447,0.0,0.0,0.0,0.0,0.6479481641468683,0.0,0.4319654427645789
02216,02,216,834,541,293,0,479,10,472,7,62,161,21,197,19,3,0,0,0,0,0,0,0,0,2,0,0,0,0,4,0,3,57.434052757793765,1.4613778705636742,98.53862212943632,13.135593220338984,34.11016949152542,4.4491525423728815,41.73728813559322,4.025423728813559,0.6355932203389831,0.0,0.0,0.0,0.0,0.0,0.0,0.0,0.0,0.423728813559322,0.0,0.0,0.0,0.0,0.847457627118644,0.0,0.6355932203389831
02217,02,217,1042,635,407,0,511,14,508,3,63,194,31,194,16,6,0,0,0,0,0,0,0,0,1,0,0,0,0,1,0,2,49.04030710172745,0.5870841487279843,99.412915851272,12.401574803149607,38.188976377952756,6.102362204724409,38.188976377952756,3.149606299212598,1.1811023622047243,0.0,0.0,0.0,0.0,0.0,0.0,0.0,0.0,0.19685039370078738,0.0,0.0,0.0,0.0,0.19685039370078738,0.0,0.39370078740157477
02218,02,218,1159,736,423,0,660,17,656,4,66,294,33,211,37,8,0,0,0,0,0,0,0,0,1,0,0,0,0,5,0,1,56.94564279551337,0.6060606060606061,99.39393939393939,10.060975609756099,44.81707317073171,5.0304878048780495,32.16463414634146,5.640243902439025,1.2195121951219512,0.0,0.0,0.0,0.0,0.0,0.0,0.0,0.0,0.1524390243902439,0.0,0.0,0.0,0.0,0.7621951219512195,0.0,0.1524390243902439
02219,02,219,968,643,325,0,474,8,469,5,60,164,26,188,18,8,0,0,0,0,0,0,0,0,2,0,0,0,0,1,0,2,48.96694214876033,1.0548523206751055,98.94514767932489,12.79317697228145,34.9680170575693,5.543710021321962,40.085287846481876,3.8379530916844353,1.7057569296375266,0.0,0.0,0.0,0.0,0.0,0.0,0.0,0.0,0.42643923240938164,0.0,0.0,0.0,0.0,0.21321961620469082,0.0,0.42643923240938164
02220,02,220,1119,715,404,0,581,14,577,4,58,216,36,212,30,11,0,0,0,0,0,0,0,0,4,0,0,0,0,7,0,3,51.921358355674705,0.6884681583476765,99.31153184165233,10.051993067590988,37.43500866551127,6.239168110918544,36.741767764298096,5.1993067590987865,1.9064124783362217,0.0,0.0,0.0,0.0,0.0,0.0,0.0,0.0,0.6932409012131715,0.0,0.0,0.0,0.0,1.2131715771230502,0.0,0.5199306759098787
02221,02,221,924,606,318,0,441,21,435,6,50,135,14,209,21,3,0,0,0,0,0,0,0,0,1,0,0,0,0,2,0,0,47.72727272727273,1.3605442176870748,98.63945578231292,11.494252873563218,31.03448275862069,3.218390804597701,48.04597701149425,4.827586206896552,0.6896551724137931,0.0,0.0,0.0,0.0,0.0,0.0,0.0,0.0,0.22988505747126436,0.0,0.0,0.0,0.0,0.45977011494252873,0.0,0.0
02222,02,222,1120,778,342,0,625,24,621,4,63,196,44,278,25,7,0,0,0,0,0,0,0,0,3,0,0,0,0,2,0,3,55.80357142857143,0.64,99.36,10.144927536231885,31.561996779388085,7.085346215780998,44.76650563607085,4.025764895330113,1.1272141706924315,0.0,0.0,0.0,0.0,0.0,0.0,0.0,0.0,0.4830917874396135,0.0,0.0,0.0,0.0,0.322061191626409,0.0,0.4830917874396135
02223,02,223,823,663,160,0,390,11,386,4,54,54,23,227,14,8,0,0,0,0,0,0,0,0,4,0,0,0,0,1,0,1,47.38760631834751,1.0256410256410255,98.97435897435898,13.989637305699482,13.989637305699482,5.958549222797927,58.80829015544041,3.6269430051813467,2.072538860103627,0.0,0.0,0.0,0.0,0.0,0.0,0.0,0.0,1.0362694300518136,0.0,0.0,0.0,0.0,0.2590673575129534,0.0,0.2590673575129534
02224,02,224,935,593,342,0,472,16,468,4,48,178,27,182,25,5,0,0,0,0,0,0,0,0,1,0,0,0,0,1,0,1,50.48128342245989,0.847457627118644,99.15254237288136,10.256410256410255,38.034188034188034,5.769230769230769,38.88888888888889,5.3418803418803416,1.0683760683760684,0.0,0.0,0.0,0.0,0.0,0.0,0.0,0.0,0.2136752136752137,0.0,0.0,0.0,0.0,0.2136752136752137,0.0,0.2136752136752137
02225,02,225,701,402,299,0,356,8,353,3,48,131,27,111,27,6,0,0,0,0,0,0,0,0,2,0,0,0,0,1,0,0,50.78459343794579,0.8426966292134831,99.15730337078652,13.59773371104816,37.110481586402265,7.64872521246459,31.444759206798867,7.64872521246459,1.69971671388102,0.0,0.0,0.0,0.0,0.0,0.0,0.0,0.0,0.56657223796034,0.0,0.0,0.0,0.0,0.28328611898017,0.0,0.0
02226,02,226,1319,803,516,0,691,17,686,5,93,247,59,232,39,10,0,0,0,0,0,0,0,0,3,0,0,0,0,2,0,1,52.388172858225936,0.723589001447178,99.27641099855282,13.556851311953352,36.005830903790084,8.60058309037901,33.819241982507286,5.685131195335277,1.4577259475218658,0.0,0.0,0.0,0.0,0.0,0.0,0.0,0.0,0.43731778425655976,0.0,0.0,0.0,0.0,0.2915451895043732,0.0,0.1457725947521866
022A,02,2A,0,0,0,0,867,867,865,2,88,318,48,372,13,13,0,0,0,0,0,0,0,0,0,0,0,0,0,7,0,6,inf,0.2306805074971165,99.76931949250289,10.173410404624278,36.763005780346816,5.5491329479768785,43.00578034682081,1.5028901734104045,1.5028901734104045,0.0,0.0,0.0,0.0,0.0,0.0,0.0,0.0,0.0,0.0,0.0,0.0,0.0,0.8092485549132947,0.0,0.6936416184971098
022B,02,2B,0,0,0,0,596,596,595,1,43,252,24,242,21,6,0,0,0,0,0,0,0,0,0,0,0,0,0,6,0,1,inf,0.16778523489932887,99.83221476510067,7.226890756302522,42.35294117647059,4.033613445378151,40.67226890756302,3.5294117647058822,1.0084033613445378,0.0,0.0,0.0,0.0,0.0,0.0,0.0,0.0,0.0,0.0,0.0,0.0,0.0,1.0084033613445378,0.0,0.16806722689075632
022C,02,2C,0,0,0,0,648,648,644,4,52,266,43,252,16,6,0,0,0,0,0,0,0,0,3,0,0,0,0,3,0,3,inf,0.6172839506172839,99.38271604938271,8.074534161490684,41.30434782608695,6.6770186335403725,39.130434782608695,2.484472049689441,0.9316770186335404,0.0,0.0,0.0,0.0,0.0,0.0,0.0,0.0,0.4658385093167702,0.0,0.0,0.0,0.0,0.4658385093167702,0.0,0.4658385093167702
022D,02,2D,0,0,0,0,752,752,744,8,94,292,66,250,17,19,0,0,0,0,0,0,0,0,3,0,0,0,0,1,0,2,inf,1.0638297872340425,98.93617021276596,12.634408602150538,39.247311827956985,8.870967741935484,33.60215053763441,2.28494623655914,2.553763440860215,0.0,0.0,0.0,0.0,0.0,0.0,0.0,0.0,0.4032258064516129,0.0,0.0,0.0,0.0,0.13440860215053765,0.0,0.2688172043010753
022E,02,2E,0,0,0,0,728,728,726,2,72,306,40,283,11,7,0,0,0,0,0,0,0,0,2,0,0,0,0,3,0,2,inf,0.27472527472527475,99.72527472527473,9.917355371900827,42.14876033057851,5.5096418732782375,38.980716253443525,1.5151515151515151,0.9641873278236914,0.0,0.0,0.0,0.0,0.0,0.0,0.0,0.0,0.27548209366391185,0.0,0.0,0.0,0.0,0.4132231404958678,0.0,0.27548209366391185
022F,02,2F,0,0,0,0,904,904,900,4,96,347,60,339,20,22,0,0,0,0,0,0,0,0,4,0,0,0,0,6,0,6,inf,0.4424778761061947,99.5575221238938,10.666666666666668,38.55555555555556,6.666666666666667,37.666666666666664,2.2222222222222223,2.4444444444444446,0.0,0.0,0.0,0.0,0.0,0.0,0.0,0.0,0.4444444444444444,0.0,0.0,0.0,0.0,0.6666666666666667,0.0,0.6666666666666667
022G,02,2G,0,0,0,0,742,742,740,2,101,258,49,286,15,18,0,0,0,0,0,0,0,0,3,0,0,0,0,5,0,5,inf,0.2695417789757413,99.73045822102425,13.648648648648647,34.86486486486486,6.621621621621622,38.648648648648646,2.027027027027027,2.4324324324324325,0.0,0.0,0.0,0.0,0.0,0.0,0.0,0.0,0.40540540540540543,0.0,0.0,0.0,0.0,0.6756756756756757,0.0,0.6756756756756757
022H,02,2H,0,0,0,0,671,671,666,5,73,302,55,204,15,11,0,0,0,0,0,0,0,0,2,0,0,0,0,2,0,2,inf,0.7451564828614009,99.2548435171386,10.96096096096096,45.34534534534534,8.258258258258259,30.630630630630627,2.2522522522522523,1.6516516516516515,0.0,0.0,0.0,0.0,0.0,0.0,0.0,0.0,0.3003003003003003,0.0,0.0,0.0,0.0,0.3003003003003003,0.0,0.3003003003003003
022J,02,2J,0,0,0,0,670,670,668,2,77,292,45,214,21,12,0,0,0,0,0,0,0,0,1,0,0,0,0,5,0,1,inf,0.2985074626865672,99.70149253731343,11.526946107784433,43.712574850299404,6.736526946107785,32.035928143712574,3.143712574850299,1.7964071856287425,0.0,0.0,0.0,0.0,0.0,0.0,0.0,0.0,0.14970059880239522,0.0,0.0,0.0,0.0,0.7485029940119761,0.0,0.14970059880239522
022K,02,2K,0,0,0,0,700,700,697,3,87,268,45,263,16,6,0,0,0,0,0,0,0,0,2,0,0,0,0,7,0,3,inf,0.4285714285714286,99.57142857142857,12.48206599713056,38.45050215208035,6.456241032998565,37.73314203730273,2.295552367288379,0.860832137733142,0.0,0.0,0.0,0.0,0.0,0.0,0.0,0.0,0.2869440459110474,0.0,0.0,0.0,0.0,1.0043041606886656,0.0,0.430416068866571
022L,02,2L,0,0,0,0,761,761,756,5,91,339,69,215,20,14,0,0,0,0,0,0,0,0,3,0,0,0,0,3,0,2,inf,0.657030223390276,99.34296977660972,12.037037037037036,44.84126984126984,9.126984126984127,28.439153439153444,2.6455026455026456,1.8518518518518516,0.0,0.0,0.0,0.0,0.0,0.0,0.0,0.0,0.3968253968253968,0.0,0.0,0.0,0.0,0.3968253968253968,0.0,0.26455026455026454
02301,02,301,1130,726,404,0,659,21,652,7,90,266,49,207,24,11,0,0,0,0,0,0,0,0,1,0,0,0,0,1,0,3,58.31858407079646,1.062215477996965,98.93778452200304,13.803680981595093,40.79754601226993,7.515337423312883,31.74846625766871,3.6809815950920246,1.687116564417178,0.0,0.0,0.0,0.0,0.0,0.0,0.0,0.0,0.15337423312883436,0.0,0.0,0.0,0.0,0.15337423312883436,0.0,0.4601226993865031
02302,02,302,1254,755,499,0,681,13,668,13,88,298,65,181,20,12,0,0,0,0,0,0,0,0,2,0,0,0,0,2,0,0,54.30622009569378,1.908957415565345,98.09104258443465,13.17365269461078,44.61077844311377,9.73053892215569,27.095808383233532,2.9940119760479043,1.7964071856287425,0.0,0.0,0.0,0.0,0.0,0.0,0.0,0.0,0.29940119760479045,0.0,0.0,0.0,0.0,0.29940119760479045,0.0,0.0
02303,02,303,1195,750,445,0,575,19,571,4,80,182,34,219,35,10,0,0,0,0,0,0,0,0,5,0,0,0,0,3,0,3,48.11715481171548,0.6956521739130435,99.30434782608695,14.010507880910684,31.873905429071804,5.954465849387041,38.353765323992995,6.129597197898424,1.7513134851138354,0.0,0.0,0.0,0.0,0.0,0.0,0.0,0.0,0.8756567425569177,0.0,0.0,0.0,0.0,0.5253940455341506,0.0,0.5253940455341506
02304,02,304,1080,686,394,0,586,20,583,3,79,214,47,192,31,16,0,0,0,0,0,0,0,0,3,0,0,0,0,1,0,0,54.25925925925926,0.5119453924914675,99.48805460750853,13.550600343053173,36.706689536878216,8.061749571183533,32.933104631217844,5.317324185248713,2.7444253859348198,0.0,0.0,0.0,0.0,0.0,0.0,0.0,0.0,0.5145797598627788,0.0,0.0,0.0,0.0,0.17152658662092624,0.0,0.0
02305,02,305,1099,703,396,0,582,11,571,11,87,211,47,187,21,9,0,0,0,0,0,0,0,0,5,0,0,0,0,1,0,3,52.95723384895359,1.8900343642611683,98.10996563573883,15.236427320490368,36.952714535901926,8.231173380035026,32.749562171628725,3.677758318739054,1.5761821366024518,0.0,0.0,0.0,0.0,0.0,0.0,0.0,0.0,0.8756567425569177,0.0,0.0,0.0,0.0,0.17513134851138354,0.0,0.5253940455341506
02306,02,306,1066,685,381,0,541,11,538,3,65,160,50,206,39,11,0,0,0,0,0,0,0,0,2,0,0,0,0,2,0,3,50.750469043151966,0.5545286506469501,99.44547134935306,12.0817843866171,29.739776951672862,9.293680297397769,38.28996282527881,7.24907063197026,2.0446096654275094,0.0,0.0,0.0,0.0,0.0,0.0,0.0,0.0,0.37174721189591076,0.0,0.0,0.0,0.0,0.37174721189591076,0.0,0.5576208178438662
02307,02,307,802,619,183,0,354,2,341,13,67,54,26,167,18,4,0,0,0,0,0,0,0,0,2,0,0,0,0,3,0,0,44.13965087281795,3.672316384180791,96.32768361581921,19.64809384164223,15.835777126099707,7.624633431085044,48.97360703812317,5.278592375366569,1.1730205278592376,0.0,0.0,0.0,0.0,0.0,0.0,0.0,0.0,0.5865102639296188,0.0,0.0,0.0,0.0,0.8797653958944283,0.0,0.0
02308,02,308,1231,920,311,0,601,8,591,10,132,91,76,197,65,19,0,0,0,0,0,0,0,0,5,0,0,0,0,2,0,4,48.82209585702681,1.6638935108153077,98.33610648918469,22.33502538071066,15.397631133671744,12.859560067681894,33.33333333333333,10.998307952622675,3.2148900169204735,0.0,0.0,0.0,0.0,0.0,0.0,0.0,0.0,0.8460236886632826,0.0,0.0,0.0,0.0,0.338409475465313,0.0,0.676818950930626
02309,02,309,828,606,222,0,403,10,387,16,57,87,35,170,21,7,0,0,0,0,0,0,0,0,8,0,0,0,0,2,0,0,48.671497584541065,3.970223325062035,96.02977667493796,14.728682170542637,22.48062015503876,9.043927648578812,43.927648578811365,5.426356589147287,1.8087855297157622,0.0,0.0,0.0,0.0,0.0,0.0,0.0,0.0,2.0671834625323,0.0,0.0,0.0,0.0,0.516795865633075,0.0,0.0
02310,02,310,1225,883,342,0,596,9,586,10,113,109,61,223,67,6,0,0,0,0,0,0,0,0,4,0,0,0,0,1,0,2,48.6530612244898,1.6778523489932886,98.3221476510067,19.283276450511945,18.600682593856654,10.409556313993173,38.05460750853242,11.433447098976108,1.023890784982935,0.0,0.0,0.0,0.0,0.0,0.0,0.0,0.0,0.6825938566552902,0.0,0.0,0.0,0.0,0.17064846416382254,0.0,0.3412969283276451
02311,02,311,1154,832,322,0,566,10,562,4,136,87,55,216,46,14,0,0,0,0,0,0,0,0,4,0,0,0,0,2,0,2,49.04679376083189,0.7067137809187279,99.29328621908127,24.199288256227756,15.480427046263346,9.786476868327403,38.43416370106761,8.185053380782918,2.491103202846975,0.0,0.0,0.0,0.0,0.0,0.0,0.0,0.0,0.7117437722419928,0.0,0.0,0.0,0.0,0.3558718861209964,0.0,0.3558718861209964
02312,02,312,766,577,189,0,385,6,382,3,56,68,36,176,30,14,0,0,0,0,0,0,0,0,1,0,0,0,0,1,0,0,50.26109660574413,0.7792207792207793,99.22077922077922,14.659685863874344,17.801047120418847,9.424083769633508,46.07329842931937,7.853403141361256,3.664921465968586,0.0,0.0,0.0,0.0,0.0,0.0,0.0,0.0,0.2617801047120419,0.0,0.0,0.0,0.0,0.2617801047120419,0.0,0.0
02313,02,313,836,665,171,0,471,6,459,12,95,32,54,191,63,14,0,0,0,0,0,0,0,0,4,0,0,0,0,0,0,6,56.33971291866029,2.547770700636943,97.45222929936305,20.697167755991288,6.971677559912854,11.76470588235294,41.61220043572985,13.725490196078432,3.0501089324618738,0.0,0.0,0.0,0.0,0.0,0.0,0.0,0.0,0.8714596949891068,0.0,0.0,0.0,0.0,0.0,0.0,1.3071895424836601
02314,02,314,1169,870,299,0,524,4,512,12,131,55,71,200,34,9,0,0,0,0,0,0,0,0,6,0,0,0,0,2,0,4,44.82463644140291,2.2900763358778624,97.70992366412213,25.5859375,10.7421875,13.8671875,39.0625,6.640625,1.7578125,0.0,0.0,0.0,0.0,0.0,0.0,0.0,0.0,1.171875,0.0,0.0,0.0,0.0,0.390625,0.0,0.78125
02315,02,315,1069,837,232,0,493,6,476,17,120,42,51,202,38,11,0,0,0,0,0,0,0,0,6,0,0,0,0,4,0,2,46.117867165575305,3.4482758620689653,96.55172413793103,25.210084033613445,8.823529411764707,10.714285714285714,42.436974789915965,7.9831932773109235,2.3109243697478994,0.0,0.0,0.0,0.0,0.0,0.0,0.0,0.0,1.2605042016806722,0.0,0.0,0.0,0.0,0.8403361344537815,0.0,0.42016806722689076
02316,02,316,1081,780,301,0,539,9,530,9,68,101,25,298,19,5,0,0,0,0,0,0,0,0,2,0,0,0,0,4,0,8,49.861239592969476,1.6697588126159555,98.33024118738405,12.830188679245284,19.056603773584907,4.716981132075472,56.22641509433962,3.5849056603773586,0.9433962264150944,0.0,0.0,0.0,0.0,0.0,0.0,0.0,0.0,0.37735849056603776,0.0,0.0,0.0,0.0,0.7547169811320755,0.0,1.509433962264151
02317,02,317,866,660,206,0,360,5,354,6,72,32,19,196,21,7,0,0,0,0,0,0,0,0,4,0,0,0,0,1,0,2,41.570438799076214,1.6666666666666667,98.33333333333333,20.33898305084746,9.03954802259887,5.367231638418079,55.367231638418076,5.932203389830509,1.977401129943503,0.0,0.0,0.0,0.0,0.0,0.0,0.0,0.0,1.1299435028248588,0.0,0.0,0.0,0.0,0.2824858757062147,0.0,0.5649717514124294
02318,02,318,913,633,280,0,384,8,374,10,55,99,21,183,9,2,0,0,0,0,0,0,0,0,0,0,0,0,0,1,0,4,42.0591456736035,2.604166666666667,97.39583333333334,14.705882352941178,26.47058823529412,5.614973262032086,48.93048128342246,2.406417112299465,0.53475935828877,0.0,0.0,0.0,0.0,0.0,0.0,0.0,0.0,0.0,0.0,0.0,0.0,0.0,0.267379679144385,0.0,1.06951871657754
02319,02,319,1298,884,414,0,696,19,681,15,83,193,22,339,23,9,0,0,0,0,0,0,0,0,3,0,0,0,0,4,0,5,53.62095531587057,2.1551724137931036,97.84482758620689,12.187958883994126,28.34067547723935,3.2305433186490458,49.77973568281938,3.3773861967694567,1.3215859030837005,0.0,0.0,0.0,0.0,0.0,0.0,0.0,0.0,0.4405286343612335,0.0,0.0,0.0,0.0,0.5873715124816447,0.0,0.7342143906020557
02320,02,320,1049,739,310,0,543,11,532,11,73,120,26,273,20,12,0,0,0,0,0,0,0,0,2,0,0,0,0,1,0,5,51.76358436606292,2.0257826887661143,97.97421731123389,13.721804511278195,22.55639097744361,4.887218045112782,51.31578947368421,3.7593984962406015,2.2556390977443606,0.0,0.0,0.0,0.0,0.0,0.0,0.0,0.0,0.37593984962406013,0.0,0.0,0.0,0.0,0.18796992481203006,0.0,0.9398496240601504
02321,02,321,910,655,255,0,495,6,483,12,64,104,20,253,25,3,0,0,0,0,0,0,0,0,1,0,0,0,0,7,0,6,54.395604395604394,2.4242424242424243,97.57575757575758,13.250517598343686,21.532091097308488,4.140786749482402,52.38095238095239,5.175983436853002,0.6211180124223602,0.0,0.0,0.0,0.0,0.0,0.0,0.0,0.0,0.2070393374741201,0.0,0.0,0.0,0.0,1.4492753623188406,0.0,1.2422360248447204
02322,02,322,1023,761,262,0,491,14,483,8,73,75,20,277,23,7,0,0,0,0,0,0,0,0,3,0,0,0,0,2,0,3,47.996089931573806,1.6293279022403258,98.37067209775967,15.113871635610765,15.527950310559005,4.140786749482402,57.34989648033127,4.761904761904762,1.4492753623188406,0.0,0.0,0.0,0.0,0.0,0.0,0.0,0.0,0.6211180124223602,0.0,0.0,0.0,0.0,0.4140786749482402,0.0,0.6211180124223602
02323,02,323,1117,780,337,0,608,14,604,4,73,143,20,326,19,14,0,0,0,0,0,0,0,0,1,0,0,0,0,8,0,0,54.43151298119964,0.6578947368421052,99.3421052631579,12.08609271523179,23.67549668874172,3.3112582781456954,53.973509933774835,3.145695364238411,2.3178807947019866,0.0,0.0,0.0,0.0,0.0,0.0,0.0,0.0,0.16556291390728478,0.0,0.0,0.0,0.0,1.3245033112582782,0.0,0.0
02324,02,324,1141,771,370,0,624,20,613,11,71,175,32,300,27,5,0,0,0,0,0,0,0,0,0,0,0,0,0,2,0,1,54.688869412795796,1.7628205128205128,98.23717948717949,11.582381729200652,28.548123980424144,5.220228384991843,48.939641109298535,4.404567699836868,0.8156606851549755,0.0,0.0,0.0,0.0,0.0,0.0,0.0,0.0,0.0,0.0,0.0,0.0,0.0,0.3262642740619902,0.0,0.1631321370309951
02325,02,325,1123,826,297,0,555,6,554,1,100,115,49,224,49,8,0,0,0,0,0,0,0,0,2,0,0,0,0,6,0,1,49.42119323241318,0.18018018018018017,99.81981981981983,18.050541516245488,20.75812274368231,8.844765342960288,40.43321299638989,8.844765342960288,1.444043321299639,0.0,0.0,0.0,0.0,0.0,0.0,0.0,0.0,0.36101083032490977,0.0,0.0,0.0,0.0,1.083032490974729,0.0,0.18050541516245489
02326,02,326,1094,695,399,0,593,14,588,5,79,197,19,249,25,10,0,0,0,0,0,0,0,0,1,0,0,0,0,6,0,2,54.20475319926874,0.8431703204047217,99.15682967959528,13.435374149659864,33.50340136054422,3.231292517006803,42.3469387755102,4.2517006802721085,1.7006802721088436,0.0,0.0,0.0,0.0,0.0,0.0,0.0,0.0,0.17006802721088435,0.0,0.0,0.0,0.0,1.0204081632653061,0.0,0.3401360544217687
02327,02,327,915,557,358,0,432,17,431,1,55,134,31,176,14,9,0,0,0,0,0,0,0,0,0,0,0,0,0,4,0,8,47.21311475409836,0.23148148148148145,99.76851851851852,12.761020881670534,31.09048723897912,7.192575406032482,40.835266821345705,3.248259860788863,2.088167053364269,0.0,0.0,0.0,0.0,0.0,0.0,0.0,0.0,0.0,0.0,0.0,0.0,0.0,0.9280742459396751,0.0,1.8561484918793503
023A,02,3A,0,0,0,0,761,761,756,5,93,319,65,232,24,17,0,0,0,0,0,0,0,0,2,0,0,0,0,3,0,1,inf,0.657030223390276,99.34296977660972,12.3015873015873,42.195767195767196,8.597883597883598,30.687830687830687,3.1746031746031744,2.2486772486772484,0.0,0.0,0.0,0.0,0.0,0.0,0.0,0.0,0.26455026455026454,0.0,0.0,0.0,0.0,0.3968253968253968,0.0,0.13227513227513227
023B,02,3B,0,0,0,0,781,781,772,9,97,281,91,241,38,13,0,0,0,0,0,0,0,0,4,0,0,0,0,5,0,2,inf,1.1523687580025608,98.84763124199743,12.564766839378239,36.39896373056995,11.78756476683938,31.21761658031088,4.922279792746114,1.6839378238341969,0.0,0.0,0.0,0.0,0.0,0.0,0.0,0.0,0.5181347150259068,0.0,0.0,0.0,0.0,0.6476683937823834,0.0,0.2590673575129534
023C,02,3C,0,0,0,0,713,713,709,4,94,318,65,201,10,13,0,0,0,0,0,0,0,0,3,0,0,0,0,4,0,1,inf,0.5610098176718092,99.4389901823282,13.258110014104371,44.851904090267986,9.167842031029618,28.34978843441467,1.4104372355430184,1.8335684062059237,0.0,0.0,0.0,0.0,0.0,0.0,0.0,0.0,0.4231311706629055,0.0,0.0,0.0,0.0,0.5641748942172073,0.0,0.14104372355430184
023D,02,3D,0,0,0,0,818,818,814,4,134,254,99,259,30,19,0,0,0,0,0,0,0,0,5,0,0,0,0,8,0,6,inf,0.4889975550122249,99.51100244498777,16.461916461916463,31.203931203931205,12.162162162162163,31.818181818181817,3.6855036855036856,2.334152334152334,0.0,0.0,0.0,0.0,0.0,0.0,0.0,0.0,0.6142506142506142,0.0,0.0,0.0,0.0,0.9828009828009828,0.0,0.7371007371007371
023E,02,3E,0,0,0,0,726,726,718,8,138,205,87,196,52,27,0,0,0,0,0,0,0,0,5,0,0,0,0,4,0,4,inf,1.1019283746556474,98.89807162534436,19.220055710306408,28.551532033426184,12.116991643454039,27.298050139275766,7.242339832869081,3.7604456824512535,0.0,0.0,0.0,0.0,0.0,0.0,0.0,0.0,0.6963788300835655,0.0,0.0,0.0,0.0,0.5571030640668524,0.0,0.5571030640668524
023F,02,3F,0,0,0,0,662,662,655,7,128,117,90,261,29,14,0,0,0,0,0,0,0,0,4,0,0,0,0,6,0,6,inf,1.0574018126888218,98.94259818731118,19.541984732824428,17.862595419847327,13.740458015267176,39.84732824427481,4.427480916030534,2.1374045801526718,0.0,0.0,0.0,0.0,0.0,0.0,0.0,0.0,0.6106870229007634,0.0,0.0,0.0,0.0,0.9160305343511451,0.0,0.9160305343511451
023G,02,3G,0,0,0,0,904,904,898,6,88,287,55,407,25,13,0,0,0,0,0,0,0,0,3,0,0,0,0,6,0,14,inf,0.6637168141592921,99.33628318584071,9.799554565701559,31.95991091314031,6.124721603563475,45.32293986636971,2.783964365256125,1.447661469933185,0.0,0.0,0.0,0.0,0.0,0.0,0.0,0.0,0.33407572383073497,0.0,0.0,0.0,0.0,0.6681514476614699,0.0,1.55902004454343
023H,02,3H,0,0,0,0,778,778,776,2,95,255,38,347,15,10,0,0,0,0,0,0,0,0,3,0,0,0,0,6,0,7,inf,0.2570694087403599,99.74293059125964,12.242268041237113,32.86082474226804,4.896907216494846,44.71649484536083,1.9329896907216495,1.2886597938144329,0.0,0.0,0.0,0.0,0.0,0.0,0.0,0.0,0.3865979381443299,0.0,0.0,0.0,0.0,0.7731958762886598,0.0,0.902061855670103
023J,02,3J,0,0,0,0,915,915,913,2,101,336,60,372,22,13,0,0,0,0,0,0,0,0,3,0,0,0,0,3,0,3,inf,0.2185792349726776,99.78142076502732,11.062431544359255,36.801752464403066,6.571741511500548,40.74479737130339,2.4096385542168677,1.4238773274917853,0.0,0.0,0.0,0.0,0.0,0.0,0.0,0.0,0.32858707557502737,0.0,0.0,0.0,0.0,0.32858707557502737,0.0,0.32858707557502737
023K,02,3K,0,0,0,0,589,589,584,5,74,191,63,206,27,12,0,0,0,0,0,0,0,0,2,0,0,0,0,2,0,7,inf,0.8488964346349746,99.15110356536503,12.67123287671233,32.70547945205479,10.787671232876713,35.273972602739725,4.623287671232877,2.054794520547945,0.0,0.0,0.0,0.0,0.0,0.0,0.0,0.0,0.3424657534246575,0.0,0.0,0.0,0.0,0.3424657534246575,0.0,1.1986301369863013
02401,02,401,1091,767,324,0,464,4,453,11,49,52,57,197,83,5,0,0,0,0,0,0,0,0,6,0,0,0,0,0,0,4,42.529789184234644,2.3706896551724137,97.62931034482759,10.816777041942604,11.479028697571744,12.582781456953644,43.4878587196468,18.322295805739515,1.1037527593818985,0.0,0.0,0.0,0.0,0.0,0.0,0.0,0.0,1.3245033112582782,0.0,0.0,0.0,0.0,0.0,0.0,0.8830022075055187
02402,02,402,1085,781,304,0,573,6,563,10,77,54,77,209,121,13,0,0,0,0,0,0,0,0,8,0,0,0,0,4,0,0,52.8110599078341,1.7452006980802792,98.25479930191972,13.676731793960922,9.591474245115453,13.676731793960922,37.12255772646537,21.49200710479574,2.3090586145648313,0.0,0.0,0.0,0.0,0.0,0.0,0.0,0.0,1.4209591474245116,0.0,0.0,0.0,0.0,0.7104795737122558,0.0,0.0
02403,02,403,1257,865,392,0,549,7,542,7,90,64,65,197,108,11,0,0,0,0,0,0,0,0,4,0,0,0,0,0,0,3,43.67541766109785,1.2750455373406193,98.72495446265937,16.605166051660518,11.808118081180812,11.992619926199263,36.34686346863469,19.92619926199262,2.029520295202952,0.0,0.0,0.0,0.0,0.0,0.0,0.0,0.0,0.7380073800738007,0.0,0.0,0.0,0.0,0.0,0.0,0.5535055350553505
02404,02,404,1047,704,343,0,501,11,490,11,58,32,62,193,122,8,0,0,0,0,0,0,0,0,6,0,0,0,0,8,0,1,47.85100286532951,2.19560878243513,97.80439121756487,11.83673469387755,6.530612244897959,12.653061224489795,39.38775510204081,24.897959183673468,1.6326530612244898,0.0,0.0,0.0,0.0,0.0,0.0,0.0,0.0,1.2244897959183674,0.0,0.0,0.0,0.0,1.6326530612244898,0.0,0.20408163265306123
02405,02,405,842,463,379,0,378,10,374,4,49,91,54,127,39,12,0,0,0,0,0,0,0,0,1,0,0,0,0,1,0,0,44.89311163895487,1.0582010582010581,98.94179894179894,13.101604278074866,24.331550802139038,14.43850267379679,33.9572192513369,10.427807486631016,3.2085561497326207,0.0,0.0,0.0,0.0,0.0,0.0,0.0,0.0,0.267379679144385,0.0,0.0,0.0,0.0,0.267379679144385,0.0,0.0
02406,02,406,979,651,328,0,505,19,499,6,68,103,46,190,71,17,0,0,0,0,0,0,0,0,2,0,0,0,0,0,0,2,51.5832482124617,1.188118811881188,98.8118811881188,13.627254509018035,20.64128256513026,9.218436873747494,38.07615230460922,14.228456913827655,3.406813627254509,0.0,0.0,0.0,0.0,0.0,0.0,0.0,0.0,0.4008016032064128,0.0,0.0,0.0,0.0,0.0,0.0,0.4008016032064128
02407,02,407,789,518,271,0,421,12,418,3,47,91,52,151,53,12,0,0,0,0,0,0,0,0,8,0,0,0,0,2,0,2,53.35868187579214,0.7125890736342043,99.2874109263658,11.24401913875598,21.770334928229666,12.440191387559809,36.124401913875595,12.679425837320574,2.8708133971291865,0.0,0.0,0.0,0.0,0.0,0.0,0.0,0.0,1.9138755980861244,0.0,0.0,0.0,0.0,0.4784688995215311,0.0,0.4784688995215311
02408,02,408,1029,594,435,0,501,12,497,4,70,145,58,142,49,26,0,0,0,0,0,0,0,0,3,0,0,0,0,3,0,1,48.68804664723032,0.7984031936127743,99.20159680638723,14.084507042253522,29.175050301810867,11.670020120724347,28.57142857142857,9.859154929577464,5.23138832997988,0.0,0.0,0.0,0.0,0.0,0.0,0.0,0.0,0.6036217303822937,0.0,0.0,0.0,0.0,0.6036217303822937,0.0,0.2012072434607646
02409,02,409,1040,676,364,0,520,13,515,5,85,102,72,166,67,15,0,0,0,0,0,0,0,0,7,0,0,0,0,1,0,0,50.0,0.9615384615384616,99.03846153846155,16.50485436893204,19.80582524271845,13.980582524271846,32.23300970873787,13.009708737864079,2.912621359223301,0.0,0.0,0.0,0.0,0.0,0.0,0.0,0.0,1.3592233009708738,0.0,0.0,0.0,0.0,0.1941747572815534,0.0,0.0
02410,02,410,1044,565,479,0,512,10,509,3,58,182,72,129,37,26,0,0,0,0,0,0,0,0,0,0,0,0,0,2,0,3,49.042145593869726,0.5859375,99.4140625,11.394891944990176,35.75638506876228,14.145383104125736,25.343811394891947,7.269155206286837,5.1080550098231825,0.0,0.0,0.0,0.0,0.0,0.0,0.0,0.0,0.0,0.0,0.0,0.0,0.0,0.3929273084479371,0.0,0.5893909626719057
02411,02,411,1120,707,413,0,550,4,544,6,93,84,76,187,79,16,0,0,0,0,0,0,0,0,6,0,0,0,0,1,0,2,49.107142857142854,1.090909090909091,98.9090909090909,17.09558823529412,15.441176470588236,13.970588235294118,34.375,14.522058823529413,2.941176470588235,0.0,0.0,0.0,0.0,0.0,0.0,0.0,0.0,1.1029411764705883,0.0,0.0,0.0,0.0,0.1838235294117647,0.0,0.3676470588235294
02412,02,412,1062,630,432,0,523,6,513,10,54,118,41,222,62,12,0,0,0,0,0,0,0,0,2,0,0,0,0,1,0,1,49.24670433145009,1.9120458891013385,98.08795411089865,10.526315789473683,23.00194931773879,7.992202729044834,43.27485380116959,12.085769980506821,2.3391812865497075,0.0,0.0,0.0,0.0,0.0,0.0,0.0,0.0,0.3898635477582846,0.0,0.0,0.0,0.0,0.1949317738791423,0.0,0.1949317738791423
02413,02,413,921,534,387,0,440,10,433,7,54,119,32,171,44,9,0,0,0,0,0,0,0,0,2,0,0,0,0,2,0,0,47.77415852334419,1.5909090909090908,98.4090909090909,12.471131639722865,27.48267898383372,7.390300230946882,39.4919168591224,10.161662817551962,2.0785219399538106,0.0,0.0,0.0,0.0,0.0,0.0,0.0,0.0,0.4618937644341801,0.0,0.0,0.0,0.0,0.4618937644341801,0.0,0.0
02414,02,414,901,521,380,0,420,7,416,4,55,132,43,138,20,22,0,0,0,0,0,0,0,0,4,0,0,0,0,1,0,1,46.614872364039954,0.9523809523809524,99.04761904761905,13.221153846153847,31.73076923076923,10.336538461538462,33.17307692307692,4.807692307692308,5.288461538461538,0.0,0.0,0.0,0.0,0.0,0.0,0.0,0.0,0.9615384615384616,0.0,0.0,0.0,0.0,0.2403846153846154,0.0,0.2403846153846154
02415,02,415,1163,760,403,0,617,10,607,10,70,143,53,217,91,16,0,0,0,0,0,0,0,0,6,0,0,0,0,8,0,3,53.0524505588994,1.6207455429497568,98.37925445705025,11.532125205930807,23.55848434925865,8.731466227347612,35.749588138385505,14.991762767710048,2.6359143327841847,0.0,0.0,0.0,0.0,0.0,0.0,0.0,0.0,0.9884678747940692,0.0,0.0,0.0,0.0,1.3179571663920924,0.0,0.4942339373970346
02416,02,416,1262,796,466,0,636,13,628,8,97,92,79,248,94,10,0,0,0,0,0,0,0,0,3,0,0,0,0,4,0,1,50.396196513470684,1.257861635220126,98.74213836477988,15.445859872611464,14.64968152866242,12.579617834394904,39.490445859872615,14.968152866242038,1.5923566878980893,0.0,0.0,0.0,0.0,0.0,0.0,0.0,0.0,0.47770700636942676,0.0,0.0,0.0,0.0,0.6369426751592357,0.0,0.15923566878980894
02417,02,417,1046,700,346,0,545,12,538,7,50,105,66,238,64,11,0,0,0,0,0,0,0,0,3,0,0,0,0,0,0,1,52.103250478011475,1.2844036697247707,98.71559633027523,9.293680297397769,19.516728624535315,12.267657992565056,44.237918215613384,11.895910780669144,2.0446096654275094,0.0,0.0,0.0,0.0,0.0,0.0,0.0,0.0,0.5576208178438662,0.0,0.0,0.0,0.0,0.0,0.0,0.18587360594795538
02418,02,418,1140,785,355,0,510,1,490,20,78,31,73,191,96,8,0,0,0,0,0,0,0,0,3,0,0,0,0,6,0,4,44.73684210526316,3.9215686274509802,96.07843137254902,15.918367346938775,6.326530612244897,14.897959183673471,38.9795918367347,19.591836734693878,1.6326530612244898,0.0,0.0,0.0,0.0,0.0,0.0,0.0,0.0,0.6122448979591837,0.0,0.0,0.0,0.0,1.2244897959183674,0.0,0.8163265306122449
02419,02,419,1279,891,388,0,616,6,609,7,99,100,90,198,100,12,0,0,0,0,0,0,0,0,5,0,0,0,0,4,0,1,48.16262705238468,1.1363636363636365,98.86363636363636,16.25615763546798,16.420361247947454,14.77832512315271,32.51231527093596,16.420361247947454,1.9704433497536946,0.0,0.0,0.0,0.0,0.0,0.0,0.0,0.0,0.8210180623973727,0.0,0.0,0.0,0.0,0.6568144499178982,0.0,0.16420361247947454
02420,02,420,877,580,297,0,424,3,416,8,54,46,58,147,89,18,0,0,0,0,0,0,0,0,3,0,0,0,0,1,0,0,48.346636259977195,1.8867924528301887,98.11320754716981,12.980769230769232,11.057692307692307,13.942307692307693,35.33653846153847,21.394230769230766,4.326923076923077,0.0,0.0,0.0,0.0,0.0,0.0,0.0,0.0,0.7211538461538461,0.0,0.0,0.0,0.0,0.2403846153846154,0.0,0.0
02421,02,421,1092,744,348,0,541,14,532,9,95,66,71,171,99,17,0,0,0,0,0,0,0,0,3,0,0,0,0,7,0,3,49.54212454212454,1.6635859519408502,98.33641404805915,17.857142857142858,12.406015037593985,13.345864661654137,32.142857142857146,18.60902255639098,3.195488721804511,0.0,0.0,0.0,0.0,0.0,0.0,0.0,0.0,0.5639097744360901,0.0,0.0,0.0,0.0,1.3157894736842104,0.0,0.5639097744360901
02422,02,422,1228,816,412,0,585,9,575,10,92,102,68,171,108,27,0,0,0,0,0,0,0,0,3,0,0,0,0,3,0,1,47.63843648208469,1.7094017094017095,98.29059829059828,16.0,17.739130434782606,11.826086956521738,29.739130434782606,18.782608695652172,4.695652173913043,0.0,0.0,0.0,0.0,0.0,0.0,0.0,0.0,0.5217391304347827,0.0,0.0,0.0,0.0,0.5217391304347827,0.0,0.17391304347826086
02423,02,423,571,377,194,0,268,6,264,4,35,25,28,126,34,9,0,0,0,0,0,0,0,0,3,0,0,0,0,2,0,2,46.93520140105078,1.4925373134328357,98.50746268656717,13.257575757575758,9.469696969696969,10.606060606060606,47.72727272727273,12.878787878787879,3.4090909090909087,0.0,0.0,0.0,0.0,0.0,0.0,0.0,0.0,1.1363636363636365,0.0,0.0,0.0,0.0,0.7575757575757576,0.0,0.7575757575757576
02424,02,424,863,527,336,0,411,9,405,6,52,72,50,140,73,11,0,0,0,0,0,0,0,0,2,0,0,0,0,3,0,2,47.62456546929316,1.4598540145985401,98.54014598540147,12.839506172839506,17.77777777777778,12.345679012345679,34.5679012345679,18.02469135802469,2.7160493827160495,0.0,0.0,0.0,0.0,0.0,0.0,0.0,0.0,0.49382716049382713,0.0,0.0,0.0,0.0,0.7407407407407408,0.0,0.49382716049382713
02425,02,425,1175,639,536,0,544,6,539,5,54,170,44,203,44,12,0,0,0,0,0,0,0,0,5,0,0,0,0,3,0,4,46.297872340425535,0.9191176470588236,99.08088235294117,10.018552875695732,31.539888682745826,8.16326530612245,37.66233766233766,8.16326530612245,2.2263450834879404,0.0,0.0,0.0,0.0,0.0,0.0,0.0,0.0,0.927643784786642,0.0,0.0,0.0,0.0,0.5565862708719851,0.0,0.7421150278293136
02426,02,426,1159,646,513,0,550,9,546,4,57,157,46,228,45,10,0,0,0,0,0,0,0,0,1,0,0,0,0,0,0,2,47.454702329594475,0.7272727272727273,99.27272727272727,10.43956043956044,28.754578754578752,8.424908424908425,41.75824175824176,8.241758241758241,1.8315018315018317,0.0,0.0,0.0,0.0,0.0,0.0,0.0,0.0,0.18315018315018314,0.0,0.0,0.0,0.0,0.0,0.0,0.3663003663003663
02427,02,427,1143,706,437,0,516,9,513,3,65,110,59,182,66,22,0,0,0,0,0,0,0,0,4,0,0,0,0,4,0,1,45.14435695538058,0.5813953488372093,99.4186046511628,12.670565302144249,21.44249512670565,11.500974658869396,35.4775828460039,12.865497076023392,4.28849902534113,0.0,0.0,0.0,0.0,0.0,0.0,0.0,0.0,0.7797270955165692,0.0,0.0,0.0,0.0,0.7797270955165692,0.0,0.1949317738791423
024A,02,4A,0,0,0,0,616,616,604,12,104,109,92,241,36,19,0,0,0,0,0,0,0,0,2,0,0,0,0,1,0,0,inf,1.948051948051948,98.05194805194806,17.218543046357617,18.046357615894042,15.2317880794702,39.900662251655625,5.960264900662252,3.145695364238411,0.0,0.0,0.0,0.0,0.0,0.0,0.0,0.0,0.33112582781456956,0.0,0.0,0.0,0.0,0.16556291390728478,0.0,0.0
024B,02,4B,0,0,0,0,638,638,627,11,117,73,107,242,69,14,0,0,0,0,0,0,0,0,1,0,0,0,0,2,0,2,inf,1.7241379310344827,98.27586206896551,18.660287081339714,11.64274322169059,17.065390749601274,38.59649122807017,11.004784688995215,2.2328548644338118,0.0,0.0,0.0,0.0,0.0,0.0,0.0,0.0,0.1594896331738437,0.0,0.0,0.0,0.0,0.3189792663476874,0.0,0.3189792663476874
024C,02,4C,0,0,0,0,717,717,710,7,93,172,132,221,51,29,0,0,0,0,0,0,0,0,5,0,0,0,0,4,0,3,inf,0.9762900976290098,99.023709902371,13.098591549295774,24.225352112676056,18.591549295774648,31.12676056338028,7.183098591549296,4.084507042253521,0.0,0.0,0.0,0.0,0.0,0.0,0.0,0.0,0.7042253521126761,0.0,0.0,0.0,0.0,0.5633802816901409,0.0,0.42253521126760557
024D,02,4D,0,0,0,0,640,640,634,6,95,158,70,241,44,12,0,0,0,0,0,0,0,0,3,0,0,0,0,8,0,3,inf,0.9375,99.0625,14.98422712933754,24.9211356466877,11.041009463722396,38.01261829652997,6.940063091482649,1.8927444794952681,0.0,0.0,0.0,0.0,0.0,0.0,0.0,0.0,0.47318611987381703,0.0,0.0,0.0,0.0,1.2618296529968454,0.0,0.47318611987381703
024E,02,4E,0,0,0,0,683,683,680,3,93,266,79,190,30,15,0,0,0,0,0,0,0,0,1,0,0,0,0,4,0,2,inf,0.43923865300146414,99.56076134699853,13.676470588235295,39.11764705882353,11.617647058823529,27.941176470588236,4.411764705882353,2.2058823529411766,0.0,0.0,0.0,0.0,0.0,0.0,0.0,0.0,0.14705882352941177,0.0,0.0,0.0,0.0,0.5882352941176471,0.0,0.29411764705882354
024F,02,4F,0,0,0,0,701,701,687,14,93,169,95,253,51,13,0,0,0,0,0,0,0,0,7,0,0,0,0,2,0,4,inf,1.9971469329529243,98.00285306704708,13.537117903930133,24.599708879184863,13.828238719068414,36.82678311499272,7.423580786026202,1.8922852983988356,0.0,0.0,0.0,0.0,0.0,0.0,0.0,0.0,1.0189228529839884,0.0,0.0,0.0,0.0,0.2911208151382824,0.0,0.5822416302765648
024G,02,4G,0,0,0,0,775,775,770,5,113,235,77,280,39,17,0,0,0,0,0,0,0,0,2,0,0,0,0,3,0,4,inf,0.6451612903225806,99.35483870967742,14.675324675324674,30.519480519480517,10.0,36.36363636363637,5.0649350649350655,2.207792207792208,0.0,0.0,0.0,0.0,0.0,0.0,0.0,0.0,0.2597402597402597,0.0,0.0,0.0,0.0,0.38961038961038963,0.0,0.5194805194805194
024H,02,4H,0,0,0,0,719,719,709,10,96,236,82,229,44,18,0,0,0,0,0,0,0,0,1,0,0,0,0,1,0,2,inf,1.3908205841446455,98.60917941585535,13.540197461212976,33.286318758815234,11.56558533145275,32.29901269393512,6.205923836389281,2.538787023977433,0.0,0.0,0.0,0.0,0.0,0.0,0.0,0.0,0.14104372355430184,0.0,0.0,0.0,0.0,0.14104372355430184,0.0,0.2820874471086037
024J,02,4J,0,0,0,0,619,619,608,11,82,128,82,235,54,15,0,0,0,0,0,0,0,0,7,0,0,0,0,2,0,3,inf,1.7770597738287561,98.22294022617125,13.486842105263158,21.052631578947366,13.486842105263158,38.651315789473685,8.881578947368421,2.4671052631578947,0.0,0.0,0.0,0.0,0.0,0.0,0.0,0.0,1.151315789473684,0.0,0.0,0.0,0.0,0.3289473684210526,0.0,0.4934210526315789
024K,02,4K,0,0,0,0,691,691,686,5,123,117,93,253,72,16,0,0,0,0,0,0,0,0,4,0,0,0,0,6,0,2,inf,0.723589001447178,99.27641099855282,17.93002915451895,17.05539358600583,13.556851311953352,36.88046647230321,10.495626822157435,2.3323615160349855,0.0,0.0,0.0,0.0,0.0,0.0,0.0,0.0,0.5830903790087464,0.0,0.0,0.0,0.0,0.8746355685131195,0.0,0.2915451895043732
024L,02,4L,0,0,0,0,952,952,935,17,158,201,162,262,92,38,0,0,0,0,0,0,0,0,11,0,0,0,0,7,0,4,inf,1.7857142857142856,98.21428571428571,16.898395721925134,21.497326203208555,17.326203208556148,28.02139037433155,9.83957219251337,4.064171122994653,0.0,0.0,0.0,0.0,0.0,0.0,0.0,0.0,1.1764705882352942,0.0,0.0,0.0,0.0,0.7486631016042781,0.0,0.42780748663101603
024M,02,4M,0,0,0,0,820,820,804,16,99,251,84,297,45,21,0,0,0,0,0,0,0,0,3,0,0,0,0,4,0,0,inf,1.951219512195122,98.04878048780488,12.313432835820896,31.218905472636816,10.44776119402985,36.940298507462686,5.597014925373134,2.6119402985074625,0.0,0.0,0.0,0.0,0.0,0.0,0.0,0.0,0.3731343283582089,0.0,0.0,0.0,0.0,0.4975124378109453,0.0,0.0
024N,02,4N,0,0,0,0,856,856,854,2,99,300,109,266,41,26,0,0,0,0,0,0,0,0,4,0,0,0,0,3,0,6,inf,0.23364485981308408,99.76635514018692,11.592505854800937,35.1288056206089,12.763466042154567,31.147540983606557,4.8009367681498825,3.0444964871194378,0.0,0.0,0.0,0.0,0.0,0.0,0.0,0.0,0.468384074941452,0.0,0.0,0.0,0.0,0.351288056206089,0.0,0.702576112412178
02501,02,501,891,525,366,0,431,14,429,2,49,142,38,134,51,4,0,0,0,0,0,0,0,0,2,0,0,0,0,4,0,5,48.372615039281705,0.46403712296983757,99.53596287703016,11.421911421911423,33.1002331002331,8.857808857808857,31.23543123543124,11.888111888111888,0.9324009324009324,0.0,0.0,0.0,0.0,0.0,0.0,0.0,0.0,0.4662004662004662,0.0,0.0,0.0,0.0,0.9324009324009324,0.0,1.1655011655011656
02502,02,502,1288,754,534,0,600,13,598,2,68,154,75,207,72,13,0,0,0,0,0,0,0,0,5,0,0,0,0,2,0,2,46.58385093167702,0.33333333333333337,99.66666666666667,11.37123745819398,25.75250836120401,12.54180602006689,34.61538461538461,12.040133779264215,2.1739130434782608,0.0,0.0,0.0,0.0,0.0,0.0,0.0,0.0,0.8361204013377926,0.0,0.0,0.0,0.0,0.33444816053511706,0.0,0.33444816053511706
02503,02,503,1256,784,472,0,561,17,556,5,55,132,47,229,71,16,0,0,0,0,0,0,0,0,1,0,0,0,0,3,0,2,44.6656050955414,0.8912655971479502,99.10873440285205,9.892086330935252,23.741007194244602,8.453237410071942,41.18705035971223,12.769784172661872,2.877697841726619,0.0,0.0,0.0,0.0,0.0,0.0,0.0,0.0,0.1798561151079137,0.0,0.0,0.0,0.0,0.539568345323741,0.0,0.3597122302158274
02504,02,504,1058,659,399,0,541,13,535,6,63,178,47,173,52,9,0,0,0,0,0,0,0,0,3,0,0,0,0,3,0,7,51.13421550094518,1.1090573012939002,98.8909426987061,11.775700934579438,33.271028037383175,8.785046728971963,32.33644859813084,9.719626168224298,1.6822429906542056,0.0,0.0,0.0,0.0,0.0,0.0,0.0,0.0,0.5607476635514018,0.0,0.0,0.0,0.0,0.5607476635514018,0.0,1.3084112149532712
02505,02,505,1223,687,536,0,609,16,608,1,63,206,60,218,42,13,0,0,0,0,0,0,0,0,1,0,0,0,0,2,0,3,49.795584627964026,0.16420361247947454,99.83579638752053,10.361842105263158,33.881578947368425,9.868421052631579,35.85526315789473,6.907894736842106,2.138157894736842,0.0,0.0,0.0,0.0,0.0,0.0,0.0,0.0,0.1644736842105263,0.0,0.0,0.0,0.0,0.3289473684210526,0.0,0.4934210526315789
02506,02,506,1103,635,468,0,512,6,504,8,63,132,35,197,50,20,0,0,0,0,0,0,0,0,4,0,0,0,0,0,0,3,46.41885766092475,1.5625,98.4375,12.5,26.190476190476193,6.944444444444445,39.08730158730159,9.920634920634921,3.968253968253968,0.0,0.0,0.0,0.0,0.0,0.0,0.0,0.0,0.7936507936507936,0.0,0.0,0.0,0.0,0.0,0.0,0.5952380952380952
02507,02,507,1191,622,569,0,481,12,480,1,45,125,38,203,48,18,0,0,0,0,0,0,0,0,2,0,0,0,0,1,0,0,40.38623005877414,0.2079002079002079,99.7920997920998,9.375,26.041666666666668,7.916666666666666,42.291666666666664,10.0,3.75,0.0,0.0,0.0,0.0,0.0,0.0,0.0,0.0,0.4166666666666667,0.0,0.0,0.0,0.0,0.20833333333333334,0.0,0.0
02508,02,508,1271,805,466,0,517,9,512,5,69,119,44,200,50,18,0,0,0,0,0,0,0,0,4,0,0,0,0,3,0,5,40.676632572777336,0.9671179883945842,99.03288201160542,13.4765625,23.2421875,8.59375,39.0625,9.765625,3.515625,0.0,0.0,0.0,0.0,0.0,0.0,0.0,0.0,0.78125,0.0,0.0,0.0,0.0,0.5859375,0.0,0.9765625
02509,02,509,997,633,364,0,512,10,508,4,42,138,29,236,47,9,0,0,0,0,0,0,0,0,2,0,0,0,0,4,0,1,51.35406218655968,0.78125,99.21875,8.267716535433072,27.165354330708663,5.708661417322835,46.45669291338583,9.251968503937007,1.7716535433070866,0.0,0.0,0.0,0.0,0.0,0.0,0.0,0.0,0.39370078740157477,0.0,0.0,0.0,0.0,0.7874015748031495,0.0,0.19685039370078738
02510,02,510,970,567,403,0,376,8,373,3,34,90,24,177,31,9,0,0,0,0,0,0,0,0,2,0,0,0,0,4,0,2,38.76288659793815,0.7978723404255319,99.20212765957447,9.115281501340483,24.128686327077748,6.434316353887399,47.45308310991957,8.310991957104557,2.4128686327077746,0.0,0.0,0.0,0.0,0.0,0.0,0.0,0.0,0.5361930294906166,0.0,0.0,0.0,0.0,1.0723860589812333,0.0,0.5361930294906166
02511,02,511,788,430,358,0,356,4,355,1,48,132,29,123,13,8,0,0,0,0,0,0,0,0,0,0,0,0,0,1,0,1,45.17766497461929,0.2808988764044944,99.71910112359551,13.521126760563378,37.183098591549296,8.169014084507042,34.647887323943664,3.6619718309859155,2.2535211267605635,0.0,0.0,0.0,0.0,0.0,0.0,0.0,0.0,0.0,0.0,0.0,0.0,0.0,0.28169014084507044,0.0,0.28169014084507044
02512,02,512,920,575,345,0,493,17,490,3,51,139,42,198,47,8,0,0,0,0,0,0,0,0,1,0,0,0,0,3,0,1,53.586956521739125,0.6085192697768762,99.39148073022312,10.408163265306122,28.367346938775512,8.571428571428571,40.40816326530612,9.591836734693878,1.6326530612244898,0.0,0.0,0.0,0.0,0.0,0.0,0.0,0.0,0.20408163265306123,0.0,0.0,0.0,0.0,0.6122448979591837,0.0,0.20408163265306123
02513,02,513,1228,668,560,0,590,16,584,6,61,185,41,239,38,12,0,0,0,0,0,0,0,0,2,0,0,0,0,3,0,3,48.045602605863195,1.0169491525423728,98.98305084745763,10.445205479452055,31.67808219178082,7.02054794520548,40.92465753424658,6.506849315068493,2.054794520547945,0.0,0.0,0.0,0.0,0.0,0.0,0.0,0.0,0.3424657534246575,0.0,0.0,0.0,0.0,0.5136986301369862,0.0,0.5136986301369862
02514,02,514,970,553,417,0,439,1,437,2,47,138,43,166,28,10,0,0,0,0,0,0,0,0,0,0,0,0,0,5,0,0,45.25773195876289,0.45558086560364464,99.54441913439635,10.755148741418765,31.57894736842105,9.839816933638444,37.986270022883296,6.407322654462242,2.2883295194508007,0.0,0.0,0.0,0.0,0.0,0.0,0.0,0.0,0.0,0.0,0.0,0.0,0.0,1.1441647597254003,0.0,0.0
02515,02,515,1066,551,515,0,445,25,442,3,40,129,34,196,21,14,0,0,0,0,0,0,0,0,4,0,0,0,0,2,0,2,41.74484052532833,0.6741573033707865,99.32584269662922,9.049773755656108,29.185520361990953,7.6923076923076925,44.34389140271493,4.751131221719457,3.167420814479638,0.0,0.0,0.0,0.0,0.0,0.0,0.0,0.0,0.904977375565611,0.0,0.0,0.0,0.0,0.4524886877828055,0.0,0.4524886877828055
02516,02,516,1016,536,480,0,433,6,429,4,45,124,31,162,46,15,0,0,0,0,0,0,0,0,4,0,0,0,0,2,0,0,42.618110236220474,0.9237875288683602,99.07621247113164,10.48951048951049,28.904428904428904,7.226107226107226,37.76223776223776,10.722610722610723,3.4965034965034967,0.0,0.0,0.0,0.0,0.0,0.0,0.0,0.0,0.9324009324009324,0.0,0.0,0.0,0.0,0.4662004662004662,0.0,0.0
02517,02,517,1251,691,560,0,576,6,574,2,60,169,36,251,39,12,0,0,0,0,0,0,0,0,1,0,0,0,0,2,0,4,46.043165467625904,0.3472222222222222,99.65277777777779,10.452961672473867,29.442508710801395,6.2717770034843205,43.72822299651568,6.794425087108014,2.0905923344947737,0.0,0.0,0.0,0.0,0.0,0.0,0.0,0.0,0.17421602787456447,0.0,0.0,0.0,0.0,0.34843205574912894,0.0,0.6968641114982579
02518,02,518,1201,635,566,0,513,5,504,9,56,155,43,187,48,10,0,0,0,0,0,0,0,0,2,0,0,0,0,1,0,2,42.714404662781014,1.7543859649122806,98.24561403508771,11.11111111111111,30.753968253968257,8.531746031746032,37.10317460317461,9.523809523809524,1.984126984126984,0.0,0.0,0.0,0.0,0.0,0.0,0.0,0.0,0.3968253968253968,0.0,0.0,0.0,0.0,0.1984126984126984,0.0,0.3968253968253968
02519,02,519,1028,553,475,0,471,8,469,2,54,146,44,175,31,13,0,0,0,0,0,0,0,0,1,0,0,0,0,2,0,3,45.81712062256809,0.42462845010615713,99.57537154989384,11.513859275053305,31.13006396588486,9.381663113006397,37.3134328358209,6.609808102345416,2.771855010660981,0.0,0.0,0.0,0.0,0.0,0.0,0.0,0.0,0.21321961620469082,0.0,0.0,0.0,0.0,0.42643923240938164,0.0,0.6396588486140725
02520,02,520,1243,731,512,0,592,12,590,2,56,175,51,233,58,8,0,0,0,0,0,0,0,0,4,0,0,0,0,5,0,0,47.62670957361223,0.33783783783783783,99.66216216216216,9.491525423728813,29.66101694915254,8.64406779661017,39.49152542372881,9.830508474576272,1.3559322033898304,0.0,0.0,0.0,0.0,0.0,0.0,0.0,0.0,0.6779661016949152,0.0,0.0,0.0,0.0,0.847457627118644,0.0,0.0
02521,02,521,1035,598,437,0,485,2,478,7,43,168,40,158,42,18,0,0,0,0,0,0,0,0,3,0,0,0,0,2,0,4,46.85990338164252,1.443298969072165,98.55670103092784,8.99581589958159,35.146443514644346,8.368200836820083,33.054393305439326,8.786610878661087,3.765690376569038,0.0,0.0,0.0,0.0,0.0,0.0,0.0,0.0,0.6276150627615062,0.0,0.0,0.0,0.0,0.41841004184100417,0.0,0.8368200836820083
02522,02,522,1210,740,470,0,564,5,560,4,57,137,31,254,60,14,0,0,0,0,0,0,0,0,1,0,0,0,0,5,0,1,46.611570247933884,0.7092198581560284,99.29078014184397,10.178571428571429,24.46428571428571,5.535714285714286,45.357142857142854,10.714285714285714,2.5,0.0,0.0,0.0,0.0,0.0,0.0,0.0,0.0,0.17857142857142858,0.0,0.0,0.0,0.0,0.8928571428571428,0.0,0.17857142857142858
02523,02,523,1038,645,393,0,513,10,507,6,65,103,30,216,64,15,0,0,0,0,0,0,0,0,3,0,0,0,0,7,0,4,49.421965317919074,1.1695906432748537,98.83040935672514,12.82051282051282,20.315581854043394,5.9171597633136095,42.60355029585799,12.6232741617357,2.9585798816568047,0.0,0.0,0.0,0.0,0.0,0.0,0.0,0.0,0.591715976331361,0.0,0.0,0.0,0.0,1.3806706114398422,0.0,0.7889546351084813
02524,02,524,1021,636,385,0,472,4,468,4,65,106,34,177,65,17,0,0,0,0,0,0,0,0,1,0,0,0,0,1,0,2,46.22918707149853,0.847457627118644,99.15254237288136,13.88888888888889,22.64957264957265,7.264957264957266,37.82051282051282,13.88888888888889,3.632478632478633,0.0,0.0,0.0,0.0,0.0,0.0,0.0,0.0,0.2136752136752137,0.0,0.0,0.0,0.0,0.2136752136752137,0.0,0.4273504273504274
02525,02,525,1020,585,435,0,459,9,457,2,61,111,36,183,43,17,0,0,0,0,0,0,0,0,1,0,0,0,0,1,0,4,45.0,0.4357298474945534,99.56427015250546,13.347921225382933,24.288840262582056,7.87746170678337,40.0437636761488,9.409190371991247,3.7199124726477026,0.0,0.0,0.0,0.0,0.0,0.0,0.0,0.0,0.2188183807439825,0.0,0.0,0.0,0.0,0.2188183807439825,0.0,0.87527352297593
02526,02,526,1182,679,503,0,570,11,569,1,50,178,68,213,34,21,0,0,0,0,0,0,0,0,2,0,0,0,0,3,0,0,48.223350253807105,0.17543859649122806,99.82456140350877,8.787346221441124,31.282952548330407,11.950790861159929,37.434094903339194,5.975395430579964,3.690685413005272,0.0,0.0,0.0,0.0,0.0,0.0,0.0,0.0,0.35149384885764495,0.0,0.0,0.0,0.0,0.5272407732864675,0.0,0.0
025A,02,5A,0,0,0,0,820,820,820,0,108,295,79,270,43,8,0,0,0,0,0,0,0,0,4,0,0,0,0,6,0,7,inf,0.0,100.0,13.170731707317074,35.97560975609756,9.634146341463415,32.926829268292686,5.2439024390243905,0.975609756097561,0.0,0.0,0.0,0.0,0.0,0.0,0.0,0.0,0.4878048780487805,0.0,0.0,0.0,0.0,0.7317073170731708,0.0,0.853658536585366
025B,02,5B,0,0,0,0,788,788,782,6,91,256,70,299,43,15,0,0,0,0,0,0,0,0,4,0,0,0,0,4,0,0,inf,0.7614213197969544,99.23857868020305,11.636828644501279,32.73657289002558,8.951406649616368,38.23529411764706,5.498721227621484,1.9181585677749362,0.0,0.0,0.0,0.0,0.0,0.0,0.0,0.0,0.5115089514066496,0.0,0.0,0.0,0.0,0.5115089514066496,0.0,0.0
025C,02,5C,0,0,0,0,925,925,922,3,108,342,92,308,42,18,0,0,0,0,0,0,0,0,6,0,0,0,0,4,0,2,inf,0.3243243243243243,99.67567567567568,11.713665943600867,37.093275488069416,9.97830802603037,33.40563991323211,4.55531453362256,1.9522776572668112,0.0,0.0,0.0,0.0,0.0,0.0,0.0,0.0,0.6507592190889371,0.0,0.0,0.0,0.0,0.43383947939262474,0.0,0.21691973969631237
025D,02,5D,0,0,0,0,527,527,526,1,62,199,41,180,24,11,0,0,0,0,0,0,0,0,4,0,0,0,0,4,0,1,inf,0.18975332068311196,99.81024667931689,11.787072243346007,37.832699619771866,7.79467680608365,34.22053231939163,4.562737642585551,2.091254752851711,0.0,0.0,0.0,0.0,0.0,0.0,0.0,0.0,0.7604562737642585,0.0,0.0,0.0,0.0,0.7604562737642585,0.0,0.19011406844106463
025E,02,5E,0,0,0,0,757,757,733,24,88,226,55,285,53,13,0,0,0,0,0,0,0,0,2,0,0,0,0,6,0,5,inf,3.1704095112285335,96.82959048877147,12.005457025920874,30.832196452933154,7.503410641200546,38.88130968622101,7.230559345156889,1.7735334242837655,0.0,0.0,0.0,0.0,0.0,0.0,0.0,0.0,0.2728512960436562,0.0,0.0,0.0,0.0,0.8185538881309686,0.0,0.6821282401091405
025F,02,5F,0,0,0,0,708,708,707,1,82,262,61,242,31,23,0,0,0,0,0,0,0,0,0,0,0,0,0,3,0,3,inf,0.14124293785310735,99.85875706214689,11.598302687411598,37.05799151343705,8.628005657708627,34.22913719943423,4.384724186704385,3.253182461103253,0.0,0.0,0.0,0.0,0.0,0.0,0.0,0.0,0.0,0.0,0.0,0.0,0.0,0.4243281471004243,0.0,0.4243281471004243
025G,02,5G,0,0,0,0,822,822,821,1,85,304,66,309,36,11,0,0,0,0,0,0,0,0,3,0,0,0,0,4,0,3,inf,0.12165450121654502,99.87834549878345,10.353227771010962,37.028014616321556,8.038976857490866,37.63702801461632,4.38489646772229,1.3398294762484775,0.0,0.0,0.0,0.0,0.0,0.0,0.0,0.0,0.3654080389768575,0.0,0.0,0.0,0.0,0.48721071863580995,0.0,0.3654080389768575
025H,02,5H,0,0,0,0,926,926,923,3,83,344,72,349,42,18,0,0,0,0,0,0,0,0,5,0,0,0,0,4,0,6,inf,0.32397408207343414,99.67602591792657,8.992416034669557,37.269772481040086,7.8006500541711805,37.81148429035753,4.550379198266522,1.9501625135427951,0.0,0.0,0.0,0.0,0.0,0.0,0.0,0.0,0.5417118093174431,0.0,0.0,0.0,0.0,0.43336944745395445,0.0,0.6500541711809318
025J,02,5J,0,0,0,0,839,839,837,2,90,302,54,325,39,19,0,0,0,0,0,0,0,0,2,0,0,0,0,1,0,5,inf,0.23837902264600713,99.761620977354,10.75268817204301,36.081242532855434,6.451612903225806,38.82915173237754,4.659498207885305,2.2700119474313025,0.0,0.0,0.0,0.0,0.0,0.0,0.0,0.0,0.23894862604540024,0.0,0.0,0.0,0.0,0.11947431302270012,0.0,0.5973715651135006
025K,02,5K,0,0,0,0,804,804,794,10,95,236,90,291,41,27,0,0,0,0,0,0,0,0,4,0,0,0,0,4,0,6,inf,1.2437810945273633,98.75621890547264,11.964735516372796,29.72292191435768,11.335012594458437,36.649874055415616,5.163727959697733,3.400503778337532,0.0,0.0,0.0,0.0,0.0,0.0,0.0,0.0,0.5037783375314862,0.0,0.0,0.0,0.0,0.5037783375314862,0.0,0.7556675062972292
025L,02,5L,0,0,0,0,520,520,517,3,56,181,48,186,23,13,0,0,0,0,0,0,0,0,2,0,0,0,0,7,0,1,inf,0.576923076923077,99.42307692307692,10.831721470019342,35.009671179883945,9.284332688588009,35.97678916827853,4.448742746615087,2.5145067698259185,0.0,0.0,0.0,0.0,0.0,0.0,0.0,0.0,0.3868471953578337,0.0,0.0,0.0,0.0,1.3539651837524178,0.0,0.19342359767891684
025M,02,5M,0,0,0,0,924,924,917,7,108,306,93,348,34,17,0,0,0,0,0,0,0,0,3,0,0,0,0,5,0,3,inf,0.7575757575757576,99.24242424242425,11.777535441657578,33.36968375136314,10.141766630316248,37.94983642311887,3.707742639040349,1.8538713195201746,0.0,0.0,0.0,0.0,0.0,0.0,0.0,0.0,0.3271537622682661,0.0,0.0,0.0,0.0,0.5452562704471101,0.0,0.3271537622682661
025N,02,5N,0,0,0,0,842,842,836,6,83,301,75,311,30,26,0,0,0,0,0,0,0,0,4,0,0,0,0,4,0,2,inf,0.7125890736342043,99.2874109263658,9.92822966507177,36.004784688995215,8.971291866028707,37.20095693779905,3.588516746411483,3.110047846889952,0.0,0.0,0.0,0.0,0.0,0.0,0.0,0.0,0.4784688995215311,0.0,0.0,0.0,0.0,0.4784688995215311,0.0,0.23923444976076555
025P,02,5P,0,0,0,0,854,854,850,4,83,324,89,281,42,26,0,0,0,0,0,0,0,0,2,0,0,0,0,2,0,1,inf,0.468384074941452,99.53161592505855,9.76470588235294,38.11764705882353,10.470588235294118,33.05882352941176,4.941176470588235,3.058823529411765,0.0,0.0,0.0,0.0,0.0,0.0,0.0,0.0,0.2352941176470588,0.0,0.0,0.0,0.0,0.2352941176470588,0.0,0.1176470588235294
02601,02,601,1296,745,551,0,647,22,640,7,68,188,155,109,66,46,0,0,0,0,0,0,0,0,7,0,0,0,0,1,0,0,49.92283950617284,1.0819165378670788,98.91808346213293,10.625,29.375,24.21875,17.03125,10.3125,7.187499999999999,0.0,0.0,0.0,0.0,0.0,0.0,0.0,0.0,1.09375,0.0,0.0,0.0,0.0,0.15625,0.0,0.0
02602,02,602,894,558,336,0,517,19,513,4,62,152,94,113,64,25,0,0,0,0,0,0,0,0,1,0,0,0,0,2,0,0,57.82997762863534,0.7736943907156674,99.22630560928434,12.085769980506821,29.629629629629626,18.323586744639375,22.027290448343077,12.475633528265107,4.8732943469785575,0.0,0.0,0.0,0.0,0.0,0.0,0.0,0.0,0.1949317738791423,0.0,0.0,0.0,0.0,0.3898635477582846,0.0,0.0
02603,02,603,1247,735,512,0,581,11,577,4,64,210,71,177,32,17,0,0,0,0,0,0,0,0,4,0,0,0,0,1,0,1,46.59182036888532,0.6884681583476765,99.31153184165233,11.091854419410744,36.3951473136915,12.305025996533796,30.675909878682845,5.545927209705372,2.946273830155979,0.0,0.0,0.0,0.0,0.0,0.0,0.0,0.0,0.6932409012131715,0.0,0.0,0.0,0.0,0.17331022530329288,0.0,0.17331022530329288
02604,02,604,1060,736,324,0,557,16,548,9,79,112,57,164,107,20,0,0,0,0,0,0,0,0,2,0,0,0,0,4,0,3,52.54716981132076,1.615798922800718,98.38420107719928,14.416058394160583,20.437956204379564,10.401459854014599,29.927007299270077,19.525547445255476,3.64963503649635,0.0,0.0,0.0,0.0,0.0,0.0,0.0,0.0,0.36496350364963503,0.0,0.0,0.0,0.0,0.7299270072992701,0.0,0.5474452554744526
02605,02,605,1223,747,476,0,603,11,598,5,67,158,42,233,61,22,0,0,0,0,0,0,0,0,6,0,0,0,0,5,0,4,49.304987735077674,0.8291873963515755,99.17081260364843,11.20401337792642,26.421404682274247,7.023411371237458,38.96321070234114,10.200668896321071,3.678929765886288,0.0,0.0,0.0,0.0,0.0,0.0,0.0,0.0,1.0033444816053512,0.0,0.0,0.0,0.0,0.8361204013377926,0.0,0.6688963210702341
02606,02,606,795,461,334,0,387,9,386,1,28,128,26,163,28,11,0,0,0,0,0,0,0,0,2,0,0,0,0,0,0,0,48.679245283018865,0.2583979328165375,99.74160206718346,7.253886010362693,33.160621761658035,6.7357512953367875,42.2279792746114,7.253886010362693,2.849740932642487,0.0,0.0,0.0,0.0,0.0,0.0,0.0,0.0,0.5181347150259068,0.0,0.0,0.0,0.0,0.0,0.0,0.0
02607,02,607,865,517,348,0,490,12,487,3,51,237,71,90,14,19,0,0,0,0,0,0,0,0,1,0,0,0,0,2,0,2,56.64739884393064,0.6122448979591837,99.38775510204081,10.472279260780287,48.6652977412731,14.579055441478438,18.480492813141684,2.8747433264887063,3.9014373716632447,0.0,0.0,0.0,0.0,0.0,0.0,0.0,0.0,0.20533880903490762,0.0,0.0,0.0,0.0,0.41067761806981523,0.0,0.41067761806981523
02608,02,608,1153,670,483,0,563,11,557,6,44,172,49,242,25,14,0,0,0,0,0,0,0,0,1,0,0,0,0,5,0,5,48.82914137033825,1.0657193605683837,98.93428063943162,7.899461400359066,30.879712746858168,8.797127468581687,43.447037701974864,4.488330341113106,2.5134649910233393,0.0,0.0,0.0,0.0,0.0,0.0,0.0,0.0,0.17953321364452424,0.0,0.0,0.0,0.0,0.8976660682226212,0.0,0.8976660682226212
02609,02,609,1125,625,500,0,526,9,525,1,61,170,51,182,39,14,0,0,0,0,0,0,0,0,2,0,0,0,0,2,0,4,46.75555555555555,0.19011406844106463,99.80988593155894,11.619047619047619,32.38095238095238,9.714285714285714,34.66666666666667,7.428571428571429,2.666666666666667,0.0,0.0,0.0,0.0,0.0,0.0,0.0,0.0,0.38095238095238093,0.0,0.0,0.0,0.0,0.38095238095238093,0.0,0.7619047619047619
02610,02,610,1273,794,479,0,688,10,684,4,88,155,50,297,70,12,0,0,0,0,0,0,0,0,2,0,0,0,0,8,0,2,54.045561665357425,0.5813953488372093,99.4186046511628,12.865497076023392,22.660818713450293,7.309941520467836,43.42105263157895,10.23391812865497,1.7543859649122806,0.0,0.0,0.0,0.0,0.0,0.0,0.0,0.0,0.29239766081871343,0.0,0.0,0.0,0.0,1.1695906432748537,0.0,0.29239766081871343
02611,02,611,938,515,423,0,448,13,444,4,38,147,30,181,29,17,0,0,0,0,0,0,0,0,0,0,0,0,0,2,0,0,47.76119402985074,0.8928571428571428,99.10714285714286,8.558558558558559,33.108108108108105,6.756756756756757,40.765765765765764,6.531531531531531,3.8288288288288284,0.0,0.0,0.0,0.0,0.0,0.0,0.0,0.0,0.0,0.0,0.0,0.0,0.0,0.45045045045045046,0.0,0.0
02612,02,612,1024,573,451,0,501,6,494,7,38,163,46,200,29,10,0,0,0,0,0,0,0,0,2,0,0,0,0,2,0,4,48.92578125,1.3972055888223553,98.60279441117764,7.6923076923076925,32.99595141700405,9.31174089068826,40.48582995951417,5.870445344129554,2.0242914979757085,0.0,0.0,0.0,0.0,0.0,0.0,0.0,0.0,0.4048582995951417,0.0,0.0,0.0,0.0,0.4048582995951417,0.0,0.8097165991902834
02613,02,613,1183,635,548,0,569,20,565,4,69,240,52,152,28,17,0,0,0,0,0,0,0,0,2,0,0,0,0,2,0,3,48.09805579036348,0.7029876977152899,99.29701230228471,12.212389380530974,42.47787610619469,9.20353982300885,26.902654867256636,4.95575221238938,3.0088495575221237,0.0,0.0,0.0,0.0,0.0,0.0,0.0,0.0,0.35398230088495575,0.0,0.0,0.0,0.0,0.35398230088495575,0.0,0.5309734513274336
02614,02,614,1194,759,435,0,646,8,640,6,64,175,67,253,55,21,0,0,0,0,0,0,0,0,2,0,0,0,0,2,0,1,54.10385259631491,0.9287925696594427,99.07120743034056,10.0,27.34375,10.46875,39.53125,8.59375,3.28125,0.0,0.0,0.0,0.0,0.0,0.0,0.0,0.0,0.3125,0.0,0.0,0.0,0.0,0.3125,0.0,0.15625
02615,02,615,726,441,285,0,351,0,350,1,36,82,23,146,48,8,0,0,0,0,0,0,0,0,5,0,0,0,0,1,0,1,48.34710743801653,0.2849002849002849,99.71509971509973,10.285714285714285,23.42857142857143,6.571428571428571,41.714285714285715,13.714285714285715,2.2857142857142856,0.0,0.0,0.0,0.0,0.0,0.0,0.0,0.0,1.4285714285714286,0.0,0.0,0.0,0.0,0.2857142857142857,0.0,0.2857142857142857
02616,02,616,1205,780,425,0,629,11,622,7,53,186,31,257,67,19,0,0,0,0,0,0,0,0,1,0,0,0,0,6,0,2,52.199170124481334,1.1128775834658187,98.88712241653418,8.520900321543408,29.903536977491964,4.983922829581994,41.31832797427653,10.77170418006431,3.054662379421222,0.0,0.0,0.0,0.0,0.0,0.0,0.0,0.0,0.1607717041800643,0.0,0.0,0.0,0.0,0.964630225080386,0.0,0.3215434083601286
02617,02,617,1113,632,481,0,522,2,518,4,43,165,30,212,44,15,0,0,0,0,0,0,0,0,4,0,0,0,0,2,0,3,46.900269541778975,0.7662835249042145,99.23371647509579,8.301158301158301,31.85328185328185,5.7915057915057915,40.92664092664093,8.494208494208493,2.8957528957528957,0.0,0.0,0.0,0.0,0.0,0.0,0.0,0.0,0.7722007722007722,0.0,0.0,0.0,0.0,0.3861003861003861,0.0,0.5791505791505791
02618,02,618,980,591,389,0,480,5,475,5,45,124,35,224,30,8,0,0,0,0,0,0,0,0,2,0,0,0,0,2,0,5,48.97959183673469,1.0416666666666665,98.95833333333334,9.473684210526317,26.105263157894736,7.368421052631578,47.1578947368421,6.315789473684211,1.6842105263157894,0.0,0.0,0.0,0.0,0.0,0.0,0.0,0.0,0.42105263157894735,0.0,0.0,0.0,0.0,0.42105263157894735,0.0,1.0526315789473684
02619,02,619,801,442,359,0,360,13,357,3,44,114,24,140,28,3,0,0,0,0,0,0,0,0,3,0,0,0,0,0,0,1,44.9438202247191,0.8333333333333334,99.16666666666667,12.324929971988796,31.932773109243694,6.722689075630252,39.21568627450981,7.8431372549019605,0.8403361344537815,0.0,0.0,0.0,0.0,0.0,0.0,0.0,0.0,0.8403361344537815,0.0,0.0,0.0,0.0,0.0,0.0,0.2801120448179272
02620,02,620,1049,515,534,0,415,10,411,4,35,131,26,185,20,6,0,0,0,0,0,0,0,0,1,0,0,0,0,4,0,3,39.56148713060057,0.9638554216867471,99.03614457831326,8.51581508515815,31.873479318734795,6.326034063260341,45.01216545012166,4.866180048661801,1.4598540145985401,0.0,0.0,0.0,0.0,0.0,0.0,0.0,0.0,0.24330900243309003,0.0,0.0,0.0,0.0,0.9732360097323601,0.0,0.7299270072992701
02621,02,621,782,405,377,0,315,5,312,3,33,90,19,128,31,5,0,0,0,0,0,0,0,0,4,0,0,0,0,1,0,1,40.28132992327366,0.9523809523809524,99.04761904761905,10.576923076923077,28.846153846153843,6.089743589743589,41.02564102564102,9.935897435897436,1.6025641025641024,0.0,0.0,0.0,0.0,0.0,0.0,0.0,0.0,1.282051282051282,0.0,0.0,0.0,0.0,0.3205128205128205,0.0,0.3205128205128205
02622,02,622,1002,539,463,0,417,11,414,3,50,115,37,152,40,15,0,0,0,0,0,0,0,0,1,0,0,0,0,2,0,2,41.61676646706587,0.7194244604316548,99.28057553956835,12.077294685990339,27.77777777777778,8.937198067632849,36.71497584541063,9.66183574879227,3.6231884057971016,0.0,0.0,0.0,0.0,0.0,0.0,0.0,0.0,0.24154589371980675,0.0,0.0,0.0,0.0,0.4830917874396135,0.0,0.4830917874396135
02623,02,623,874,453,421,0,372,7,370,2,43,129,20,151,17,5,0,0,0,0,0,0,0,0,2,0,0,0,0,2,0,1,42.5629290617849,0.5376344086021506,99.46236559139786,11.621621621621623,34.86486486486486,5.405405405405405,40.81081081081081,4.594594594594595,1.3513513513513513,0.0,0.0,0.0,0.0,0.0,0.0,0.0,0.0,0.5405405405405406,0.0,0.0,0.0,0.0,0.5405405405405406,0.0,0.2702702702702703
02624,02,624,876,446,430,0,372,10,370,2,31,116,36,153,18,9,0,0,0,0,0,0,0,0,3,0,0,0,0,2,0,2,42.465753424657535,0.5376344086021506,99.46236559139786,8.378378378378379,31.351351351351354,9.72972972972973,41.351351351351354,4.864864864864865,2.4324324324324325,0.0,0.0,0.0,0.0,0.0,0.0,0.0,0.0,0.8108108108108109,0.0,0.0,0.0,0.0,0.5405405405405406,0.0,0.5405405405405406
02625,02,625,696,382,314,0,339,17,337,2,31,120,17,133,30,5,0,0,0,0,0,0,0,0,0,0,0,0,0,1,0,0,48.706896551724135,0.5899705014749262,99.41002949852508,9.198813056379821,35.60830860534125,5.044510385756676,39.46587537091988,8.902077151335313,1.483679525222552,0.0,0.0,0.0,0.0,0.0,0.0,0.0,0.0,0.0,0.0,0.0,0.0,0.0,0.2967359050445104,0.0,0.0
02626,02,626,1008,553,455,0,465,9,463,2,37,159,44,178,33,8,0,0,0,0,0,0,0,0,0,0,0,0,0,4,0,0,46.13095238095239,0.43010752688172044,99.56989247311829,7.991360691144708,34.34125269978402,9.503239740820735,38.44492440604751,7.127429805615551,1.7278617710583155,0.0,0.0,0.0,0.0,0.0,0.0,0.0,0.0,0.0,0.0,0.0,0.0,0.0,0.8639308855291578,0.0,0.0
02627,02,627,812,540,272,0,462,13,458,4,43,124,42,190,44,9,0,0,0,0,0,0,0,0,1,0,0,0,0,4,0,1,56.896551724137936,0.8658008658008658,99.13419913419914,9.388646288209607,27.074235807860266,9.170305676855897,41.48471615720524,9.606986899563319,1.9650655021834063,0.0,0.0,0.0,0.0,0.0,0.0,0.0,0.0,0.21834061135371177,0.0,0.0,0.0,0.0,0.8733624454148471,0.0,0.21834061135371177
02628,02,628,923,528,395,0,451,10,448,3,53,153,53,141,27,14,0,0,0,0,0,0,0,0,2,0,0,0,0,3,0,2,48.862405200433365,0.6651884700665188,99.33481152993349,11.830357142857142,34.151785714285715,11.830357142857142,31.473214285714285,6.026785714285714,3.125,0.0,0.0,0.0,0.0,0.0,0.0,0.0,0.0,0.4464285714285714,0.0,0.0,0.0,0.0,0.6696428571428571,0.0,0.4464285714285714
026A,02,6A,0,0,0,0,491,491,487,4,55,167,130,75,37,19,0,0,0,0,0,0,0,0,2,0,0,0,0,2,0,0,inf,0.8146639511201629,99.18533604887983,11.293634496919918,34.29158110882957,26.69404517453799,15.400410677618071,7.597535934291582,3.9014373716632447,0.0,0.0,0.0,0.0,0.0,0.0,0.0,0.0,0.41067761806981523,0.0,0.0,0.0,0.0,0.41067761806981523,0.0,0.0
026B,02,6B,0,0,0,0,783,783,778,5,111,265,129,189,41,31,0,0,0,0,0,0,0,0,6,0,0,0,0,4,0,2,inf,0.6385696040868455,99.36143039591315,14.267352185089974,34.06169665809769,16.580976863753214,24.29305912596401,5.269922879177378,3.984575835475578,0.0,0.0,0.0,0.0,0.0,0.0,0.0,0.0,0.7712082262210797,0.0,0.0,0.0,0.0,0.5141388174807198,0.0,0.2570694087403599
026C,02,6C,0,0,0,0,643,643,631,12,83,224,82,187,24,22,0,0,0,0,0,0,0,0,4,0,0,0,0,4,0,1,inf,1.8662519440124419,98.13374805598755,13.153724247226625,35.49920760697306,12.995245641838352,29.635499207606976,3.8034865293185423,3.4865293185419968,0.0,0.0,0.0,0.0,0.0,0.0,0.0,0.0,0.6339144215530903,0.0,0.0,0.0,0.0,0.6339144215530903,0.0,0.15847860538827258
026D,02,6D,0,0,0,0,723,723,719,4,80,260,57,265,33,11,0,0,0,0,0,0,0,0,2,0,0,0,0,9,0,2,inf,0.5532503457814661,99.44674965421854,11.126564673157164,36.16133518776078,7.927677329624479,36.8567454798331,4.58970792767733,1.52990264255911,0.0,0.0,0.0,0.0,0.0,0.0,0.0,0.0,0.27816411682892905,0.0,0.0,0.0,0.0,1.2517385257301807,0.0,0.27816411682892905
026E,02,6E,0,0,0,0,768,768,767,1,77,347,73,215,18,27,0,0,0,0,0,0,0,0,4,0,0,0,0,3,0,3,inf,0.13020833333333331,99.86979166666666,10.039113428943937,45.241199478487616,9.517601043024772,28.03129074315515,2.346805736636245,3.5202086049543677,0.0,0.0,0.0,0.0,0.0,0.0,0.0,0.0,0.5215123859191656,0.0,0.0,0.0,0.0,0.3911342894393742,0.0,0.3911342894393742
026F,02,6F,0,0,0,0,909,909,906,3,91,316,91,334,51,17,0,0,0,0,0,0,0,0,1,0,0,0,0,4,0,1,inf,0.33003300330033003,99.66996699669967,10.044150110375275,34.87858719646799,10.044150110375275,36.86534216335541,5.629139072847682,1.8763796909492272,0.0,0.0,0.0,0.0,0.0,0.0,0.0,0.0,0.11037527593818984,0.0,0.0,0.0,0.0,0.44150110375275936,0.0,0.11037527593818984
026G,02,6G,0,0,0,0,712,712,707,5,80,290,51,248,16,19,0,0,0,0,0,0,0,0,1,0,0,0,0,1,0,1,inf,0.7022471910112359,99.29775280898876,11.315417256011315,41.018387553041016,7.213578500707214,35.07779349363508,2.263083451202263,2.6874115983026874,0.0,0.0,0.0,0.0,0.0,0.0,0.0,0.0,0.14144271570014144,0.0,0.0,0.0,0.0,0.14144271570014144,0.0,0.14144271570014144
026H,02,6H,0,0,0,0,782,782,778,4,70,324,41,286,35,11,0,0,0,0,0,0,0,0,3,0,0,0,0,4,0,4,inf,0.5115089514066496,99.48849104859335,8.997429305912597,41.645244215938305,5.269922879177378,36.760925449871465,4.4987146529562985,1.4138817480719794,0.0,0.0,0.0,0.0,0.0,0.0,0.0,0.0,0.3856041131105398,0.0,0.0,0.0,0.0,0.5141388174807198,0.0,0.5141388174807198
026J,02,6J,0,0,0,0,499,499,498,1,72,195,63,138,13,14,0,0,0,0,0,0,0,0,2,0,0,0,0,0,0,1,inf,0.2004008016032064,99.79959919839679,14.457831325301203,39.1566265060241,12.650602409638553,27.710843373493976,2.610441767068273,2.8112449799196786,0.0,0.0,0.0,0.0,0.0,0.0,0.0,0.0,0.4016064257028112,0.0,0.0,0.0,0.0,0.0,0.0,0.2008032128514056
026K,02,6K,0,0,0,0,668,668,665,3,70,247,64,230,25,19,0,0,0,0,0,0,0,0,6,0,0,0,0,3,0,1,inf,0.4491017964071856,99.55089820359282,10.526315789473683,37.142857142857146,9.624060150375941,34.58646616541353,3.7593984962406015,2.857142857142857,0.0,0.0,0.0,0.0,0.0,0.0,0.0,0.0,0.9022556390977444,0.0,0.0,0.0,0.0,0.4511278195488722,0.0,0.15037593984962408
026L,02,6L,0,0,0,0,835,835,832,3,90,319,64,302,29,13,0,0,0,0,0,0,0,0,5,0,0,0,0,6,0,4,inf,0.3592814371257485,99.64071856287426,10.817307692307693,38.34134615384615,7.6923076923076925,36.29807692307692,3.4855769230769234,1.5625,0.0,0.0,0.0,0.0,0.0,0.0,0.0,0.0,0.6009615384615385,0.0,0.0,0.0,0.0,0.7211538461538461,0.0,0.4807692307692308
026M,02,6M,0,0,0,0,841,841,832,9,92,298,64,316,30,20,0,0,0,0,0,0,0,0,4,0,0,0,0,5,0,3,inf,1.070154577883472,98.92984542211653,11.057692307692307,35.81730769230769,7.6923076923076925,37.980769230769226,3.6057692307692304,2.403846153846154,0.0,0.0,0.0,0.0,0.0,0.0,0.0,0.0,0.4807692307692308,0.0,0.0,0.0,0.0,0.6009615384615385,0.0,0.3605769230769231
026N,02,6N,0,0,0,0,803,803,800,3,78,327,47,292,28,20,0,0,0,0,0,0,0,0,2,0,0,0,0,5,0,1,inf,0.37359900373599003,99.62640099626401,9.75,40.875,5.875,36.5,3.5000000000000004,2.5,0.0,0.0,0.0,0.0,0.0,0.0,0.0,0.0,0.25,0.0,0.0,0.0,0.0,0.625,0.0,0.125
026P,02,6P,0,0,0,0,675,675,671,4,69,251,39,266,15,21,0,0,0,0,0,0,0,0,1,0,0,0,0,6,0,3,inf,0.5925925925925926,99.4074074074074,10.283159463487332,37.40685543964232,5.812220566318927,39.642324888226526,2.235469448584203,3.129657228017884,0.0,0.0,0.0,0.0,0.0,0.0,0.0,0.0,0.14903129657228018,0.0,0.0,0.0,0.0,0.8941877794336811,0.0,0.44709388971684055
026Q,02,6Q,0,0,0,0,676,676,673,3,95,238,56,221,37,17,0,0,0,0,0,0,0,0,4,0,0,0,0,5,0,0,inf,0.4437869822485207,99.55621301775149,14.115898959881129,35.36404160475483,8.320950965824665,32.838038632986624,5.49777117384844,2.526002971768202,0.0,0.0,0.0,0.0,0.0,0.0,0.0,0.0,0.5943536404160475,0.0,0.0,0.0,0.0,0.7429420505200593,0.0,0.0
03100,03,100,1393,903,490,0,674,9,664,10,84,173,115,129,136,12,0,0,0,8,0,0,4,0,3,0,0,0,0,0,0,0,48.38478104809763,1.483679525222552,98.51632047477746,12.650602409638553,26.054216867469883,17.319277108433734,19.427710843373493,20.481927710843372,1.8072289156626504,0.0,0.0,0.0,1.2048192771084338,0.0,0.0,0.6024096385542169,0.0,0.4518072289156626,0.0,0.0,0.0,0.0,0.0,0.0,0.0
03101,03,101,1204,804,400,0,606,9,597,9,66,99,105,115,171,16,0,0,0,13,0,0,5,0,7,0,0,0,0,0,0,0,50.332225913621265,1.4851485148514851,98.51485148514851,11.055276381909549,16.582914572864322,17.587939698492463,19.262981574539364,28.643216080402013,2.680067001675042,0.0,0.0,0.0,2.1775544388609713,0.0,0.0,0.8375209380234505,0.0,1.1725293132328307,0.0,0.0,0.0,0.0,0.0,0.0,0.0
03102,03,102,970,562,408,0,461,2,458,3,45,82,94,98,114,15,0,0,0,6,0,0,2,0,2,0,0,0,0,0,0,0,47.52577319587628,0.6507592190889371,99.34924078091106,9.82532751091703,17.903930131004365,20.52401746724891,21.397379912663755,24.890829694323145,3.2751091703056767,0.0,0.0,0.0,1.3100436681222707,0.0,0.0,0.43668122270742354,0.0,0.43668122270742354,0.0,0.0,0.0,0.0,0.0,0.0,0.0
03103,03,103,1141,874,267,0,504,4,497,7,66,49,81,101,166,15,0,0,0,6,0,0,4,0,9,0,0,0,0,0,0,0,44.171779141104295,1.3888888888888888,98.61111111111111,13.279678068410464,9.859154929577464,16.297786720321934,20.321931589537222,33.400402414486926,3.0181086519114686,0.0,0.0,0.0,1.2072434607645874,0.0,0.0,0.8048289738430584,0.0,1.8108651911468814,0.0,0.0,0.0,0.0,0.0,0.0,0.0
03104,03,104,1411,947,464,0,579,3,574,5,77,36,87,101,240,8,0,0,0,13,0,0,5,0,7,0,0,0,0,0,0,0,41.034727143869596,0.8635578583765112,99.13644214162349,13.414634146341465,6.2717770034843205,15.156794425087108,17.59581881533101,41.81184668989547,1.3937282229965158,0.0,0.0,0.0,2.264808362369338,0.0,0.0,0.8710801393728222,0.0,1.2195121951219512,0.0,0.0,0.0,0.0,0.0,0.0,0.0
03105,03,105,1027,756,271,0,563,3,550,13,78,36,103,131,175,11,0,0,0,9,0,0,2,0,5,0,0,0,0,0,0,0,54.81986368062317,2.3090586145648313,97.69094138543517,14.181818181818182,6.545454545454546,18.72727272727273,23.81818181818182,31.818181818181817,2.0,0.0,0.0,0.0,1.6363636363636365,0.0,0.0,0.36363636363636365,0.0,0.9090909090909091,0.0,0.0,0.0,0.0,0.0,0.0,0.0
03106,03,106,1267,1040,227,0,605,0,597,8,59,26,77,123,272,10,0,0,0,25,0,0,2,0,3,0,0,0,0,0,0,0,47.750591949486974,1.322314049586777,98.67768595041322,9.882747068676718,4.355108877721943,12.897822445561138,20.603015075376884,45.56113902847571,1.675041876046901,0.0,0.0,0.0,4.1876046901172534,0.0,0.0,0.33500837520938026,0.0,0.5025125628140703,0.0,0.0,0.0,0.0,0.0,0.0,0.0
03107,03,107,853,680,173,0,472,3,465,7,71,18,61,87,199,13,0,0,0,9,0,0,2,0,5,0,0,0,0,0,0,0,55.33411488862837,1.4830508474576272,98.51694915254238,15.268817204301074,3.870967741935484,13.118279569892474,18.70967741935484,42.795698924731184,2.795698924731183,0.0,0.0,0.0,1.935483870967742,0.0,0.0,0.43010752688172044,0.0,1.0752688172043012,0.0,0.0,0.0,0.0,0.0,0.0,0.0
03108,03,108,1293,1019,274,0,677,5,661,16,109,33,104,117,266,9,0,0,0,13,0,0,1,0,9,0,0,0,0,0,0,0,52.35885537509667,2.363367799113737,97.63663220088627,16.49016641452345,4.992435703479576,15.73373676248109,17.700453857791228,40.24205748865356,1.361573373676248,0.0,0.0,0.0,1.9667170953101363,0.0,0.0,0.15128593040847202,0.0,1.361573373676248,0.0,0.0,0.0,0.0,0.0,0.0,0.0
03109,03,109,1469,996,473,0,804,3,789,15,80,51,177,133,309,19,0,0,0,7,0,0,5,0,8,0,0,0,0,0,0,0,54.73110959836623,1.8656716417910446,98.13432835820896,10.139416983523446,6.4638783269961975,22.433460076045627,16.856780735107733,39.163498098859314,2.4081115335868186,0.0,0.0,0.0,0.8871989860583016,0.0,0.0,0.6337135614702154,0.0,1.0139416983523446,0.0,0.0,0.0,0.0,0.0,0.0,0.0
03110,03,110,1401,1047,354,0,790,4,776,14,94,84,125,134,277,24,0,0,0,21,0,0,7,0,10,0,0,0,0,0,0,0,56.38829407566024,1.7721518987341773,98.22784810126582,12.11340206185567,10.824742268041238,16.108247422680414,17.2680412371134,35.6958762886598,3.0927835051546393,0.0,0.0,0.0,2.7061855670103094,0.0,0.0,0.902061855670103,0.0,1.2886597938144329,0.0,0.0,0.0,0.0,0.0,0.0,0.0
03111,03,111,1375,908,467,0,740,7,734,6,91,79,173,129,221,23,0,0,0,9,0,0,5,0,4,0,0,0,0,0,0,0,53.81818181818182,0.8108108108108109,99.1891891891892,12.397820163487738,10.762942779291553,23.56948228882834,17.574931880108995,30.108991825613078,3.1335149863760217,0.0,0.0,0.0,1.226158038147139,0.0,0.0,0.6811989100817438,0.0,0.544959128065395,0.0,0.0,0.0,0.0,0.0,0.0,0.0
03112,03,112,1170,794,376,0,588,6,580,8,69,59,126,95,206,19,0,0,0,2,0,0,2,0,2,0,0,0,0,0,0,0,50.256410256410255,1.3605442176870748,98.63945578231292,11.89655172413793,10.172413793103448,21.72413793103448,16.379310344827587,35.51724137931034,3.2758620689655173,0.0,0.0,0.0,0.3448275862068966,0.0,0.0,0.3448275862068966,0.0,0.3448275862068966,0.0,0.0,0.0,0.0,0.0,0.0,0.0
03113,03,113,1505,914,591,0,728,5,717,11,83,88,145,133,230,15,0,0,0,12,0,0,2,0,9,0,0,0,0,0,0,0,48.372093023255815,1.510989010989011,98.48901098901099,11.576011157601116,12.273361227336123,20.2231520223152,18.549511854951188,32.07810320781032,2.092050209205021,0.0,0.0,0.0,1.6736401673640167,0.0,0.0,0.2789400278940028,0.0,1.2552301255230125,0.0,0.0,0.0,0.0,0.0,0.0,0.0
03114,03,114,988,587,401,0,498,5,492,6,67,63,116,74,151,10,0,0,0,4,0,0,2,0,5,0,0,0,0,0,0,0,50.40485829959515,1.2048192771084338,98.79518072289156,13.617886178861788,12.804878048780488,23.577235772357724,15.040650406504067,30.691056910569102,2.0325203252032518,0.0,0.0,0.0,0.8130081300813009,0.0,0.0,0.40650406504065045,0.0,1.0162601626016259,0.0,0.0,0.0,0.0,0.0,0.0,0.0
03115,03,115,1130,702,428,0,588,3,585,3,74,87,151,110,134,14,0,0,0,8,0,0,3,0,4,0,0,0,0,0,0,0,52.03539823008849,0.5102040816326531,99.48979591836735,12.649572649572649,14.871794871794872,25.811965811965816,18.803418803418804,22.905982905982906,2.3931623931623935,0.0,0.0,0.0,1.3675213675213675,0.0,0.0,0.5128205128205128,0.0,0.6837606837606838,0.0,0.0,0.0,0.0,0.0,0.0,0.0
03116,03,116,1365,946,419,0,723,10,714,9,85,81,120,133,253,14,0,0,0,18,0,0,6,0,4,0,0,0,0,0,0,0,52.96703296703297,1.2448132780082988,98.7551867219917,11.904761904761903,11.344537815126051,16.80672268907563,18.627450980392158,35.43417366946779,1.9607843137254901,0.0,0.0,0.0,2.5210084033613445,0.0,0.0,0.8403361344537815,0.0,0.5602240896358543,0.0,0.0,0.0,0.0,0.0,0.0,0.0
03117,03,117,1348,984,364,0,728,17,716,12,72,74,112,114,307,14,0,0,0,17,0,0,4,0,2,0,0,0,0,0,0,0,54.00593471810089,1.6483516483516485,98.35164835164835,10.05586592178771,10.335195530726256,15.64245810055866,15.921787709497206,42.877094972067034,1.9553072625698324,0.0,0.0,0.0,2.3743016759776534,0.0,0.0,0.5586592178770949,0.0,0.27932960893854747,0.0,0.0,0.0,0.0,0.0,0.0,0.0
03118,03,118,1361,737,624,0,601,4,594,7,71,88,129,90,178,26,0,0,0,6,0,0,2,0,4,0,0,0,0,0,0,0,44.15870683321088,1.1647254575707155,98.83527454242929,11.952861952861953,14.814814814814813,21.71717171717172,15.151515151515152,29.96632996632997,4.377104377104377,0.0,0.0,0.0,1.0101010101010102,0.0,0.0,0.33670033670033667,0.0,0.6734006734006733,0.0,0.0,0.0,0.0,0.0,0.0,0.0
03119,03,119,1407,915,492,0,701,14,695,6,74,78,152,111,251,23,0,0,0,4,0,0,1,0,1,0,0,0,0,0,0,0,49.82231698649609,0.8559201141226819,99.14407988587732,10.647482014388489,11.223021582733812,21.8705035971223,15.971223021582734,36.115107913669064,3.3093525179856114,0.0,0.0,0.0,0.5755395683453237,0.0,0.0,0.14388489208633093,0.0,0.14388489208633093,0.0,0.0,0.0,0.0,0.0,0.0,0.0
03120,03,120,1196,778,418,0,641,6,636,5,77,96,138,96,196,19,0,0,0,7,0,0,2,0,5,0,0,0,0,0,0,0,53.59531772575251,0.7800312012480499,99.21996879875195,12.10691823899371,15.09433962264151,21.69811320754717,15.09433962264151,30.81761006289308,2.9874213836477987,0.0,0.0,0.0,1.10062893081761,0.0,0.0,0.3144654088050315,0.0,0.7861635220125787,0.0,0.0,0.0,0.0,0.0,0.0,0.0
03121,03,121,1252,778,474,0,653,8,649,4,58,112,162,105,174,23,0,0,0,11,0,0,1,0,3,0,0,0,0,0,0,0,52.156549520766774,0.6125574272588056,99.3874425727412,8.936825885978427,17.257318952234208,24.961479198767332,16.178736517719567,26.810477657935284,3.5439137134052388,0.0,0.0,0.0,1.694915254237288,0.0,0.0,0.15408320493066258,0.0,0.46224961479198773,0.0,0.0,0.0,0.0,0.0,0.0,0.0
03122,03,122,1306,724,582,0,614,6,610,4,63,70,169,103,176,16,0,0,0,4,0,0,3,0,6,0,0,0,0,0,0,0,47.013782542113326,0.6514657980456027,99.3485342019544,10.327868852459018,11.475409836065573,27.704918032786885,16.885245901639344,28.852459016393446,2.622950819672131,0.0,0.0,0.0,0.6557377049180327,0.0,0.0,0.49180327868852464,0.0,0.9836065573770493,0.0,0.0,0.0,0.0,0.0,0.0,0.0
03123,03,123,1289,873,416,0,734,1,720,14,72,74,185,133,209,27,0,0,0,11,0,0,2,0,7,0,0,0,0,0,0,0,56.94336695112491,1.9073569482288828,98.09264305177112,10.0,10.277777777777777,25.694444444444443,18.47222222222222,29.02777777777778,3.75,0.0,0.0,0.0,1.5277777777777777,0.0,0.0,0.2777777777777778,0.0,0.9722222222222222,0.0,0.0,0.0,0.0,0.0,0.0,0.0
03124,03,124,1072,671,401,0,585,6,572,13,65,91,141,102,138,20,0,0,0,10,0,0,3,0,2,0,0,0,0,0,0,0,54.570895522388064,2.2222222222222223,97.77777777777777,11.363636363636363,15.909090909090908,24.65034965034965,17.832167832167833,24.125874125874127,3.4965034965034967,0.0,0.0,0.0,1.7482517482517483,0.0,0.0,0.5244755244755245,0.0,0.34965034965034963,0.0,0.0,0.0,0.0,0.0,0.0,0.0
03125,03,125,1275,803,472,0,694,7,684,10,76,75,151,101,245,20,0,0,0,9,0,0,4,0,3,0,0,0,0,0,0,0,54.431372549019606,1.440922190201729,98.55907780979827,11.11111111111111,10.964912280701753,22.076023391812864,14.76608187134503,35.8187134502924,2.923976608187134,0.0,0.0,0.0,1.3157894736842104,0.0,0.0,0.5847953216374269,0.0,0.43859649122807015,0.0,0.0,0.0,0.0,0.0,0.0,0.0
03126,03,126,1126,716,410,0,538,6,530,8,63,49,119,85,176,22,0,0,0,9,0,0,1,0,6,0,0,0,0,0,0,0,47.7797513321492,1.486988847583643,98.51301115241635,11.88679245283019,9.245283018867925,22.452830188679247,16.037735849056602,33.20754716981132,4.150943396226415,0.0,0.0,0.0,1.6981132075471699,0.0,0.0,0.18867924528301888,0.0,1.1320754716981132,0.0,0.0,0.0,0.0,0.0,0.0,0.0
03127,03,127,746,561,185,0,330,4,325,5,40,32,38,57,140,8,0,0,0,6,0,0,1,0,3,0,0,0,0,0,0,0,44.23592493297587,1.5151515151515151,98.48484848484848,12.307692307692308,9.846153846153847,11.692307692307692,17.53846153846154,43.07692307692308,2.4615384615384617,0.0,0.0,0.0,1.8461538461538463,0.0,0.0,0.3076923076923077,0.0,0.9230769230769231,0.0,0.0,0.0,0.0,0.0,0.0,0.0
031A,03,1A,0,0,0,0,469,469,465,4,62,114,117,86,59,10,0,0,0,9,0,0,3,0,5,0,0,0,0,0,0,0,inf,0.8528784648187633,99.14712153518124,13.333333333333334,24.516129032258064,25.161290322580644,18.494623655913976,12.688172043010754,2.1505376344086025,0.0,0.0,0.0,1.935483870967742,0.0,0.0,0.6451612903225806,0.0,1.0752688172043012,0.0,0.0,0.0,0.0,0.0,0.0,0.0
031B,03,1B,0,0,0,0,751,751,749,2,118,128,183,153,120,23,0,0,0,9,0,0,8,0,7,0,0,0,0,0,0,0,inf,0.2663115845539281,99.73368841544608,15.7543391188251,17.089452603471294,24.432576769025367,20.427236315086784,16.02136181575434,3.0707610146862483,0.0,0.0,0.0,1.2016021361815754,0.0,0.0,1.0680907877169559,0.0,0.9345794392523363,0.0,0.0,0.0,0.0,0.0,0.0,0.0
031C,03,1C,0,0,0,0,658,658,646,12,122,58,140,145,135,16,0,0,0,16,0,0,7,0,7,0,0,0,0,0,0,0,inf,1.82370820668693,98.17629179331307,18.885448916408667,8.978328173374612,21.671826625387,22.445820433436534,20.897832817337463,2.476780185758514,0.0,0.0,0.0,2.476780185758514,0.0,0.0,1.08359133126935,0.0,1.08359133126935,0.0,0.0,0.0,0.0,0.0,0.0,0.0
031D,03,1D,0,0,0,0,427,427,423,4,81,29,100,105,86,5,0,0,0,11,0,0,4,0,2,0,0,0,0,0,0,0,inf,0.936768149882904,99.06323185011709,19.148936170212767,6.8557919621749415,23.64066193853428,24.822695035460992,20.33096926713948,1.1820330969267139,0.0,0.0,0.0,2.6004728132387704,0.0,0.0,0.9456264775413712,0.0,0.4728132387706856,0.0,0.0,0.0,0.0,0.0,0.0,0.0
031E,03,1E,0,0,0,0,362,362,354,8,58,20,59,86,108,3,0,0,0,13,0,0,2,0,5,0,0,0,0,0,0,0,inf,2.209944751381215,97.79005524861878,16.38418079096045,5.649717514124294,16.666666666666664,24.293785310734464,30.508474576271187,0.847457627118644,0.0,0.0,0.0,3.672316384180791,0.0,0.0,0.5649717514124294,0.0,1.4124293785310735,0.0,0.0,0.0,0.0,0.0,0.0,0.0
031F,03,1F,0,0,0,0,695,695,687,8,122,63,172,129,152,18,0,0,0,18,0,0,5,0,8,0,0,0,0,0,0,0,inf,1.1510791366906474,98.84892086330936,17.758369723435223,9.170305676855897,25.036390101892287,18.777292576419214,22.12518195050946,2.6200873362445414,0.0,0.0,0.0,2.6200873362445414,0.0,0.0,0.727802037845706,0.0,1.1644832605531297,0.0,0.0,0.0,0.0,0.0,0.0,0.0
031G,03,1G,0,0,0,0,775,775,768,7,123,101,198,149,152,23,0,0,0,11,0,0,6,0,5,0,0,0,0,0,0,0,inf,0.903225806451613,99.09677419354838,16.015625,13.151041666666666,25.78125,19.401041666666664,19.791666666666664,2.994791666666667,0.0,0.0,0.0,1.4322916666666665,0.0,0.0,0.78125,0.0,0.6510416666666667,0.0,0.0,0.0,0.0,0.0,0.0,0.0
031H,03,1H,0,0,0,0,724,724,713,11,137,100,209,105,115,23,0,0,0,11,0,0,5,0,8,0,0,0,0,0,0,0,inf,1.5193370165745856,98.48066298342542,19.214586255259466,14.025245441795231,29.312762973352037,14.726507713884992,16.129032258064516,3.225806451612903,0.0,0.0,0.0,1.5427769985974753,0.0,0.0,0.7012622720897616,0.0,1.1220196353436185,0.0,0.0,0.0,0.0,0.0,0.0,0.0
031I,03,1I,0,0,0,0,574,574,567,7,81,71,181,98,96,25,0,0,0,10,0,0,2,0,3,0,0,0,0,0,0,0,inf,1.2195121951219512,98.78048780487805,14.285714285714285,12.522045855379188,31.922398589065253,17.28395061728395,16.93121693121693,4.409171075837742,0.0,0.0,0.0,1.763668430335097,0.0,0.0,0.3527336860670194,0.0,0.5291005291005291,0.0,0.0,0.0,0.0,0.0,0.0,0.0
031K,03,1K,0,0,0,0,787,787,778,9,111,126,252,123,116,28,0,0,0,15,0,0,4,0,3,0,0,0,0,0,0,0,inf,1.1435832274459974,98.856416772554,14.267352185089974,16.195372750642672,32.390745501285345,15.809768637532134,14.910025706940875,3.5989717223650386,0.0,0.0,0.0,1.9280205655526992,0.0,0.0,0.5141388174807198,0.0,0.3856041131105398,0.0,0.0,0.0,0.0,0.0,0.0,0.0
031L,03,1L,0,0,0,0,714,714,699,15,102,74,161,140,160,20,0,0,0,25,0,0,8,0,9,0,0,0,0,0,0,0,inf,2.100840336134454,97.89915966386555,14.592274678111588,10.586552217453505,23.032904148783977,20.028612303290416,22.889842632331902,2.8612303290414878,0.0,0.0,0.0,3.5765379113018603,0.0,0.0,1.144492131616595,0.0,1.2875536480686696,0.0,0.0,0.0,0.0,0.0,0.0,0.0
031M,03,1M,0,0,0,0,598,598,590,8,90,115,161,100,84,28,0,0,0,6,0,0,1,0,5,0,0,0,0,0,0,0,inf,1.3377926421404682,98.66220735785953,15.254237288135593,19.491525423728813,27.288135593220336,16.94915254237288,14.237288135593221,4.745762711864407,0.0,0.0,0.0,1.0169491525423728,0.0,0.0,0.1694915254237288,0.0,0.847457627118644,0.0,0.0,0.0,0.0,0.0,0.0,0.0
031N,03,1N,0,0,0,0,842,842,834,8,127,106,275,133,151,23,0,0,0,10,0,0,3,0,6,0,0,0,0,0,0,0,inf,0.9501187648456058,99.04988123515439,15.227817745803357,12.709832134292565,32.97362110311751,15.947242206235012,18.10551558752998,2.7577937649880093,0.0,0.0,0.0,1.1990407673860912,0.0,0.0,0.3597122302158274,0.0,0.7194244604316548,0.0,0.0,0.0,0.0,0.0,0.0,0.0
031P,03,1P,0,0,0,0,558,558,555,3,79,90,175,94,88,21,0,0,0,5,0,0,1,0,2,0,0,0,0,0,0,0,inf,0.5376344086021506,99.46236559139786,14.234234234234233,16.216216216216218,31.53153153153153,16.936936936936934,15.855855855855856,3.783783783783784,0.0,0.0,0.0,0.9009009009009009,0.0,0.0,0.18018018018018017,0.0,0.36036036036036034,0.0,0.0,0.0,0.0,0.0,0.0,0.0
031Q,03,1Q,0,0,0,0,825,825,811,14,128,132,238,120,130,32,0,0,0,22,0,0,4,0,5,0,0,0,0,0,0,0,inf,1.6969696969696972,98.3030303030303,15.782983970406905,16.276202219482123,29.34648581997534,14.796547472256474,16.029593094944513,3.945745992601726,0.0,0.0,0.0,2.7127003699136867,0.0,0.0,0.4932182490752158,0.0,0.6165228113440198,0.0,0.0,0.0,0.0,0.0,0.0,0.0
031R,03,1R,0,0,0,0,842,842,837,5,131,147,250,140,109,29,0,0,0,17,0,0,2,0,12,0,0,0,0,0,0,0,inf,0.5938242280285035,99.40617577197149,15.651135005973716,17.562724014336915,29.868578255675033,16.726403823178014,13.022700119474312,3.464755077658303,0.0,0.0,0.0,2.031063321385902,0.0,0.0,0.23894862604540024,0.0,1.4336917562724014,0.0,0.0,0.0,0.0,0.0,0.0,0.0
03200,03,200,1367,785,582,0,666,16,658,8,92,100,173,93,161,29,0,0,0,5,0,0,1,0,4,0,0,0,0,0,0,0,48.71982443306511,1.2012012012012012,98.7987987987988,13.98176291793313,15.19756838905775,26.29179331306991,14.133738601823708,24.46808510638298,4.407294832826747,0.0,0.0,0.0,0.7598784194528876,0.0,0.0,0.1519756838905775,0.0,0.60790273556231,0.0,0.0,0.0,0.0,0.0,0.0,0.0
03201,03,201,632,524,108,0,440,3,435,5,40,22,84,56,211,16,0,0,0,3,0,0,0,0,3,0,0,0,0,0,0,0,69.62025316455697,1.1363636363636365,98.86363636363636,9.195402298850574,5.057471264367816,19.310344827586206,12.873563218390805,48.50574712643678,3.67816091954023,0.0,0.0,0.0,0.6896551724137931,0.0,0.0,0.0,0.0,0.6896551724137931,0.0,0.0,0.0,0.0,0.0,0.0,0.0
03202,03,202,862,626,236,0,517,9,511,6,43,87,113,61,186,13,0,0,0,3,0,0,1,0,4,0,0,0,0,0,0,0,59.976798143851504,1.160541586073501,98.8394584139265,8.414872798434441,17.025440313111545,22.113502935420744,11.937377690802348,36.399217221135025,2.5440313111545985,0.0,0.0,0.0,0.5870841487279843,0.0,0.0,0.19569471624266144,0.0,0.7827788649706457,0.0,0.0,0.0,0.0,0.0,0.0,0.0
03203,03,203,1328,910,418,0,692,11,682,10,77,51,139,116,257,16,0,0,0,18,0,0,1,0,7,0,0,0,0,0,0,0,52.108433734939766,1.4450867052023122,98.55491329479769,11.29032258064516,7.47800586510264,20.381231671554254,17.008797653958943,37.683284457478,2.346041055718475,0.0,0.0,0.0,2.6392961876832843,0.0,0.0,0.1466275659824047,0.0,1.0263929618768328,0.0,0.0,0.0,0.0,0.0,0.0,0.0
03204,03,204,1169,749,420,0,566,10,555,11,61,47,129,85,204,10,0,0,0,10,0,0,4,0,5,0,0,0,0,0,0,0,48.4174508126604,1.9434628975265018,98.0565371024735,10.99099099099099,8.468468468468467,23.243243243243246,15.315315315315313,36.75675675675676,1.8018018018018018,0.0,0.0,0.0,1.8018018018018018,0.0,0.0,0.7207207207207207,0.0,0.9009009009009009,0.0,0.0,0.0,0.0,0.0,0.0,0.0
03205,03,205,1440,896,544,0,691,2,682,9,83,74,157,100,234,17,0,0,0,7,0,0,4,0,6,0,0,0,0,0,0,0,47.986111111111114,1.3024602026049203,98.69753979739508,12.17008797653959,10.850439882697946,23.020527859237536,14.66275659824047,34.31085043988269,2.4926686217008798,0.0,0.0,0.0,1.0263929618768328,0.0,0.0,0.5865102639296188,0.0,0.8797653958944283,0.0,0.0,0.0,0.0,0.0,0.0,0.0
03206,03,206,1456,886,570,0,684,8,676,8,103,90,150,86,208,26,0,0,0,4,0,0,5,0,4,0,0,0,0,0,0,0,46.97802197802198,1.1695906432748537,98.83040935672514,15.236686390532544,13.313609467455622,22.189349112426036,12.721893491124261,30.76923076923077,3.8461538461538463,0.0,0.0,0.0,0.591715976331361,0.0,0.0,0.7396449704142012,0.0,0.591715976331361,0.0,0.0,0.0,0.0,0.0,0.0,0.0
03207,03,207,1199,827,372,0,668,4,659,9,91,89,111,122,204,23,0,0,0,8,0,0,5,0,6,0,0,0,0,0,0,0,55.713094245204346,1.347305389221557,98.65269461077844,13.808801213960548,13.505311077389983,16.84370257966616,18.512898330804248,30.955993930197266,3.490136570561457,0.0,0.0,0.0,1.2139605462822458,0.0,0.0,0.7587253414264037,0.0,0.9104704097116844,0.0,0.0,0.0,0.0,0.0,0.0,0.0
03208,03,208,1057,648,409,0,482,0,476,6,70,63,96,87,136,13,0,0,0,6,0,0,0,0,5,0,0,0,0,0,0,0,45.600756859035,1.2448132780082988,98.7551867219917,14.705882352941178,13.23529411764706,20.168067226890756,18.277310924369747,28.57142857142857,2.73109243697479,0.0,0.0,0.0,1.2605042016806722,0.0,0.0,0.0,0.0,1.050420168067227,0.0,0.0,0.0,0.0,0.0,0.0,0.0
03209,03,209,1141,764,377,0,574,8,564,10,89,104,89,104,136,29,0,0,0,6,0,0,3,0,4,0,0,0,0,0,0,0,50.306748466257666,1.7421602787456445,98.25783972125436,15.780141843971633,18.439716312056735,15.780141843971633,18.439716312056735,24.113475177304963,5.141843971631205,0.0,0.0,0.0,1.0638297872340425,0.0,0.0,0.5319148936170213,0.0,0.7092198581560284,0.0,0.0,0.0,0.0,0.0,0.0,0.0
03210,03,210,1211,752,459,0,627,8,618,9,72,144,119,119,127,27,0,0,0,6,0,0,1,0,3,0,0,0,0,0,0,0,51.775392237819986,1.4354066985645932,98.56459330143541,11.650485436893204,23.300970873786408,19.25566343042071,19.25566343042071,20.550161812297734,4.368932038834951,0.0,0.0,0.0,0.9708737864077669,0.0,0.0,0.16181229773462785,0.0,0.48543689320388345,0.0,0.0,0.0,0.0,0.0,0.0,0.0
03211,03,211,1385,821,564,0,697,7,693,4,90,116,162,125,148,31,0,0,0,12,0,0,4,0,5,0,0,0,0,0,0,0,50.32490974729242,0.5738880918220948,99.4261119081779,12.987012987012985,16.738816738816737,23.376623376623375,18.037518037518037,21.356421356421357,4.473304473304474,0.0,0.0,0.0,1.7316017316017316,0.0,0.0,0.5772005772005772,0.0,0.7215007215007215,0.0,0.0,0.0,0.0,0.0,0.0,0.0
03212,03,212,1072,636,436,0,479,14,470,9,64,115,78,116,73,18,0,0,0,2,0,0,2,0,2,0,0,0,0,0,0,0,44.68283582089552,1.8789144050104383,98.12108559498957,13.617021276595745,24.46808510638298,16.595744680851062,24.680851063829788,15.53191489361702,3.829787234042553,0.0,0.0,0.0,0.425531914893617,0.0,0.0,0.425531914893617,0.0,0.425531914893617,0.0,0.0,0.0,0.0,0.0,0.0,0.0
03213,03,213,1183,702,481,0,594,4,583,11,57,164,104,122,101,22,0,0,0,8,0,0,2,0,3,0,0,0,0,0,0,0,50.21132713440406,1.8518518518518516,98.14814814814815,9.777015437392796,28.130360205831906,17.83876500857633,20.926243567753,17.32418524871355,3.7735849056603774,0.0,0.0,0.0,1.3722126929674099,0.0,0.0,0.34305317324185247,0.0,0.5145797598627788,0.0,0.0,0.0,0.0,0.0,0.0,0.0
03214,03,214,894,485,409,0,415,7,410,5,35,96,56,124,76,10,0,0,0,9,0,0,1,0,3,0,0,0,0,0,0,0,46.42058165548099,1.2048192771084338,98.79518072289156,8.536585365853659,23.414634146341466,13.658536585365855,30.24390243902439,18.536585365853657,2.4390243902439024,0.0,0.0,0.0,2.195121951219512,0.0,0.0,0.24390243902439024,0.0,0.7317073170731708,0.0,0.0,0.0,0.0,0.0,0.0,0.0
03215,03,215,1225,788,437,0,588,2,580,8,67,70,121,79,212,19,0,0,0,6,0,0,2,0,4,0,0,0,0,0,0,0,48.0,1.3605442176870748,98.63945578231292,11.551724137931034,12.068965517241379,20.862068965517242,13.620689655172413,36.55172413793103,3.2758620689655173,0.0,0.0,0.0,1.0344827586206897,0.0,0.0,0.3448275862068966,0.0,0.6896551724137931,0.0,0.0,0.0,0.0,0.0,0.0,0.0
03216,03,216,998,603,395,0,478,7,472,6,54,81,70,116,128,16,0,0,0,3,0,0,4,0,0,0,0,0,0,0,0,0,47.89579158316633,1.2552301255230125,98.74476987447699,11.440677966101696,17.16101694915254,14.83050847457627,24.576271186440678,27.11864406779661,3.389830508474576,0.0,0.0,0.0,0.6355932203389831,0.0,0.0,0.847457627118644,0.0,0.0,0.0,0.0,0.0,0.0,0.0,0.0,0.0
03217,03,217,1362,831,531,0,679,9,674,5,76,146,116,141,144,28,0,0,0,12,0,0,5,0,6,0,0,0,0,0,0,0,49.85315712187959,0.7363770250368188,99.26362297496318,11.275964391691394,21.66172106824926,17.210682492581604,20.919881305637983,21.364985163204746,4.154302670623145,0.0,0.0,0.0,1.7804154302670623,0.0,0.0,0.741839762611276,0.0,0.8902077151335311,0.0,0.0,0.0,0.0,0.0,0.0,0.0
03218,03,218,1224,723,501,0,591,17,582,9,66,89,125,122,145,22,0,0,0,4,0,0,3,0,6,0,0,0,0,0,0,0,48.28431372549019,1.5228426395939088,98.47715736040608,11.34020618556701,15.292096219931272,21.477663230240548,20.962199312714777,24.914089347079038,3.7800687285223367,0.0,0.0,0.0,0.6872852233676976,0.0,0.0,0.5154639175257731,0.0,1.0309278350515463,0.0,0.0,0.0,0.0,0.0,0.0,0.0
03219,03,219,1332,858,474,0,699,2,691,8,122,77,130,141,184,25,0,0,0,7,0,0,1,0,4,0,0,0,0,0,0,0,52.47747747747747,1.144492131616595,98.85550786838341,17.655571635311144,11.143270622286542,18.813314037626625,20.40520984081042,26.62807525325615,3.61794500723589,0.0,0.0,0.0,1.0130246020260492,0.0,0.0,0.1447178002894356,0.0,0.5788712011577424,0.0,0.0,0.0,0.0,0.0,0.0,0.0
03220,03,220,1473,858,615,0,701,12,693,8,76,183,128,140,135,17,0,0,0,5,0,0,4,0,5,0,0,0,0,0,0,0,47.58995247793619,1.1412268188302426,98.85877318116975,10.966810966810966,26.406926406926406,18.47041847041847,20.2020202020202,19.480519480519483,2.4531024531024532,0.0,0.0,0.0,0.7215007215007215,0.0,0.0,0.5772005772005772,0.0,0.7215007215007215,0.0,0.0,0.0,0.0,0.0,0.0,0.0
03221,03,221,1195,642,553,0,521,7,515,6,86,121,89,87,109,16,0,0,0,3,0,0,0,0,4,0,0,0,0,0,0,0,43.59832635983263,1.1516314779270633,98.84836852207293,16.699029126213592,23.495145631067963,17.281553398058254,16.893203883495143,21.16504854368932,3.1067961165048543,0.0,0.0,0.0,0.5825242718446602,0.0,0.0,0.0,0.0,0.7766990291262136,0.0,0.0,0.0,0.0,0.0,0.0,0.0
03222,03,222,1283,909,374,0,655,3,642,13,87,59,99,117,240,15,0,0,0,15,0,0,1,0,9,0,0,0,0,0,0,0,51.05222135619641,1.984732824427481,98.01526717557252,13.551401869158877,9.190031152647975,15.42056074766355,18.22429906542056,37.38317757009346,2.336448598130841,0.0,0.0,0.0,2.336448598130841,0.0,0.0,0.1557632398753894,0.0,1.4018691588785046,0.0,0.0,0.0,0.0,0.0,0.0,0.0
03223,03,223,1228,757,471,0,595,4,585,10,85,78,119,99,168,26,0,0,0,8,0,0,2,0,0,0,0,0,0,0,0,0,48.45276872964169,1.680672268907563,98.31932773109243,14.529914529914532,13.333333333333334,20.34188034188034,16.923076923076923,28.717948717948715,4.444444444444445,0.0,0.0,0.0,1.3675213675213675,0.0,0.0,0.3418803418803419,0.0,0.0,0.0,0.0,0.0,0.0,0.0,0.0,0.0
03224,03,224,1127,638,489,0,494,4,482,12,75,128,83,81,93,13,0,0,0,3,0,0,4,0,2,0,0,0,0,0,0,0,43.83318544809228,2.42914979757085,97.57085020242914,15.560165975103734,26.556016597510375,17.219917012448132,16.804979253112034,19.294605809128633,2.6970954356846475,0.0,0.0,0.0,0.6224066390041494,0.0,0.0,0.8298755186721992,0.0,0.4149377593360996,0.0,0.0,0.0,0.0,0.0,0.0,0.0
03225,03,225,995,616,379,0,443,2,437,6,72,83,77,81,94,16,0,0,0,9,0,0,2,0,3,0,0,0,0,0,0,0,44.52261306532663,1.3544018058690745,98.64559819413093,16.475972540045767,18.993135011441648,17.620137299771166,18.53546910755149,21.51029748283753,3.6613272311212817,0.0,0.0,0.0,2.059496567505721,0.0,0.0,0.4576659038901602,0.0,0.6864988558352403,0.0,0.0,0.0,0.0,0.0,0.0,0.0
03226,03,226,1024,560,464,0,430,8,426,4,32,133,51,114,73,17,0,0,0,2,0,0,0,0,4,0,0,0,0,0,0,0,41.9921875,0.9302325581395349,99.06976744186046,7.511737089201878,31.220657276995308,11.971830985915492,26.76056338028169,17.136150234741784,3.9906103286384975,0.0,0.0,0.0,0.4694835680751174,0.0,0.0,0.0,0.0,0.9389671361502347,0.0,0.0,0.0,0.0,0.0,0.0,0.0
03227,03,227,1069,656,413,0,494,11,489,5,67,94,110,101,101,11,0,0,0,2,0,0,1,0,2,0,0,0,0,0,0,0,46.21141253507952,1.0121457489878543,98.98785425101214,13.701431492842536,19.222903885480573,22.494887525562373,20.654396728016362,20.654396728016362,2.2494887525562373,0.0,0.0,0.0,0.408997955010225,0.0,0.0,0.2044989775051125,0.0,0.408997955010225,0.0,0.0,0.0,0.0,0.0,0.0,0.0
032A,03,2A,0,0,0,0,552,552,547,5,89,133,170,69,66,16,0,0,0,3,0,0,0,0,1,0,0,0,0,0,0,0,inf,0.9057971014492754,99.09420289855072,16.270566727605118,24.314442413162705,31.078610603290674,12.614259597806216,12.065813528336381,2.9250457038391224,0.0,0.0,0.0,0.5484460694698354,0.0,0.0,0.0,0.0,0.18281535648994515,0.0,0.0,0.0,0.0,0.0,0.0,0.0
032B,03,2B,0,0,0,0,539,539,533,6,104,72,160,79,82,26,0,0,0,6,0,0,1,0,3,0,0,0,0,0,0,0,inf,1.1131725417439702,98.88682745825604,19.51219512195122,13.50844277673546,30.0187617260788,14.821763602251407,15.384615384615385,4.878048780487805,0.0,0.0,0.0,1.125703564727955,0.0,0.0,0.18761726078799248,0.0,0.5628517823639775,0.0,0.0,0.0,0.0,0.0,0.0,0.0
032C,03,2C,0,0,0,0,689,689,681,8,115,71,168,126,151,25,0,0,0,16,0,0,4,0,5,0,0,0,0,0,0,0,inf,1.1611030478955007,98.8388969521045,16.886930983847286,10.425844346549193,24.669603524229075,18.502202643171806,22.173274596182086,3.671071953010279,0.0,0.0,0.0,2.3494860499265786,0.0,0.0,0.5873715124816447,0.0,0.7342143906020557,0.0,0.0,0.0,0.0,0.0,0.0,0.0
032D,03,2D,0,0,0,0,732,732,724,8,113,99,171,121,170,22,0,0,0,17,0,0,5,0,6,0,0,0,0,0,0,0,inf,1.092896174863388,98.90710382513662,15.607734806629834,13.674033149171272,23.61878453038674,16.71270718232044,23.480662983425415,3.0386740331491713,0.0,0.0,0.0,2.3480662983425415,0.0,0.0,0.6906077348066298,0.0,0.8287292817679558,0.0,0.0,0.0,0.0,0.0,0.0,0.0
032E,03,2E,0,0,0,0,932,932,921,11,135,142,243,154,167,38,0,0,0,24,0,0,10,0,8,0,0,0,0,0,0,0,inf,1.1802575107296138,98.8197424892704,14.65798045602606,15.418023887079263,26.384364820846905,16.720955483170467,18.13246471226927,4.125950054288817,0.0,0.0,0.0,2.6058631921824107,0.0,0.0,1.0857763300760044,0.0,0.8686210640608035,0.0,0.0,0.0,0.0,0.0,0.0,0.0
032F,03,2F,0,0,0,0,350,350,345,5,56,45,89,61,58,20,0,0,0,8,0,0,2,0,6,0,0,0,0,0,0,0,inf,1.4285714285714286,98.57142857142858,16.231884057971012,13.043478260869565,25.79710144927536,17.681159420289855,16.81159420289855,5.797101449275362,0.0,0.0,0.0,2.318840579710145,0.0,0.0,0.5797101449275363,0.0,1.7391304347826086,0.0,0.0,0.0,0.0,0.0,0.0,0.0
032G,03,2G,0,0,0,0,524,524,522,2,102,99,133,84,82,15,0,0,0,4,0,0,2,0,1,0,0,0,0,0,0,0,inf,0.38167938931297707,99.61832061068702,19.54022988505747,18.96551724137931,25.478927203065133,16.091954022988507,15.708812260536398,2.8735632183908044,0.0,0.0,0.0,0.7662835249042145,0.0,0.0,0.38314176245210724,0.0,0.19157088122605362,0.0,0.0,0.0,0.0,0.0,0.0,0.0
032H,03,2H,0,0,0,0,839,839,826,13,155,122,188,163,135,33,0,0,0,16,0,0,2,0,12,0,0,0,0,0,0,0,inf,1.5494636471990464,98.45053635280095,18.765133171912833,14.769975786924938,22.760290556900724,19.73365617433414,16.343825665859566,3.9951573849878934,0.0,0.0,0.0,1.937046004842615,0.0,0.0,0.24213075060532688,0.0,1.4527845036319613,0.0,0.0,0.0,0.0,0.0,0.0,0.0
032I,03,2I,0,0,0,0,724,724,719,5,131,148,172,125,103,22,0,0,0,10,0,0,2,0,6,0,0,0,0,0,0,0,inf,0.6906077348066298,99.30939226519338,18.219749652294855,20.58414464534075,23.9221140472879,17.385257301808068,14.325452016689846,3.05980528511822,0.0,0.0,0.0,1.3908205841446455,0.0,0.0,0.27816411682892905,0.0,0.8344923504867872,0.0,0.0,0.0,0.0,0.0,0.0,0.0
032K,03,2K,0,0,0,0,896,896,890,6,149,223,222,147,92,33,0,0,0,11,0,0,5,0,8,0,0,0,0,0,0,0,inf,0.6696428571428571,99.33035714285714,16.741573033707866,25.056179775280903,24.9438202247191,16.51685393258427,10.337078651685392,3.707865168539326,0.0,0.0,0.0,1.2359550561797752,0.0,0.0,0.5617977528089888,0.0,0.8988764044943821,0.0,0.0,0.0,0.0,0.0,0.0,0.0
032L,03,2L,0,0,0,0,798,798,787,11,105,197,180,180,84,18,0,0,0,17,0,0,3,0,3,0,0,0,0,0,0,0,inf,1.3784461152882206,98.62155388471177,13.341804320203304,25.03176620076239,22.87166454891995,22.87166454891995,10.673443456162643,2.2871664548919948,0.0,0.0,0.0,2.1601016518424396,0.0,0.0,0.3811944091486658,0.0,0.3811944091486658,0.0,0.0,0.0,0.0,0.0,0.0,0.0
032M,03,2M,0,0,0,0,445,445,437,8,92,87,99,81,51,13,0,0,0,6,0,0,3,0,5,0,0,0,0,0,0,0,inf,1.7977528089887642,98.20224719101124,21.052631578947366,19.908466819221967,22.65446224256293,18.53546910755149,11.670480549199084,2.9748283752860414,0.0,0.0,0.0,1.3729977116704806,0.0,0.0,0.6864988558352403,0.0,1.1441647597254003,0.0,0.0,0.0,0.0,0.0,0.0,0.0
032N,03,2N,0,0,0,0,879,879,873,6,130,257,161,202,89,18,0,0,0,9,0,0,3,0,4,0,0,0,0,0,0,0,inf,0.6825938566552902,99.31740614334471,14.891179839633448,29.43871706758305,18.442153493699887,23.13860252004582,10.194730813287514,2.0618556701030926,0.0,0.0,0.0,1.0309278350515463,0.0,0.0,0.3436426116838488,0.0,0.45819014891179843,0.0,0.0,0.0,0.0,0.0,0.0,0.0
032P,03,2P,0,0,0,0,862,862,851,11,153,139,196,187,114,25,0,0,0,24,0,0,5,0,8,0,0,0,0,0,0,0,inf,1.2761020881670533,98.72389791183295,17.97884841363102,16.333725029377202,23.031727379553466,21.974148061104586,13.396004700352526,2.937720329024677,0.0,0.0,0.0,2.82021151586369,0.0,0.0,0.5875440658049353,0.0,0.9400705052878966,0.0,0.0,0.0,0.0,0.0,0.0,0.0
032Q,03,2Q,0,0,0,0,586,586,576,10,74,168,126,121,58,16,0,0,0,8,0,0,0,0,5,0,0,0,0,0,0,0,inf,1.7064846416382253,98.29351535836177,12.847222222222221,29.166666666666668,21.875,21.006944444444446,10.069444444444445,2.7777777777777777,0.0,0.0,0.0,1.3888888888888888,0.0,0.0,0.0,0.0,0.8680555555555556,0.0,0.0,0.0,0.0,0.0,0.0,0.0
032R,03,2R,0,0,0,0,526,526,521,5,111,108,110,84,72,24,0,0,0,3,0,0,1,0,8,0,0,0,0,0,0,0,inf,0.9505703422053232,99.04942965779468,21.30518234165067,20.72936660268714,21.113243761996163,16.122840690978887,13.81957773512476,4.606525911708253,0.0,0.0,0.0,0.5758157389635317,0.0,0.0,0.19193857965451055,0.0,1.5355086372360844,0.0,0.0,0.0,0.0,0.0,0.0,0.0
032T,03,2T,0,0,0,0,867,867,852,15,155,172,180,170,120,22,0,0,0,20,0,0,7,0,6,0,0,0,0,0,0,0,inf,1.7301038062283738,98.26989619377161,18.192488262910796,20.187793427230048,21.12676056338028,19.953051643192488,14.084507042253522,2.5821596244131455,0.0,0.0,0.0,2.3474178403755865,0.0,0.0,0.8215962441314555,0.0,0.7042253521126761,0.0,0.0,0.0,0.0,0.0,0.0,0.0
03300,03,300,1279,706,573,0,547,1,545,2,55,81,98,101,180,16,0,0,0,8,0,0,1,0,5,0,0,0,0,0,0,0,42.76778733385457,0.3656307129798903,99.6343692870201,10.091743119266056,14.862385321100918,17.98165137614679,18.53211009174312,33.02752293577982,2.9357798165137616,0.0,0.0,0.0,1.4678899082568808,0.0,0.0,0.1834862385321101,0.0,0.9174311926605505,0.0,0.0,0.0,0.0,0.0,0.0,0.0
03301,03,301,1309,730,579,0,582,4,575,7,69,102,100,124,148,24,0,0,0,7,0,0,0,0,1,0,0,0,0,0,0,0,44.46142093200917,1.202749140893471,98.79725085910653,12.0,17.739130434782606,17.391304347826086,21.565217391304348,25.73913043478261,4.173913043478262,0.0,0.0,0.0,1.2173913043478262,0.0,0.0,0.0,0.0,0.17391304347826086,0.0,0.0,0.0,0.0,0.0,0.0,0.0
03302,03,302,1353,918,435,0,619,5,609,10,85,64,53,131,239,14,0,0,0,12,0,0,2,0,9,0,0,0,0,0,0,0,45.75018477457502,1.615508885298869,98.38449111470113,13.957307060755337,10.50903119868637,8.70279146141215,21.510673234811165,39.24466338259442,2.2988505747126435,0.0,0.0,0.0,1.9704433497536946,0.0,0.0,0.3284072249589491,0.0,1.477832512315271,0.0,0.0,0.0,0.0,0.0,0.0,0.0
03303,03,303,1334,924,410,0,608,6,591,17,81,43,67,113,249,23,0,0,0,11,0,0,1,0,3,0,0,0,0,0,0,0,45.57721139430285,2.7960526315789473,97.20394736842105,13.705583756345177,7.2758037225042305,11.336717428087987,19.120135363790187,42.13197969543147,3.8917089678511,0.0,0.0,0.0,1.8612521150592216,0.0,0.0,0.1692047377326565,0.0,0.5076142131979695,0.0,0.0,0.0,0.0,0.0,0.0,0.0
03304,03,304,1339,829,510,0,636,4,629,7,103,76,110,129,180,18,0,0,0,8,0,0,1,0,4,0,0,0,0,0,0,0,47.498132935026135,1.10062893081761,98.89937106918238,16.375198728139907,12.082670906200319,17.488076311605724,20.5087440381558,28.61685214626391,2.8616852146263914,0.0,0.0,0.0,1.2718600953895072,0.0,0.0,0.1589825119236884,0.0,0.6359300476947536,0.0,0.0,0.0,0.0,0.0,0.0,0.0
03305,03,305,1267,797,470,0,658,6,647,11,75,147,96,142,147,22,0,0,0,10,0,0,2,0,6,0,0,0,0,0,0,0,51.93370165745856,1.6717325227963524,98.32826747720364,11.591962905718702,22.720247295208658,14.837712519319938,21.947449768160745,22.720247295208658,3.400309119010819,0.0,0.0,0.0,1.545595054095827,0.0,0.0,0.3091190108191654,0.0,0.9273570324574961,0.0,0.0,0.0,0.0,0.0,0.0,0.0
03306,03,306,961,530,431,0,439,7,432,7,45,123,84,74,81,17,0,0,0,4,0,0,2,0,2,0,0,0,0,0,0,0,45.681581685744014,1.5945330296127564,98.40546697038725,10.416666666666668,28.47222222222222,19.444444444444446,17.12962962962963,18.75,3.935185185185185,0.0,0.0,0.0,0.9259259259259258,0.0,0.0,0.4629629629629629,0.0,0.4629629629629629,0.0,0.0,0.0,0.0,0.0,0.0,0.0
03307,03,307,1118,747,371,0,620,8,614,6,81,123,80,164,135,13,0,0,0,8,0,0,4,0,6,0,0,0,0,0,0,0,55.4561717352415,0.967741935483871,99.03225806451613,13.192182410423452,20.03257328990228,13.029315960912053,26.710097719869708,21.986970684039086,2.1172638436482085,0.0,0.0,0.0,1.3029315960912053,0.0,0.0,0.6514657980456027,0.0,0.9771986970684038,0.0,0.0,0.0,0.0,0.0,0.0,0.0
03308,03,308,1452,883,569,0,699,6,689,10,97,166,95,167,140,14,0,0,0,7,0,0,1,0,2,0,0,0,0,0,0,0,48.14049586776859,1.4306151645207439,98.56938483547926,14.078374455732948,24.092888243831638,13.788098693759071,24.238026124818575,20.319303338171263,2.0319303338171264,0.0,0.0,0.0,1.0159651669085632,0.0,0.0,0.14513788098693758,0.0,0.29027576197387517,0.0,0.0,0.0,0.0,0.0,0.0,0.0
03309,03,309,1535,965,570,0,756,11,751,5,88,221,84,192,127,19,0,0,0,13,0,0,3,0,4,0,0,0,0,0,0,0,49.25081433224756,0.6613756613756614,99.33862433862434,11.717709720372836,29.427430093209058,11.18508655126498,25.5659121171771,16.910785619174433,2.5299600532623168,0.0,0.0,0.0,1.7310252996005324,0.0,0.0,0.3994673768308922,0.0,0.5326231691078562,0.0,0.0,0.0,0.0,0.0,0.0,0.0
03310,03,310,1409,863,546,0,695,6,682,13,70,211,63,194,116,13,0,0,0,7,0,0,5,0,3,0,0,0,0,0,0,0,49.32576295244854,1.870503597122302,98.1294964028777,10.263929618768328,30.93841642228739,9.237536656891496,28.445747800586513,17.008797653958943,1.906158357771261,0.0,0.0,0.0,1.0263929618768328,0.0,0.0,0.7331378299120235,0.0,0.43988269794721413,0.0,0.0,0.0,0.0,0.0,0.0,0.0
03311,03,311,1258,675,583,0,533,5,524,9,61,153,48,165,81,5,0,0,0,6,0,0,2,0,3,0,0,0,0,0,0,0,42.368839427662955,1.6885553470919326,98.31144465290807,11.641221374045802,29.198473282442748,9.16030534351145,31.48854961832061,15.458015267175574,0.9541984732824428,0.0,0.0,0.0,1.1450381679389312,0.0,0.0,0.38167938931297707,0.0,0.5725190839694656,0.0,0.0,0.0,0.0,0.0,0.0,0.0
03312,03,312,1428,810,618,0,702,8,699,3,84,240,73,192,95,6,0,0,0,3,0,0,4,0,2,0,0,0,0,0,0,0,49.159663865546214,0.4273504273504274,99.57264957264957,12.017167381974248,34.33476394849785,10.44349070100143,27.467811158798284,13.590844062947067,0.8583690987124464,0.0,0.0,0.0,0.4291845493562232,0.0,0.0,0.5722460658082975,0.0,0.28612303290414876,0.0,0.0,0.0,0.0,0.0,0.0,0.0
03313,03,313,1442,840,602,0,693,13,690,3,86,200,113,143,119,24,0,0,0,4,0,0,1,0,0,0,0,0,0,0,0,0,48.05825242718447,0.4329004329004329,99.56709956709958,12.46376811594203,28.985507246376812,16.3768115942029,20.724637681159418,17.246376811594203,3.4782608695652173,0.0,0.0,0.0,0.5797101449275363,0.0,0.0,0.14492753623188406,0.0,0.0,0.0,0.0,0.0,0.0,0.0,0.0,0.0
03314,03,314,1443,788,655,0,483,4,481,2,55,211,50,106,39,17,0,0,0,1,0,0,1,0,1,0,0,0,0,0,0,0,33.471933471933475,0.4140786749482402,99.58592132505176,11.434511434511435,43.86694386694387,10.395010395010395,22.03742203742204,8.108108108108109,3.5343035343035343,0.0,0.0,0.0,0.2079002079002079,0.0,0.0,0.2079002079002079,0.0,0.2079002079002079,0.0,0.0,0.0,0.0,0.0,0.0,0.0
03315,03,315,1226,684,542,0,577,2,573,4,68,219,31,159,75,8,0,0,0,3,0,0,5,0,5,0,0,0,0,0,0,0,47.06362153344209,0.6932409012131715,99.30675909878683,11.8673647469459,38.21989528795812,5.4101221640488655,27.748691099476442,13.089005235602095,1.3961605584642234,0.0,0.0,0.0,0.5235602094240838,0.0,0.0,0.8726003490401396,0.0,0.8726003490401396,0.0,0.0,0.0,0.0,0.0,0.0,0.0
03316,03,316,1220,670,550,0,557,6,551,6,59,200,59,144,72,9,0,0,0,4,0,0,2,0,2,0,0,0,0,0,0,0,45.65573770491803,1.0771992818671454,98.92280071813285,10.707803992740473,36.29764065335753,10.707803992740473,26.13430127041742,13.06715063520871,1.6333938294010888,0.0,0.0,0.0,0.7259528130671506,0.0,0.0,0.3629764065335753,0.0,0.3629764065335753,0.0,0.0,0.0,0.0,0.0,0.0,0.0
03317,03,317,1057,575,482,0,483,8,481,2,46,171,38,149,61,7,0,0,0,3,0,0,2,0,4,0,0,0,0,0,0,0,45.6953642384106,0.4140786749482402,99.58592132505176,9.563409563409564,35.550935550935556,7.900207900207901,30.97713097713098,12.681912681912683,1.4553014553014554,0.0,0.0,0.0,0.6237006237006237,0.0,0.0,0.4158004158004158,0.0,0.8316008316008316,0.0,0.0,0.0,0.0,0.0,0.0,0.0
03318,03,318,869,499,370,0,387,5,380,7,44,123,49,97,54,7,0,0,0,1,0,0,3,0,2,0,0,0,0,0,0,0,44.533947065592635,1.8087855297157622,98.19121447028424,11.578947368421053,32.36842105263158,12.894736842105264,25.526315789473685,14.210526315789473,1.8421052631578945,0.0,0.0,0.0,0.2631578947368421,0.0,0.0,0.7894736842105263,0.0,0.5263157894736842,0.0,0.0,0.0,0.0,0.0,0.0,0.0
03319,03,319,1434,951,483,0,709,4,696,13,77,106,85,140,235,24,0,0,0,12,0,0,5,0,12,0,0,0,0,0,0,0,49.442119944211996,1.8335684062059237,98.16643159379407,11.063218390804598,15.229885057471265,12.21264367816092,20.114942528735632,33.764367816091955,3.4482758620689653,0.0,0.0,0.0,1.7241379310344827,0.0,0.0,0.7183908045977011,0.0,1.7241379310344827,0.0,0.0,0.0,0.0,0.0,0.0,0.0
03320,03,320,1356,789,567,0,559,3,557,2,80,186,58,124,87,9,0,0,0,5,0,0,3,0,5,0,0,0,0,0,0,0,41.224188790560476,0.35778175313059035,99.6422182468694,14.362657091561939,33.39317773788151,10.412926391382406,22.262118491921004,15.61938958707361,1.615798922800718,0.0,0.0,0.0,0.8976660682226212,0.0,0.0,0.5385996409335727,0.0,0.8976660682226212,0.0,0.0,0.0,0.0,0.0,0.0,0.0
03321,03,321,1447,882,565,0,666,5,658,8,78,137,69,186,151,14,0,0,0,14,0,0,2,0,7,0,0,0,0,0,0,0,46.026261230131304,1.2012012012012012,98.7987987987988,11.854103343465045,20.820668693009118,10.486322188449847,28.267477203647417,22.9483282674772,2.127659574468085,0.0,0.0,0.0,2.127659574468085,0.0,0.0,0.303951367781155,0.0,1.0638297872340425,0.0,0.0,0.0,0.0,0.0,0.0,0.0
03322,03,322,1232,679,553,0,550,6,546,4,54,182,75,125,89,10,0,0,0,5,0,0,3,0,3,0,0,0,0,0,0,0,44.642857142857146,0.7272727272727273,99.27272727272727,9.89010989010989,33.33333333333333,13.736263736263737,22.893772893772894,16.3003663003663,1.8315018315018317,0.0,0.0,0.0,0.9157509157509158,0.0,0.0,0.5494505494505495,0.0,0.5494505494505495,0.0,0.0,0.0,0.0,0.0,0.0,0.0
03323,03,323,1108,560,548,0,492,7,481,11,68,188,64,96,37,18,0,0,0,6,0,0,2,0,2,0,0,0,0,0,0,0,44.4043321299639,2.2357723577235773,97.76422764227642,14.137214137214137,39.08523908523909,13.305613305613306,19.95841995841996,7.6923076923076925,3.7422037422037424,0.0,0.0,0.0,1.2474012474012475,0.0,0.0,0.4158004158004158,0.0,0.4158004158004158,0.0,0.0,0.0,0.0,0.0,0.0,0.0
03324,03,324,972,545,427,0,407,3,406,1,47,109,55,94,80,12,0,0,0,3,0,0,3,0,3,0,0,0,0,0,0,0,41.8724279835391,0.2457002457002457,99.75429975429975,11.576354679802956,26.84729064039409,13.546798029556651,23.15270935960591,19.704433497536947,2.955665024630542,0.0,0.0,0.0,0.7389162561576355,0.0,0.0,0.7389162561576355,0.0,0.7389162561576355,0.0,0.0,0.0,0.0,0.0,0.0,0.0
03325,03,325,1052,650,402,0,516,9,509,7,67,114,77,123,108,7,0,0,0,5,0,0,1,0,7,0,0,0,0,0,0,0,49.049429657794676,1.3565891472868217,98.64341085271317,13.163064833005894,22.39685658153242,15.12770137524558,24.165029469548134,21.218074656188605,1.37524557956778,0.0,0.0,0.0,0.9823182711198428,0.0,0.0,0.19646365422396855,0.0,1.37524557956778,0.0,0.0,0.0,0.0,0.0,0.0,0.0
03326,03,326,1172,635,537,0,515,10,512,3,61,212,47,133,43,7,0,0,0,7,0,0,1,0,1,0,0,0,0,0,0,0,43.9419795221843,0.5825242718446602,99.41747572815534,11.9140625,41.40625,9.1796875,25.9765625,8.3984375,1.3671875,0.0,0.0,0.0,1.3671875,0.0,0.0,0.1953125,0.0,0.1953125,0.0,0.0,0.0,0.0,0.0,0.0,0.0
033A,03,3A,0,0,0,0,949,949,930,19,177,150,204,187,158,21,0,0,0,17,0,0,7,0,9,0,0,0,0,0,0,0,inf,2.0021074815595363,97.99789251844047,19.032258064516128,16.129032258064516,21.935483870967744,20.107526881720432,16.989247311827956,2.258064516129032,0.0,0.0,0.0,1.827956989247312,0.0,0.0,0.7526881720430108,0.0,0.967741935483871,0.0,0.0,0.0,0.0,0.0,0.0,0.0
033B,03,3B,0,0,0,0,549,549,547,2,63,126,135,101,86,22,0,0,0,5,0,0,3,0,6,0,0,0,0,0,0,0,inf,0.36429872495446264,99.63570127504553,11.517367458866545,23.03473491773309,24.680073126142595,18.46435100548446,15.722120658135283,4.021937842778794,0.0,0.0,0.0,0.9140767824497258,0.0,0.0,0.5484460694698354,0.0,1.0968921389396709,0.0,0.0,0.0,0.0,0.0,0.0,0.0
033C,03,3C,0,0,0,0,527,527,524,3,82,171,76,121,48,12,0,0,0,6,0,0,4,0,4,0,0,0,0,0,0,0,inf,0.5692599620493358,99.43074003795066,15.648854961832063,32.63358778625955,14.50381679389313,23.091603053435115,9.16030534351145,2.2900763358778624,0.0,0.0,0.0,1.1450381679389312,0.0,0.0,0.7633587786259541,0.0,0.7633587786259541,0.0,0.0,0.0,0.0,0.0,0.0,0.0
033D,03,3D,0,0,0,0,850,850,843,7,167,110,159,203,157,14,0,0,0,21,0,0,3,0,9,0,0,0,0,0,0,0,inf,0.823529411764706,99.1764705882353,19.81020166073547,13.048635824436536,18.86120996441281,24.080664294187425,18.62396204033215,1.6607354685646498,0.0,0.0,0.0,2.491103202846975,0.0,0.0,0.3558718861209964,0.0,1.0676156583629894,0.0,0.0,0.0,0.0,0.0,0.0,0.0
033E,03,3E,0,0,0,0,857,857,849,8,159,162,174,196,115,20,0,0,0,15,0,0,2,0,6,0,0,0,0,0,0,0,inf,0.9334889148191364,99.06651108518086,18.727915194346288,19.081272084805654,20.49469964664311,23.08598351001178,13.54534746760895,2.3557126030624262,0.0,0.0,0.0,1.76678445229682,0.0,0.0,0.23557126030624262,0.0,0.7067137809187279,0.0,0.0,0.0,0.0,0.0,0.0,0.0
033F,03,3F,0,0,0,0,860,860,850,10,141,224,174,187,87,21,0,0,0,8,0,0,3,0,5,0,0,0,0,0,0,0,inf,1.1627906976744187,98.83720930232558,16.58823529411765,26.35294117647059,20.47058823529412,22.0,10.23529411764706,2.4705882352941173,0.0,0.0,0.0,0.9411764705882352,0.0,0.0,0.35294117647058826,0.0,0.5882352941176471,0.0,0.0,0.0,0.0,0.0,0.0,0.0
033G,03,3G,0,0,0,0,741,741,734,7,128,195,115,178,80,19,0,0,0,13,0,0,2,0,4,0,0,0,0,0,0,0,inf,0.9446693657219973,99.05533063427801,17.43869209809264,26.56675749318801,15.66757493188011,24.250681198910083,10.899182561307901,2.588555858310627,0.0,0.0,0.0,1.7711171662125342,0.0,0.0,0.2724795640326975,0.0,0.544959128065395,0.0,0.0,0.0,0.0,0.0,0.0,0.0
033H,03,3H,0,0,0,0,549,549,540,9,78,149,95,133,59,10,0,0,0,11,0,0,2,0,3,0,0,0,0,0,0,0,inf,1.639344262295082,98.36065573770492,14.444444444444443,27.59259259259259,17.59259259259259,24.62962962962963,10.925925925925926,1.8518518518518516,0.0,0.0,0.0,2.037037037037037,0.0,0.0,0.3703703703703704,0.0,0.5555555555555556,0.0,0.0,0.0,0.0,0.0,0.0,0.0
033I,03,3I,0,0,0,0,533,533,530,3,91,135,64,157,55,11,0,0,0,6,0,0,6,0,5,0,0,0,0,0,0,0,inf,0.5628517823639775,99.43714821763602,17.169811320754715,25.471698113207548,12.075471698113208,29.62264150943396,10.377358490566039,2.0754716981132075,0.0,0.0,0.0,1.1320754716981132,0.0,0.0,1.1320754716981132,0.0,0.9433962264150944,0.0,0.0,0.0,0.0,0.0,0.0,0.0
033K,03,3K,0,0,0,0,521,521,514,7,65,188,65,133,43,9,0,0,0,5,0,0,3,0,3,0,0,0,0,0,0,0,inf,1.3435700575815739,98.65642994241843,12.645914396887159,36.57587548638132,12.645914396887159,25.87548638132296,8.365758754863812,1.7509727626459144,0.0,0.0,0.0,0.9727626459143969,0.0,0.0,0.5836575875486382,0.0,0.5836575875486382,0.0,0.0,0.0,0.0,0.0,0.0,0.0
033L,03,3L,0,0,0,0,527,527,523,4,79,174,61,142,32,20,0,0,0,8,0,0,2,0,5,0,0,0,0,0,0,0,inf,0.7590132827324478,99.24098671726756,15.105162523900573,33.269598470363285,11.663479923518166,27.151051625239003,6.118546845124283,3.824091778202677,0.0,0.0,0.0,1.5296367112810707,0.0,0.0,0.3824091778202677,0.0,0.9560229445506693,0.0,0.0,0.0,0.0,0.0,0.0,0.0
033M,03,3M,0,0,0,0,559,559,554,5,89,194,71,137,44,6,0,0,0,5,0,0,5,0,3,0,0,0,0,0,0,0,inf,0.8944543828264758,99.10554561717353,16.064981949458485,35.018050541516246,12.815884476534295,24.729241877256317,7.9422382671480145,1.083032490974729,0.0,0.0,0.0,0.9025270758122743,0.0,0.0,0.9025270758122743,0.0,0.5415162454873645,0.0,0.0,0.0,0.0,0.0,0.0,0.0
033N,03,3N,0,0,0,0,588,588,577,11,99,175,88,148,44,12,0,0,0,6,0,0,1,0,4,0,0,0,0,0,0,0,inf,1.870748299319728,98.12925170068027,17.157712305025996,30.329289428076255,15.251299826689774,25.64991334488735,7.625649913344887,2.079722703639515,0.0,0.0,0.0,1.0398613518197575,0.0,0.0,0.17331022530329288,0.0,0.6932409012131715,0.0,0.0,0.0,0.0,0.0,0.0,0.0
033P,03,3P,0,0,0,0,537,537,532,5,90,174,100,116,28,18,0,0,0,3,0,0,2,0,1,0,0,0,0,0,0,0,inf,0.931098696461825,99.06890130353817,16.917293233082706,32.70676691729324,18.796992481203006,21.804511278195488,5.263157894736842,3.3834586466165413,0.0,0.0,0.0,0.5639097744360901,0.0,0.0,0.37593984962406013,0.0,0.18796992481203006,0.0,0.0,0.0,0.0,0.0,0.0,0.0
033Q,03,3Q,0,0,0,0,629,629,623,6,103,233,93,140,28,9,0,0,0,5,0,0,5,0,7,0,0,0,0,0,0,0,inf,0.9538950715421303,99.04610492845786,16.53290529695024,37.39967897271268,14.92776886035313,22.47191011235955,4.49438202247191,1.4446227929373996,0.0,0.0,0.0,0.8025682182985553,0.0,0.0,0.8025682182985553,0.0,1.1235955056179776,0.0,0.0,0.0,0.0,0.0,0.0,0.0
033R,03,3R,0,0,0,0,527,527,522,5,70,192,61,157,26,8,0,0,0,3,0,0,2,0,3,0,0,0,0,0,0,0,inf,0.9487666034155597,99.05123339658444,13.409961685823754,36.7816091954023,11.685823754789272,30.07662835249042,4.980842911877394,1.532567049808429,0.0,0.0,0.0,0.5747126436781609,0.0,0.0,0.38314176245210724,0.0,0.5747126436781609,0.0,0.0,0.0,0.0,0.0,0.0,0.0
033S,03,3S,0,0,0,0,529,529,525,4,79,203,89,107,22,16,0,0,0,3,0,0,4,0,2,0,0,0,0,0,0,0,inf,0.7561436672967864,99.24385633270322,15.04761904761905,38.666666666666664,16.952380952380953,20.38095238095238,4.190476190476191,3.0476190476190474,0.0,0.0,0.0,0.5714285714285714,0.0,0.0,0.7619047619047619,0.0,0.38095238095238093,0.0,0.0,0.0,0.0,0.0,0.0,0.0
033T,03,3T,0,0,0,0,859,859,854,5,140,303,110,210,50,15,0,0,0,17,0,0,4,0,5,0,0,0,0,0,0,0,inf,0.5820721769499418,99.41792782305005,16.39344262295082,35.48009367681499,12.88056206088993,24.59016393442623,5.85480093676815,1.756440281030445,0.0,0.0,0.0,1.9906323185011712,0.0,0.0,0.468384074941452,0.0,0.5854800936768151,0.0,0.0,0.0,0.0,0.0,0.0,0.0
033U,03,3U,0,0,0,0,971,971,967,4,153,378,115,234,45,26,0,0,0,9,0,0,5,0,2,0,0,0,0,0,0,0,inf,0.4119464469618949,99.58805355303811,15.822130299896585,39.0899689762151,11.892450879007239,24.19855222337125,4.653567735263702,2.688728024819028,0.0,0.0,0.0,0.9307135470527405,0.0,0.0,0.5170630816959669,0.0,0.2068252326783868,0.0,0.0,0.0,0.0,0.0,0.0,0.0
033V,03,3V,0,0,0,0,565,565,563,2,95,175,126,108,26,24,0,0,0,5,0,0,3,0,1,0,0,0,0,0,0,0,inf,0.35398230088495575,99.64601769911503,16.873889875666073,31.08348134991119,22.380106571936057,19.182948490230906,4.618117229129663,4.262877442273535,0.0,0.0,0.0,0.8880994671403196,0.0,0.0,0.5328596802841918,0.0,0.17761989342806395,0.0,0.0,0.0,0.0,0.0,0.0,0.0
03400,03,400,827,547,280,0,406,1,402,4,33,57,76,94,122,11,0,0,0,3,0,0,3,0,3,0,0,0,0,0,0,0,49.09310761789601,0.9852216748768473,99.01477832512316,8.208955223880597,14.17910447761194,18.90547263681592,23.383084577114428,30.34825870646766,2.736318407960199,0.0,0.0,0.0,0.7462686567164178,0.0,0.0,0.7462686567164178,0.0,0.7462686567164178,0.0,0.0,0.0,0.0,0.0,0.0,0.0
03401,03,401,1075,798,277,0,540,4,526,14,66,45,82,119,190,6,0,0,0,13,0,0,2,0,3,0,0,0,0,0,0,0,50.23255813953489,2.5925925925925926,97.4074074074074,12.547528517110266,8.555133079847907,15.5893536121673,22.623574144486692,36.12167300380228,1.1406844106463878,0.0,0.0,0.0,2.4714828897338403,0.0,0.0,0.38022813688212925,0.0,0.5703422053231939,0.0,0.0,0.0,0.0,0.0,0.0,0.0
03402,03,402,1153,706,447,0,561,8,545,16,70,98,81,115,151,18,0,0,0,9,0,0,2,0,1,0,0,0,0,0,0,0,48.655680832610585,2.8520499108734403,97.14795008912655,12.844036697247708,17.98165137614679,14.862385321100918,21.100917431192663,27.706422018348626,3.302752293577982,0.0,0.0,0.0,1.651376146788991,0.0,0.0,0.3669724770642202,0.0,0.1834862385321101,0.0,0.0,0.0,0.0,0.0,0.0,0.0
03403,03,403,1098,677,421,0,546,13,534,12,71,130,70,136,99,14,0,0,0,7,0,0,1,0,6,0,0,0,0,0,0,0,49.72677595628415,2.197802197802198,97.8021978021978,13.295880149812733,24.344569288389515,13.108614232209737,25.468164794007492,18.53932584269663,2.6217228464419478,0.0,0.0,0.0,1.3108614232209739,0.0,0.0,0.18726591760299627,0.0,1.1235955056179776,0.0,0.0,0.0,0.0,0.0,0.0,0.0
03404,03,404,869,578,291,0,436,1,434,2,58,131,60,113,54,13,0,0,0,2,0,0,1,0,2,0,0,0,0,0,0,0,50.17261219792866,0.45871559633027525,99.54128440366972,13.36405529953917,30.184331797235025,13.82488479262673,26.036866359447004,12.442396313364055,2.995391705069124,0.0,0.0,0.0,0.4608294930875576,0.0,0.0,0.2304147465437788,0.0,0.4608294930875576,0.0,0.0,0.0,0.0,0.0,0.0,0.0
03405,03,405,1322,902,420,0,604,8,598,6,75,93,69,158,174,16,0,0,0,10,0,0,2,0,1,0,0,0,0,0,0,0,45.688350983358546,0.9933774834437087,99.00662251655629,12.54180602006689,15.551839464882944,11.538461538461538,26.421404682274247,29.09698996655518,2.6755852842809364,0.0,0.0,0.0,1.6722408026755853,0.0,0.0,0.33444816053511706,0.0,0.16722408026755853,0.0,0.0,0.0,0.0,0.0,0.0,0.0
03406,03,406,1219,804,415,0,554,3,549,5,86,43,116,130,156,11,0,0,0,4,0,0,1,0,2,0,0,0,0,0,0,0,45.44708777686628,0.9025270758122743,99.09747292418773,15.664845173041893,7.832422586520947,21.129326047358834,23.67941712204007,28.415300546448087,2.0036429872495445,0.0,0.0,0.0,0.7285974499089253,0.0,0.0,0.18214936247723132,0.0,0.36429872495446264,0.0,0.0,0.0,0.0,0.0,0.0,0.0
03407,03,407,1416,990,426,0,743,14,740,3,91,42,103,197,267,15,0,0,0,9,0,0,9,0,7,0,0,0,0,0,0,0,52.47175141242938,0.4037685060565276,99.59623149394348,12.297297297297298,5.675675675675676,13.918918918918918,26.62162162162162,36.08108108108108,2.027027027027027,0.0,0.0,0.0,1.2162162162162162,0.0,0.0,1.2162162162162162,0.0,0.945945945945946,0.0,0.0,0.0,0.0,0.0,0.0,0.0
03408,03,408,1257,969,288,0,622,3,610,12,99,37,106,138,193,14,0,0,0,9,0,0,4,0,10,0,0,0,0,0,0,0,49.482895783611774,1.929260450160772,98.07073954983923,16.229508196721312,6.065573770491803,17.37704918032787,22.62295081967213,31.639344262295083,2.2950819672131146,0.0,0.0,0.0,1.4754098360655739,0.0,0.0,0.6557377049180327,0.0,1.639344262295082,0.0,0.0,0.0,0.0,0.0,0.0,0.0
03409,03,409,1271,770,501,0,620,11,608,12,72,97,117,127,167,14,0,0,0,10,0,0,0,0,4,0,0,0,0,0,0,0,48.78048780487805,1.935483870967742,98.06451612903226,11.842105263157894,15.953947368421053,19.24342105263158,20.888157894736842,27.467105263157894,2.302631578947368,0.0,0.0,0.0,1.644736842105263,0.0,0.0,0.0,0.0,0.6578947368421052,0.0,0.0,0.0,0.0,0.0,0.0,0.0
03410,03,410,1265,792,473,0,588,6,580,8,60,103,46,181,164,9,0,0,0,7,0,0,6,0,4,0,0,0,0,0,0,0,46.48221343873517,1.3605442176870748,98.63945578231292,10.344827586206897,17.75862068965517,7.931034482758621,31.20689655172414,28.27586206896552,1.5517241379310345,0.0,0.0,0.0,1.206896551724138,0.0,0.0,1.0344827586206897,0.0,0.6896551724137931,0.0,0.0,0.0,0.0,0.0,0.0,0.0
03411,03,411,1011,636,375,0,520,0,514,6,55,38,110,73,199,17,0,0,0,13,0,0,2,0,7,0,0,0,0,0,0,0,51.43422354104846,1.153846153846154,98.84615384615385,10.700389105058365,7.392996108949417,21.40077821011673,14.202334630350194,38.715953307393,3.3073929961089497,0.0,0.0,0.0,2.529182879377432,0.0,0.0,0.38910505836575876,0.0,1.3618677042801557,0.0,0.0,0.0,0.0,0.0,0.0,0.0
03412,03,412,1270,731,539,0,608,5,604,4,64,77,144,81,204,21,0,0,0,7,0,0,2,0,4,0,0,0,0,0,0,0,47.874015748031496,0.6578947368421052,99.3421052631579,10.596026490066226,12.748344370860929,23.841059602649008,13.410596026490065,33.77483443708609,3.47682119205298,0.0,0.0,0.0,1.1589403973509933,0.0,0.0,0.33112582781456956,0.0,0.6622516556291391,0.0,0.0,0.0,0.0,0.0,0.0,0.0
03413,03,413,1423,920,503,0,759,10,752,7,76,66,154,118,287,36,0,0,0,8,0,0,3,0,4,0,0,0,0,0,0,0,53.3380182712579,0.922266139657444,99.07773386034255,10.106382978723403,8.77659574468085,20.47872340425532,15.691489361702127,38.16489361702128,4.787234042553192,0.0,0.0,0.0,1.0638297872340425,0.0,0.0,0.39893617021276595,0.0,0.5319148936170213,0.0,0.0,0.0,0.0,0.0,0.0,0.0
03414,03,414,1501,866,635,0,751,3,741,10,85,84,197,104,226,27,0,0,0,9,0,0,2,0,7,0,0,0,0,0,0,0,50.03331112591606,1.3315579227696404,98.66844207723035,11.470985155195681,11.336032388663968,26.58569500674764,14.035087719298245,30.49932523616734,3.643724696356275,0.0,0.0,0.0,1.214574898785425,0.0,0.0,0.2699055330634278,0.0,0.9446693657219973,0.0,0.0,0.0,0.0,0.0,0.0,0.0
03415,03,415,1358,885,473,0,758,3,748,10,75,98,189,113,228,22,0,0,0,12,0,0,3,0,8,0,0,0,0,0,0,0,55.81737849779087,1.3192612137203166,98.68073878627969,10.026737967914439,13.101604278074866,25.267379679144387,15.106951871657753,30.481283422459892,2.941176470588235,0.0,0.0,0.0,1.6042780748663104,0.0,0.0,0.4010695187165776,0.0,1.06951871657754,0.0,0.0,0.0,0.0,0.0,0.0,0.0
03416,03,416,1383,797,586,0,611,11,608,3,96,119,112,143,117,12,0,0,0,7,0,0,2,0,0,0,0,0,0,0,0,0,44.17932031814895,0.4909983633387889,99.50900163666121,15.789473684210526,19.572368421052634,18.421052631578945,23.519736842105264,19.24342105263158,1.9736842105263157,0.0,0.0,0.0,1.151315789473684,0.0,0.0,0.3289473684210526,0.0,0.0,0.0,0.0,0.0,0.0,0.0,0.0,0.0
03417,03,417,1496,942,554,0,648,6,640,8,98,52,109,127,214,16,0,0,0,13,0,0,6,0,5,0,0,0,0,0,0,0,43.31550802139038,1.2345679012345678,98.76543209876543,15.312500000000002,8.125,17.03125,19.84375,33.4375,2.5,0.0,0.0,0.0,2.03125,0.0,0.0,0.9375,0.0,0.78125,0.0,0.0,0.0,0.0,0.0,0.0,0.0
03418,03,418,1390,987,403,0,671,5,659,12,88,77,173,78,216,13,0,0,0,9,0,0,2,0,3,0,0,0,0,0,0,0,48.27338129496403,1.7883755588673622,98.21162444113264,13.353566009104703,11.684370257966616,26.251896813353564,11.836115326251896,32.77693474962064,1.9726858877086493,0.0,0.0,0.0,1.3657056145675266,0.0,0.0,0.30349013657056145,0.0,0.4552352048558422,0.0,0.0,0.0,0.0,0.0,0.0,0.0
03419,03,419,1349,828,521,0,621,2,607,14,84,92,85,159,146,24,0,0,0,12,0,0,1,0,4,0,0,0,0,0,0,0,46.03409933283914,2.254428341384863,97.74557165861513,13.838550247116968,15.15650741350906,14.00329489291598,26.194398682042834,24.052718286655683,3.9538714991762767,0.0,0.0,0.0,1.9769357495881383,0.0,0.0,0.16474464579901155,0.0,0.6589785831960462,0.0,0.0,0.0,0.0,0.0,0.0,0.0
03420,03,420,1198,762,436,0,553,7,544,9,55,156,65,130,107,17,0,0,0,3,0,0,4,0,7,0,0,0,0,0,0,0,46.16026711185309,1.62748643761302,98.37251356238697,10.11029411764706,28.676470588235293,11.948529411764707,23.897058823529413,19.669117647058822,3.125,0.0,0.0,0.0,0.5514705882352942,0.0,0.0,0.7352941176470588,0.0,1.2867647058823528,0.0,0.0,0.0,0.0,0.0,0.0,0.0
03421,03,421,981,649,332,0,442,5,435,7,82,67,53,106,108,13,0,0,0,6,0,0,0,0,0,0,0,0,0,0,0,0,45.05606523955148,1.583710407239819,98.41628959276018,18.850574712643677,15.402298850574713,12.183908045977011,24.367816091954023,24.82758620689655,2.9885057471264367,0.0,0.0,0.0,1.3793103448275863,0.0,0.0,0.0,0.0,0.0,0.0,0.0,0.0,0.0,0.0,0.0,0.0
03422,03,422,1122,694,428,0,508,7,501,7,52,60,102,115,147,12,0,0,0,4,0,0,3,0,6,0,0,0,0,0,0,0,45.27629233511586,1.3779527559055118,98.62204724409449,10.379241516966067,11.976047904191617,20.35928143712575,22.954091816367264,29.34131736526946,2.3952095808383236,0.0,0.0,0.0,0.7984031936127743,0.0,0.0,0.5988023952095809,0.0,1.1976047904191618,0.0,0.0,0.0,0.0,0.0,0.0,0.0
034A,03,4A,0,0,0,0,680,680,673,7,114,104,121,177,101,29,0,0,0,19,0,0,5,0,3,0,0,0,0,0,0,0,inf,1.0294117647058822,98.97058823529412,16.939078751857355,15.453194650817236,17.97919762258544,26.300148588410106,15.0074294205052,4.3090638930163445,0.0,0.0,0.0,2.823179791976226,0.0,0.0,0.7429420505200593,0.0,0.44576523031203563,0.0,0.0,0.0,0.0,0.0,0.0,0.0
034B,03,4B,0,0,0,0,740,740,723,17,123,133,132,202,93,15,0,0,0,15,0,0,5,0,5,0,0,0,0,0,0,0,inf,2.2972972972972974,97.70270270270271,17.012448132780083,18.39557399723375,18.25726141078838,27.93914246196404,12.863070539419086,2.0746887966804977,0.0,0.0,0.0,2.0746887966804977,0.0,0.0,0.6915629322268326,0.0,0.6915629322268326,0.0,0.0,0.0,0.0,0.0,0.0,0.0
034C,03,4C,0,0,0,0,659,659,657,2,113,179,120,166,52,16,0,0,0,6,0,0,2,0,3,0,0,0,0,0,0,0,inf,0.30349013657056145,99.69650986342944,17.19939117199391,27.24505327245053,18.2648401826484,25.266362252663622,7.91476407914764,2.43531202435312,0.0,0.0,0.0,0.91324200913242,0.0,0.0,0.30441400304414,0.0,0.45662100456621,0.0,0.0,0.0,0.0,0.0,0.0,0.0
034D,03,4D,0,0,0,0,844,844,834,10,137,172,145,210,127,17,0,0,0,15,0,0,6,0,5,0,0,0,0,0,0,0,inf,1.1848341232227488,98.81516587677726,16.426858513189448,20.623501199040767,17.38609112709832,25.179856115107913,15.227817745803357,2.038369304556355,0.0,0.0,0.0,1.7985611510791366,0.0,0.0,0.7194244604316548,0.0,0.5995203836930456,0.0,0.0,0.0,0.0,0.0,0.0,0.0
034E,03,4E,0,0,0,0,784,784,771,13,154,74,146,220,133,22,0,0,0,16,0,0,1,0,5,0,0,0,0,0,0,0,inf,1.6581632653061225,98.34183673469387,19.974059662775616,9.59792477302205,18.93644617380026,28.534370946822307,17.250324254215304,2.853437094682231,0.0,0.0,0.0,2.075226977950713,0.0,0.0,0.12970168612191957,0.0,0.648508430609598,0.0,0.0,0.0,0.0,0.0,0.0,0.0
034F,03,4F,0,0,0,0,734,734,720,14,131,121,157,156,119,18,0,0,0,11,0,0,4,0,3,0,0,0,0,0,0,0,inf,1.9073569482288828,98.09264305177112,18.194444444444443,16.805555555555557,21.805555555555557,21.666666666666668,16.52777777777778,2.5,0.0,0.0,0.0,1.5277777777777777,0.0,0.0,0.5555555555555556,0.0,0.4166666666666667,0.0,0.0,0.0,0.0,0.0,0.0,0.0
034G,03,4G,0,0,0,0,859,859,848,11,152,111,258,109,161,31,0,0,0,17,0,0,4,0,5,0,0,0,0,0,0,0,inf,1.2805587892898718,98.71944121071013,17.92452830188679,13.089622641509436,30.424528301886795,12.853773584905662,18.985849056603772,3.6556603773584904,0.0,0.0,0.0,2.0047169811320753,0.0,0.0,0.4716981132075472,0.0,0.589622641509434,0.0,0.0,0.0,0.0,0.0,0.0,0.0
034H,03,4H,0,0,0,0,481,481,461,20,108,44,118,71,87,11,0,0,0,10,0,0,6,0,6,0,0,0,0,0,0,0,inf,4.158004158004158,95.84199584199584,23.427331887201735,9.544468546637743,25.59652928416486,15.40130151843818,18.872017353579178,2.386117136659436,0.0,0.0,0.0,2.1691973969631237,0.0,0.0,1.3015184381778742,0.0,1.3015184381778742,0.0,0.0,0.0,0.0,0.0,0.0,0.0
034I,03,4I,0,0,0,0,609,609,598,11,96,82,193,98,94,19,0,0,0,12,0,0,0,0,4,0,0,0,0,0,0,0,inf,1.8062397372742198,98.19376026272579,16.05351170568562,13.712374581939798,32.274247491638796,16.387959866220736,15.719063545150503,3.177257525083612,0.0,0.0,0.0,2.0066889632107023,0.0,0.0,0.0,0.0,0.6688963210702341,0.0,0.0,0.0,0.0,0.0,0.0,0.0
034K,03,4K,0,0,0,0,824,824,819,5,125,133,234,123,146,29,0,0,0,14,0,0,6,0,9,0,0,0,0,0,0,0,inf,0.6067961165048543,99.39320388349515,15.262515262515263,16.23931623931624,28.57142857142857,15.018315018315018,17.826617826617827,3.5409035409035408,0.0,0.0,0.0,1.7094017094017095,0.0,0.0,0.7326007326007326,0.0,1.098901098901099,0.0,0.0,0.0,0.0,0.0,0.0,0.0
034L,03,4L,0,0,0,0,943,943,929,14,143,213,182,213,124,29,0,0,0,14,0,0,4,0,7,0,0,0,0,0,0,0,inf,1.4846235418875928,98.5153764581124,15.392895586652314,22.92787944025834,19.590958019375673,22.92787944025834,13.347685683530678,3.1216361679224973,0.0,0.0,0.0,1.5069967707212055,0.0,0.0,0.4305705059203444,0.0,0.7534983853606028,0.0,0.0,0.0,0.0,0.0,0.0,0.0
034M,03,4M,0,0,0,0,525,525,522,3,112,68,122,104,82,11,0,0,0,15,0,0,4,0,4,0,0,0,0,0,0,0,inf,0.5714285714285714,99.42857142857143,21.455938697318008,13.026819923371647,23.371647509578544,19.923371647509576,15.708812260536398,2.10727969348659,0.0,0.0,0.0,2.8735632183908044,0.0,0.0,0.7662835249042145,0.0,0.7662835249042145,0.0,0.0,0.0,0.0,0.0,0.0,0.0
034N,03,4N,0,0,0,0,711,711,706,5,113,161,109,199,87,14,0,0,0,14,0,0,6,0,3,0,0,0,0,0,0,0,inf,0.7032348804500703,99.29676511954993,16.005665722379604,22.804532577903682,15.439093484419264,28.18696883852691,12.322946175637393,1.9830028328611897,0.0,0.0,0.0,1.9830028328611897,0.0,0.0,0.84985835694051,0.0,0.424929178470255,0.0,0.0,0.0,0.0,0.0,0.0,0.0
03500,03,500,1103,561,542,0,431,7,427,4,43,112,49,113,95,6,0,0,0,4,0,0,0,0,5,0,0,0,0,0,0,0,39.075249320036264,0.9280742459396751,99.07192575406032,10.070257611241217,26.229508196721312,11.475409836065573,26.46370023419204,22.24824355971897,1.405152224824356,0.0,0.0,0.0,0.936768149882904,0.0,0.0,0.0,0.0,1.1709601873536302,0.0,0.0,0.0,0.0,0.0,0.0,0.0
03501,03,501,1225,723,502,0,575,7,566,9,78,67,80,152,154,17,0,0,0,5,0,0,6,0,7,0,0,0,0,0,0,0,46.93877551020408,1.565217391304348,98.43478260869564,13.780918727915195,11.837455830388691,14.13427561837456,26.855123674911663,27.208480565371023,3.0035335689045937,0.0,0.0,0.0,0.88339222614841,0.0,0.0,1.0600706713780919,0.0,1.2367491166077738,0.0,0.0,0.0,0.0,0.0,0.0,0.0
03502,03,502,1017,592,425,0,481,7,476,5,74,139,52,133,60,11,0,0,0,6,0,0,1,0,0,0,0,0,0,0,0,0,47.29596853490659,1.0395010395010396,98.96049896049897,15.546218487394958,29.20168067226891,10.92436974789916,27.941176470588236,12.605042016806722,2.3109243697478994,0.0,0.0,0.0,1.2605042016806722,0.0,0.0,0.21008403361344538,0.0,0.0,0.0,0.0,0.0,0.0,0.0,0.0,0.0
03503,03,503,1100,660,440,0,482,9,477,5,58,123,66,124,91,9,0,0,0,5,0,0,1,0,0,0,0,0,0,0,0,0,43.81818181818182,1.0373443983402488,98.96265560165975,12.159329140461216,25.78616352201258,13.836477987421384,25.995807127882596,19.07756813417191,1.8867924528301887,0.0,0.0,0.0,1.0482180293501049,0.0,0.0,0.20964360587002098,0.0,0.0,0.0,0.0,0.0,0.0,0.0,0.0,0.0
03504,03,504,1420,821,599,0,673,11,670,3,66,277,58,159,80,18,0,0,0,5,0,0,4,0,3,0,0,0,0,0,0,0,47.394366197183096,0.44576523031203563,99.55423476968797,9.850746268656717,41.343283582089555,8.656716417910449,23.731343283582092,11.940298507462686,2.6865671641791042,0.0,0.0,0.0,0.7462686567164178,0.0,0.0,0.5970149253731344,0.0,0.44776119402985076,0.0,0.0,0.0,0.0,0.0,0.0,0.0
03505,03,505,1101,712,389,0,487,8,474,13,78,130,63,116,67,13,0,0,0,5,0,0,1,0,1,0,0,0,0,0,0,0,44.23251589464123,2.6694045174537986,97.3305954825462,16.455696202531644,27.42616033755274,13.291139240506327,24.47257383966245,14.135021097046414,2.7426160337552745,0.0,0.0,0.0,1.0548523206751055,0.0,0.0,0.21097046413502107,0.0,0.21097046413502107,0.0,0.0,0.0,0.0,0.0,0.0,0.0
03506,03,506,1185,649,536,0,520,7,507,13,52,136,58,155,81,16,0,0,0,3,0,0,3,0,3,0,0,0,0,0,0,0,43.88185654008439,2.5,97.5,10.256410256410255,26.82445759368836,11.439842209072978,30.57199211045365,15.976331360946746,3.155818540433925,0.0,0.0,0.0,0.591715976331361,0.0,0.0,0.591715976331361,0.0,0.591715976331361,0.0,0.0,0.0,0.0,0.0,0.0,0.0
03507,03,507,1283,813,470,0,591,7,584,7,86,82,79,150,162,17,0,0,0,4,0,0,1,0,3,0,0,0,0,0,0,0,46.0639127045986,1.1844331641285957,98.81556683587141,14.726027397260275,14.04109589041096,13.527397260273974,25.684931506849317,27.73972602739726,2.910958904109589,0.0,0.0,0.0,0.684931506849315,0.0,0.0,0.17123287671232876,0.0,0.5136986301369862,0.0,0.0,0.0,0.0,0.0,0.0,0.0
03508,03,508,1371,816,555,0,625,8,616,9,70,134,78,162,144,15,0,0,0,5,0,0,2,0,6,0,0,0,0,0,0,0,45.587162654996355,1.44,98.56,11.363636363636363,21.753246753246753,12.662337662337661,26.2987012987013,23.376623376623375,2.4350649350649354,0.0,0.0,0.0,0.8116883116883116,0.0,0.0,0.3246753246753247,0.0,0.974025974025974,0.0,0.0,0.0,0.0,0.0,0.0,0.0
03509,03,509,1460,855,605,0,574,4,566,8,78,100,77,154,132,14,0,0,0,4,0,0,3,0,4,0,0,0,0,0,0,0,39.31506849315068,1.3937282229965158,98.60627177700349,13.780918727915195,17.6678445229682,13.604240282685511,27.208480565371023,23.32155477031802,2.4734982332155475,0.0,0.0,0.0,0.7067137809187279,0.0,0.0,0.5300353356890459,0.0,0.7067137809187279,0.0,0.0,0.0,0.0,0.0,0.0,0.0
03510,03,510,1453,900,553,0,682,2,668,14,79,99,104,139,208,22,0,0,0,5,0,0,5,0,7,0,0,0,0,0,0,0,46.93737095664143,2.0527859237536656,97.94721407624634,11.826347305389222,14.820359281437126,15.568862275449103,20.808383233532936,31.137724550898206,3.293413173652695,0.0,0.0,0.0,0.7485029940119761,0.0,0.0,0.7485029940119761,0.0,1.0479041916167664,0.0,0.0,0.0,0.0,0.0,0.0,0.0
03511,03,511,1322,776,546,0,659,12,651,8,84,194,60,179,105,16,0,0,0,6,0,0,3,0,4,0,0,0,0,0,0,0,49.84871406959152,1.2139605462822458,98.78603945371776,12.903225806451612,29.80030721966206,9.216589861751153,27.49615975422427,16.129032258064516,2.457757296466974,0.0,0.0,0.0,0.9216589861751152,0.0,0.0,0.4608294930875576,0.0,0.6144393241167435,0.0,0.0,0.0,0.0,0.0,0.0,0.0
03512,03,512,1402,928,474,0,666,5,656,10,78,120,73,172,189,5,0,0,0,10,0,0,4,0,5,0,0,0,0,0,0,0,47.50356633380884,1.5015015015015014,98.49849849849849,11.890243902439025,18.29268292682927,11.128048780487806,26.21951219512195,28.810975609756095,0.7621951219512195,0.0,0.0,0.0,1.524390243902439,0.0,0.0,0.6097560975609756,0.0,0.7621951219512195,0.0,0.0,0.0,0.0,0.0,0.0,0.0
03513,03,513,1410,897,513,0,721,6,710,11,89,121,79,190,195,18,0,0,0,11,0,0,3,0,4,0,0,0,0,0,0,0,51.13475177304964,1.5256588072122053,98.47434119278779,12.535211267605634,17.04225352112676,11.126760563380282,26.76056338028169,27.464788732394368,2.535211267605634,0.0,0.0,0.0,1.5492957746478873,0.0,0.0,0.42253521126760557,0.0,0.5633802816901409,0.0,0.0,0.0,0.0,0.0,0.0,0.0
03514,03,514,1434,922,512,0,623,2,615,8,66,113,61,162,187,11,0,0,0,8,0,0,4,0,3,0,0,0,0,0,0,0,43.44490934449093,1.2841091492776886,98.7158908507223,10.731707317073171,18.3739837398374,9.91869918699187,26.34146341463415,30.40650406504065,1.788617886178862,0.0,0.0,0.0,1.3008130081300813,0.0,0.0,0.6504065040650406,0.0,0.4878048780487805,0.0,0.0,0.0,0.0,0.0,0.0,0.0
03515,03,515,1089,662,427,0,552,9,548,4,63,132,95,115,103,28,0,0,0,5,0,0,2,0,5,0,0,0,0,0,0,0,50.688705234159784,0.7246376811594203,99.27536231884058,11.496350364963504,24.087591240875913,17.335766423357665,20.985401459854014,18.795620437956202,5.109489051094891,0.0,0.0,0.0,0.9124087591240875,0.0,0.0,0.36496350364963503,0.0,0.9124087591240875,0.0,0.0,0.0,0.0,0.0,0.0,0.0
03516,03,516,1141,634,507,0,536,4,531,5,51,83,128,105,126,23,0,0,0,11,0,0,2,0,2,0,0,0,0,0,0,0,46.97633654688869,0.9328358208955223,99.06716417910447,9.6045197740113,15.630885122410545,24.105461393596986,19.774011299435028,23.728813559322035,4.3314500941619585,0.0,0.0,0.0,2.0715630885122414,0.0,0.0,0.3766478342749529,0.0,0.3766478342749529,0.0,0.0,0.0,0.0,0.0,0.0,0.0
03517,03,517,1600,1026,574,0,836,9,824,12,106,111,155,162,251,15,0,0,0,15,0,0,4,0,5,0,0,0,0,0,0,0,52.25,1.4354066985645932,98.56459330143541,12.864077669902912,13.470873786407767,18.810679611650485,19.66019417475728,30.461165048543688,1.820388349514563,0.0,0.0,0.0,1.820388349514563,0.0,0.0,0.48543689320388345,0.0,0.6067961165048543,0.0,0.0,0.0,0.0,0.0,0.0,0.0
03518,03,518,1249,748,501,0,566,12,559,7,55,168,58,171,84,9,0,0,0,7,0,0,1,0,6,0,0,0,0,0,0,0,45.31625300240192,1.2367491166077738,98.76325088339223,9.838998211091235,30.05366726296959,10.37567084078712,30.590339892665476,15.026833631484795,1.6100178890876566,0.0,0.0,0.0,1.2522361359570662,0.0,0.0,0.17889087656529518,0.0,1.073345259391771,0.0,0.0,0.0,0.0,0.0,0.0,0.0
03519,03,519,1369,812,557,0,651,14,643,8,85,170,57,163,141,15,0,0,0,9,0,0,1,0,2,0,0,0,0,0,0,0,47.55295836376918,1.228878648233487,98.77112135176651,13.21928460342146,26.43856920684292,8.864696734059098,25.34992223950233,21.928460342146188,2.332814930015552,0.0,0.0,0.0,1.3996889580093312,0.0,0.0,0.15552099533437014,0.0,0.3110419906687403,0.0,0.0,0.0,0.0,0.0,0.0,0.0
03520,03,520,1374,777,597,0,628,15,621,7,59,212,55,184,86,14,0,0,0,5,0,0,3,0,3,0,0,0,0,0,0,0,45.70596797671033,1.1146496815286624,98.88535031847134,9.500805152979067,34.13848631239936,8.856682769726248,29.629629629629626,13.848631239935589,2.254428341384863,0.0,0.0,0.0,0.8051529790660225,0.0,0.0,0.4830917874396135,0.0,0.4830917874396135,0.0,0.0,0.0,0.0,0.0,0.0,0.0
03521,03,521,1290,767,523,0,615,7,605,10,93,156,67,166,96,9,0,0,0,9,0,0,4,0,5,0,0,0,0,0,0,0,47.674418604651166,1.6260162601626018,98.3739837398374,15.37190082644628,25.785123966942148,11.074380165289256,27.43801652892562,15.867768595041323,1.487603305785124,0.0,0.0,0.0,1.487603305785124,0.0,0.0,0.6611570247933884,0.0,0.8264462809917356,0.0,0.0,0.0,0.0,0.0,0.0,0.0
03522,03,522,1161,683,478,0,551,9,547,4,55,166,83,105,116,10,0,0,0,8,0,0,2,0,2,0,0,0,0,0,0,0,47.459086993970715,0.7259528130671506,99.27404718693285,10.054844606946983,30.347349177330894,15.173674588665447,19.195612431444243,21.206581352833638,1.8281535648994516,0.0,0.0,0.0,1.4625228519195612,0.0,0.0,0.3656307129798903,0.0,0.3656307129798903,0.0,0.0,0.0,0.0,0.0,0.0,0.0
03523,03,523,971,611,360,0,467,5,459,8,56,74,77,92,137,10,0,0,0,6,0,0,5,0,2,0,0,0,0,0,0,0,48.094747682801234,1.7130620985010707,98.28693790149893,12.200435729847495,16.122004357298476,16.775599128540307,20.043572984749456,29.847494553376908,2.178649237472767,0.0,0.0,0.0,1.3071895424836601,0.0,0.0,1.0893246187363834,0.0,0.4357298474945534,0.0,0.0,0.0,0.0,0.0,0.0,0.0
035A,03,5A,0,0,0,0,916,916,906,10,162,302,104,222,74,23,0,0,0,13,0,0,1,0,5,0,0,0,0,0,0,0,inf,1.0917030567685588,98.90829694323145,17.880794701986755,33.33333333333333,11.479028697571744,24.503311258278146,8.167770419426049,2.5386313465783665,0.0,0.0,0.0,1.434878587196468,0.0,0.0,0.11037527593818984,0.0,0.5518763796909493,0.0,0.0,0.0,0.0,0.0,0.0,0.0
035B,03,5B,0,0,0,0,893,893,882,11,148,166,141,253,137,17,0,0,0,13,0,0,4,0,3,0,0,0,0,0,0,0,inf,1.2318029115341544,98.76819708846585,16.780045351473923,18.820861678004537,15.98639455782313,28.68480725623583,15.532879818594104,1.9274376417233559,0.0,0.0,0.0,1.473922902494331,0.0,0.0,0.45351473922902497,0.0,0.3401360544217687,0.0,0.0,0.0,0.0,0.0,0.0,0.0
035C,03,5C,0,0,0,0,564,564,562,2,62,272,53,133,24,9,0,0,0,5,0,0,2,0,2,0,0,0,0,0,0,0,inf,0.3546099290780142,99.64539007092199,11.032028469750891,48.39857651245551,9.430604982206406,23.665480427046262,4.270462633451958,1.601423487544484,0.0,0.0,0.0,0.8896797153024912,0.0,0.0,0.3558718861209964,0.0,0.3558718861209964,0.0,0.0,0.0,0.0,0.0,0.0,0.0
035D,03,5D,0,0,0,0,806,806,795,11,134,240,135,175,66,26,0,0,0,8,0,0,7,0,4,0,0,0,0,0,0,0,inf,1.3647642679900744,98.63523573200993,16.855345911949684,30.18867924528302,16.9811320754717,22.0125786163522,8.30188679245283,3.270440251572327,0.0,0.0,0.0,1.0062893081761006,0.0,0.0,0.8805031446540881,0.0,0.5031446540880503,0.0,0.0,0.0,0.0,0.0,0.0,0.0
035E,03,5E,0,0,0,0,953,953,940,13,154,262,131,237,104,26,0,0,0,15,0,0,6,0,5,0,0,0,0,0,0,0,inf,1.3641133263378804,98.63588667366213,16.382978723404253,27.872340425531917,13.936170212765958,25.21276595744681,11.063829787234042,2.7659574468085104,0.0,0.0,0.0,1.5957446808510638,0.0,0.0,0.6382978723404255,0.0,0.5319148936170213,0.0,0.0,0.0,0.0,0.0,0.0,0.0
035F,03,5F,0,0,0,0,528,528,521,7,89,134,67,157,42,11,0,0,0,9,0,0,5,0,7,0,0,0,0,0,0,0,inf,1.3257575757575757,98.67424242424242,17.08253358925144,25.719769673704413,12.859884836852206,30.134357005758154,8.061420345489443,2.111324376199616,0.0,0.0,0.0,1.727447216890595,0.0,0.0,0.9596928982725527,0.0,1.3435700575815739,0.0,0.0,0.0,0.0,0.0,0.0,0.0
035G,03,5G,0,0,0,0,568,568,565,3,98,133,101,139,71,14,0,0,0,8,0,0,1,0,0,0,0,0,0,0,0,0,inf,0.528169014084507,99.47183098591549,17.345132743362832,23.53982300884956,17.876106194690266,24.601769911504427,12.56637168141593,2.47787610619469,0.0,0.0,0.0,1.415929203539823,0.0,0.0,0.17699115044247787,0.0,0.0,0.0,0.0,0.0,0.0,0.0,0.0,0.0
035H,03,5H,0,0,0,0,533,533,529,4,82,114,101,135,62,15,0,0,0,12,0,0,5,0,3,0,0,0,0,0,0,0,inf,0.7504690431519699,99.24953095684803,15.500945179584122,21.550094517958414,19.092627599243855,25.51984877126654,11.720226843100189,2.835538752362949,0.0,0.0,0.0,2.2684310018903595,0.0,0.0,0.945179584120983,0.0,0.5671077504725899,0.0,0.0,0.0,0.0,0.0,0.0,0.0
035I,03,5I,0,0,0,0,509,509,507,2,98,144,75,138,34,6,0,0,0,9,0,0,2,0,1,0,0,0,0,0,0,0,inf,0.3929273084479371,99.60707269155206,19.32938856015779,28.402366863905325,14.792899408284024,27.218934911242602,6.70611439842209,1.183431952662722,0.0,0.0,0.0,1.7751479289940828,0.0,0.0,0.39447731755424065,0.0,0.19723865877712032,0.0,0.0,0.0,0.0,0.0,0.0,0.0
035K,03,5K,0,0,0,0,837,837,830,7,147,194,124,201,106,27,0,0,0,17,0,0,7,0,7,0,0,0,0,0,0,0,inf,0.8363201911589008,99.1636798088411,17.710843373493976,23.373493975903614,14.93975903614458,24.216867469879517,12.771084337349398,3.2530120481927707,0.0,0.0,0.0,2.0481927710843375,0.0,0.0,0.8433734939759037,0.0,0.8433734939759037,0.0,0.0,0.0,0.0,0.0,0.0,0.0
035L,03,5L,0,0,0,0,500,500,494,6,83,118,67,138,63,9,0,0,0,11,0,0,3,0,2,0,0,0,0,0,0,0,inf,1.2,98.8,16.801619433198383,23.88663967611336,13.562753036437247,27.93522267206478,12.753036437246964,1.8218623481781375,0.0,0.0,0.0,2.2267206477732793,0.0,0.0,0.6072874493927125,0.0,0.4048582995951417,0.0,0.0,0.0,0.0,0.0,0.0,0.0
035M,03,5M,0,0,0,0,808,808,798,10,149,136,141,196,130,18,0,0,0,14,0,0,5,0,9,0,0,0,0,0,0,0,inf,1.2376237623762376,98.76237623762376,18.671679197994987,17.042606516290725,17.669172932330827,24.561403508771928,16.290726817042607,2.2556390977443606,0.0,0.0,0.0,1.7543859649122806,0.0,0.0,0.6265664160401002,0.0,1.1278195488721803,0.0,0.0,0.0,0.0,0.0,0.0,0.0
035N,03,5N,0,0,0,0,486,486,484,2,94,72,140,82,64,17,0,0,0,11,0,0,0,0,4,0,0,0,0,0,0,0,inf,0.411522633744856,99.58847736625515,19.421487603305785,14.87603305785124,28.92561983471074,16.94214876033058,13.223140495867769,3.512396694214876,0.0,0.0,0.0,2.272727272727273,0.0,0.0,0.0,0.0,0.8264462809917356,0.0,0.0,0.0,0.0,0.0,0.0,0.0
035P,03,5P,0,0,0,0,473,473,468,5,68,124,77,115,63,11,0,0,0,4,0,0,1,0,5,0,0,0,0,0,0,0,inf,1.0570824524312896,98.94291754756871,14.529914529914532,26.495726495726498,16.45299145299145,24.57264957264957,13.461538461538462,2.3504273504273505,0.0,0.0,0.0,0.8547008547008548,0.0,0.0,0.2136752136752137,0.0,1.0683760683760684,0.0,0.0,0.0,0.0,0.0,0.0,0.0
035Q,03,5Q,0,0,0,0,517,517,510,7,90,150,80,128,39,11,0,0,0,8,0,0,2,0,2,0,0,0,0,0,0,0,inf,1.3539651837524178,98.64603481624758,17.647058823529413,29.411764705882355,15.686274509803921,25.098039215686274,7.647058823529412,2.156862745098039,0.0,0.0,0.0,1.5686274509803921,0.0,0.0,0.39215686274509803,0.0,0.39215686274509803,0.0,0.0,0.0,0.0,0.0,0.0,0.0
035R,03,5R,0,0,0,0,554,554,548,6,58,181,89,148,43,14,0,0,0,8,0,0,3,0,4,0,0,0,0,0,0,0,inf,1.083032490974729,98.91696750902527,10.583941605839415,33.02919708029197,16.240875912408757,27.00729927007299,7.846715328467154,2.5547445255474455,0.0,0.0,0.0,1.4598540145985401,0.0,0.0,0.5474452554744526,0.0,0.7299270072992701,0.0,0.0,0.0,0.0,0.0,0.0,0.0
035T,03,5T,0,0,0,0,495,495,487,8,78,140,75,133,44,6,0,0,0,5,0,0,0,0,6,0,0,0,0,0,0,0,inf,1.6161616161616161,98.38383838383838,16.01642710472279,28.74743326488706,15.400410677618071,27.31006160164271,9.034907597535934,1.2320328542094456,0.0,0.0,0.0,1.0266940451745379,0.0,0.0,0.0,0.0,1.2320328542094456,0.0,0.0,0.0,0.0,0.0,0.0,0.0
035U,03,5U,0,0,0,0,527,527,521,6,81,88,147,85,94,19,0,0,0,6,0,0,1,0,0,0,0,0,0,0,0,0,inf,1.1385199240986716,98.86148007590133,15.547024952015356,16.89059500959693,28.21497120921305,16.314779270633398,18.042226487523994,3.6468330134357005,0.0,0.0,0.0,1.1516314779270633,0.0,0.0,0.19193857965451055,0.0,0.0,0.0,0.0,0.0,0.0,0.0,0.0,0.0
03600,03,600,1281,698,583,0,568,29,562,6,63,200,50,153,66,18,0,0,0,5,0,0,2,0,5,0,0,0,0,0,0,0,44.340359094457455,1.056338028169014,98.94366197183099,11.209964412811388,35.587188612099645,8.896797153024911,27.22419928825623,11.743772241992882,3.202846975088968,0.0,0.0,0.0,0.8896797153024912,0.0,0.0,0.3558718861209964,0.0,0.8896797153024912,0.0,0.0,0.0,0.0,0.0,0.0,0.0
03601,03,601,1369,839,530,0,608,14,604,4,73,185,74,171,75,14,0,0,0,4,0,0,5,0,3,0,0,0,0,0,0,0,44.41197954711468,0.6578947368421052,99.3421052631579,12.08609271523179,30.629139072847682,12.251655629139073,28.311258278145697,12.417218543046356,2.3178807947019866,0.0,0.0,0.0,0.6622516556291391,0.0,0.0,0.8278145695364238,0.0,0.49668874172185434,0.0,0.0,0.0,0.0,0.0,0.0,0.0
03602,03,602,1189,654,535,0,543,12,536,7,38,227,53,160,45,10,0,0,0,1,0,0,1,0,1,0,0,0,0,0,0,0,45.668629100084104,1.289134438305709,98.71086556169429,7.08955223880597,42.350746268656714,9.888059701492537,29.850746268656714,8.395522388059701,1.8656716417910446,0.0,0.0,0.0,0.18656716417910446,0.0,0.0,0.18656716417910446,0.0,0.18656716417910446,0.0,0.0,0.0,0.0,0.0,0.0,0.0
03603,03,603,1137,691,446,0,630,5,626,4,79,265,44,153,62,14,0,0,0,4,0,0,2,0,3,0,0,0,0,0,0,0,55.4089709762533,0.6349206349206349,99.36507936507937,12.619808306709265,42.33226837060703,7.0287539936102235,24.440894568690098,9.904153354632587,2.2364217252396164,0.0,0.0,0.0,0.6389776357827476,0.0,0.0,0.3194888178913738,0.0,0.4792332268370607,0.0,0.0,0.0,0.0,0.0,0.0,0.0
03604,03,604,1010,598,412,0,510,13,506,4,56,188,42,159,51,8,0,0,0,1,0,0,0,0,1,0,0,0,0,0,0,0,50.495049504950494,0.7843137254901961,99.2156862745098,11.067193675889328,37.15415019762846,8.300395256916996,31.422924901185773,10.079051383399209,1.5810276679841897,0.0,0.0,0.0,0.1976284584980237,0.0,0.0,0.0,0.0,0.1976284584980237,0.0,0.0,0.0,0.0,0.0,0.0,0.0
03605,03,605,1134,659,475,0,556,16,552,4,68,216,40,164,44,12,0,0,0,3,0,0,3,0,2,0,0,0,0,0,0,0,49.029982363315696,0.7194244604316548,99.28057553956835,12.318840579710146,39.130434782608695,7.246376811594203,29.71014492753623,7.971014492753622,2.1739130434782608,0.0,0.0,0.0,0.5434782608695652,0.0,0.0,0.5434782608695652,0.0,0.36231884057971014,0.0,0.0,0.0,0.0,0.0,0.0,0.0
03606,03,606,1325,760,565,0,662,32,653,9,76,259,80,159,56,19,0,0,0,1,0,0,2,0,1,0,0,0,0,0,0,0,49.9622641509434,1.3595166163141994,98.64048338368579,11.638591117917304,39.66309341500766,12.251148545176111,24.349157733537517,8.575803981623277,2.909647779479326,0.0,0.0,0.0,0.1531393568147014,0.0,0.0,0.3062787136294028,0.0,0.1531393568147014,0.0,0.0,0.0,0.0,0.0,0.0,0.0
03607,03,607,867,513,354,0,457,13,456,1,51,188,43,115,37,15,0,0,0,1,0,0,3,0,3,0,0,0,0,0,0,0,52.71049596309112,0.2188183807439825,99.78118161925602,11.18421052631579,41.228070175438596,9.429824561403509,25.219298245614034,8.114035087719298,3.289473684210526,0.0,0.0,0.0,0.21929824561403508,0.0,0.0,0.6578947368421052,0.0,0.6578947368421052,0.0,0.0,0.0,0.0,0.0,0.0,0.0
03608,03,608,817,462,355,0,397,0,396,1,32,160,34,127,32,9,0,0,0,0,0,0,1,0,1,0,0,0,0,0,0,0,48.592411260709916,0.2518891687657431,99.74811083123426,8.080808080808081,40.4040404040404,8.585858585858585,32.07070707070707,8.080808080808081,2.272727272727273,0.0,0.0,0.0,0.0,0.0,0.0,0.25252525252525254,0.0,0.25252525252525254,0.0,0.0,0.0,0.0,0.0,0.0,0.0
03609,03,609,980,598,382,0,519,11,516,3,62,192,52,140,52,14,0,0,0,1,0,0,1,0,2,0,0,0,0,0,0,0,52.95918367346939,0.5780346820809248,99.42196531791907,12.015503875968992,37.2093023255814,10.077519379844961,27.131782945736433,10.077519379844961,2.7131782945736433,0.0,0.0,0.0,0.1937984496124031,0.0,0.0,0.1937984496124031,0.0,0.3875968992248062,0.0,0.0,0.0,0.0,0.0,0.0,0.0
03610,03,610,1140,711,429,0,593,13,590,3,60,196,70,176,65,16,0,0,0,1,0,0,3,0,3,0,0,0,0,0,0,0,52.017543859649116,0.5059021922428331,99.49409780775717,10.16949152542373,33.220338983050844,11.864406779661017,29.830508474576273,11.016949152542372,2.711864406779661,0.0,0.0,0.0,0.1694915254237288,0.0,0.0,0.5084745762711864,0.0,0.5084745762711864,0.0,0.0,0.0,0.0,0.0,0.0,0.0
03611,03,611,1036,568,468,0,452,20,448,4,43,177,31,136,49,9,0,0,0,0,0,0,2,0,1,0,0,0,0,0,0,0,43.62934362934363,0.8849557522123894,99.11504424778761,9.598214285714286,39.50892857142857,6.919642857142858,30.357142857142854,10.9375,2.0089285714285716,0.0,0.0,0.0,0.0,0.0,0.0,0.4464285714285714,0.0,0.2232142857142857,0.0,0.0,0.0,0.0,0.0,0.0,0.0
03612,03,612,1013,565,448,0,507,12,502,5,46,200,50,149,43,8,0,0,0,2,0,0,1,0,3,0,0,0,0,0,0,0,50.049358341559724,0.9861932938856016,99.0138067061144,9.163346613545817,39.8406374501992,9.9601593625498,29.681274900398407,8.565737051792828,1.593625498007968,0.0,0.0,0.0,0.398406374501992,0.0,0.0,0.199203187250996,0.0,0.5976095617529881,0.0,0.0,0.0,0.0,0.0,0.0,0.0
03613,03,613,891,460,431,0,412,24,410,2,41,155,35,131,32,10,0,0,0,3,0,0,2,0,1,0,0,0,0,0,0,0,46.240179573512904,0.48543689320388345,99.51456310679612,10.0,37.80487804878049,8.536585365853659,31.951219512195124,7.804878048780488,2.4390243902439024,0.0,0.0,0.0,0.7317073170731708,0.0,0.0,0.4878048780487805,0.0,0.24390243902439024,0.0,0.0,0.0,0.0,0.0,0.0,0.0
03614,03,614,1322,732,590,0,635,17,629,6,63,225,70,205,41,14,0,0,0,4,0,0,1,0,6,0,0,0,0,0,0,0,48.03328290468986,0.9448818897637795,99.05511811023622,10.01589825119237,35.77106518282989,11.128775834658187,32.591414944356124,6.518282988871224,2.2257551669316373,0.0,0.0,0.0,0.6359300476947536,0.0,0.0,0.1589825119236884,0.0,0.9538950715421303,0.0,0.0,0.0,0.0,0.0,0.0,0.0
03615,03,615,969,518,451,0,463,14,462,1,37,211,45,135,24,6,0,0,0,2,0,0,1,0,1,0,0,0,0,0,0,0,47.781217750258,0.21598272138228944,99.78401727861771,8.008658008658008,45.67099567099567,9.740259740259742,29.22077922077922,5.194805194805195,1.2987012987012987,0.0,0.0,0.0,0.4329004329004329,0.0,0.0,0.21645021645021645,0.0,0.21645021645021645,0.0,0.0,0.0,0.0,0.0,0.0,0.0
03616,03,616,805,480,325,0,403,6,401,2,39,170,24,124,26,11,0,0,0,3,0,0,2,0,2,0,0,0,0,0,0,0,50.06211180124224,0.49627791563275436,99.50372208436724,9.72568578553616,42.394014962593516,5.985037406483791,30.92269326683292,6.483790523690773,2.7431421446384037,0.0,0.0,0.0,0.7481296758104738,0.0,0.0,0.4987531172069825,0.0,0.4987531172069825,0.0,0.0,0.0,0.0,0.0,0.0,0.0
03617,03,617,813,417,396,0,359,12,356,3,55,143,23,102,24,6,0,0,0,1,0,0,1,0,1,0,0,0,0,0,0,0,44.15744157441574,0.8356545961002786,99.16434540389972,15.44943820224719,40.168539325842694,6.460674157303371,28.651685393258425,6.741573033707865,1.6853932584269662,0.0,0.0,0.0,0.2808988764044944,0.0,0.0,0.2808988764044944,0.0,0.2808988764044944,0.0,0.0,0.0,0.0,0.0,0.0,0.0
03618,03,618,835,427,408,0,374,15,368,6,33,172,38,77,36,9,0,0,0,2,0,0,1,0,0,0,0,0,0,0,0,0,44.790419161676645,1.6042780748663104,98.3957219251337,8.967391304347826,46.73913043478261,10.326086956521738,20.92391304347826,9.782608695652174,2.4456521739130435,0.0,0.0,0.0,0.5434782608695652,0.0,0.0,0.2717391304347826,0.0,0.0,0.0,0.0,0.0,0.0,0.0,0.0,0.0
03619,03,619,1041,555,486,0,463,16,458,5,52,163,34,160,37,6,0,0,0,3,0,0,0,0,3,0,0,0,0,0,0,0,44.47646493756004,1.079913606911447,98.92008639308855,11.353711790393014,35.58951965065502,7.423580786026202,34.93449781659388,8.078602620087336,1.3100436681222707,0.0,0.0,0.0,0.6550218340611353,0.0,0.0,0.0,0.0,0.6550218340611353,0.0,0.0,0.0,0.0,0.0,0.0,0.0
03620,03,620,807,388,419,0,343,13,343,0,32,150,29,99,24,7,0,0,0,1,0,0,1,0,0,0,0,0,0,0,0,0,42.50309789343247,0.0,100.0,9.329446064139942,43.731778425655975,8.454810495626822,28.86297376093295,6.997084548104956,2.0408163265306123,0.0,0.0,0.0,0.2915451895043732,0.0,0.0,0.2915451895043732,0.0,0.0,0.0,0.0,0.0,0.0,0.0,0.0,0.0
03621,03,621,1274,658,616,0,535,17,530,5,51,204,44,148,63,9,0,0,0,4,0,0,2,0,5,0,0,0,0,0,0,0,41.99372056514913,0.9345794392523363,99.06542056074767,9.622641509433963,38.49056603773585,8.30188679245283,27.92452830188679,11.88679245283019,1.6981132075471699,0.0,0.0,0.0,0.7547169811320755,0.0,0.0,0.37735849056603776,0.0,0.9433962264150944,0.0,0.0,0.0,0.0,0.0,0.0,0.0
03622,03,622,1212,624,588,0,529,17,523,6,55,238,41,145,31,11,0,0,0,2,0,0,0,0,0,0,0,0,0,0,0,0,43.646864686468646,1.1342155009451798,98.86578449905483,10.51625239005736,45.506692160611856,7.839388145315487,27.724665391969406,5.927342256214149,2.1032504780114722,0.0,0.0,0.0,0.3824091778202677,0.0,0.0,0.0,0.0,0.0,0.0,0.0,0.0,0.0,0.0,0.0,0.0
03623,03,623,763,426,337,0,367,11,364,3,26,124,48,119,28,7,0,0,0,5,0,0,5,0,2,0,0,0,0,0,0,0,48.099606815203146,0.8174386920980926,99.1825613079019,7.142857142857142,34.065934065934066,13.186813186813188,32.69230769230769,7.6923076923076925,1.9230769230769231,0.0,0.0,0.0,1.3736263736263736,0.0,0.0,1.3736263736263736,0.0,0.5494505494505495,0.0,0.0,0.0,0.0,0.0,0.0,0.0
03624,03,624,1087,581,506,0,501,23,498,3,39,227,33,150,23,21,0,0,0,2,0,0,2,0,1,0,0,0,0,0,0,0,46.09015639374425,0.5988023952095809,99.40119760479041,7.83132530120482,45.58232931726908,6.626506024096386,30.120481927710845,4.618473895582329,4.216867469879518,0.0,0.0,0.0,0.4016064257028112,0.0,0.0,0.4016064257028112,0.0,0.2008032128514056,0.0,0.0,0.0,0.0,0.0,0.0,0.0
03625,03,625,824,445,379,0,350,13,346,4,31,125,38,109,32,7,0,0,0,3,0,0,1,0,0,0,0,0,0,0,0,0,42.4757281553398,1.1428571428571428,98.85714285714286,8.959537572254336,36.127167630057805,10.982658959537572,31.502890173410403,9.248554913294797,2.023121387283237,0.0,0.0,0.0,0.8670520231213872,0.0,0.0,0.2890173410404624,0.0,0.0,0.0,0.0,0.0,0.0,0.0,0.0,0.0
03626,03,626,821,461,360,0,405,12,399,6,30,190,25,107,32,11,0,0,0,3,0,0,0,0,1,0,0,0,0,0,0,0,49.33008526187576,1.4814814814814816,98.51851851851852,7.518796992481203,47.61904761904761,6.265664160401002,26.81704260651629,8.020050125313283,2.756892230576441,0.0,0.0,0.0,0.7518796992481203,0.0,0.0,0.0,0.0,0.2506265664160401,0.0,0.0,0.0,0.0,0.0,0.0,0.0
03627,03,627,821,443,378,0,373,11,368,5,28,190,31,84,22,8,0,0,0,0,0,0,5,0,0,0,0,0,0,0,0,0,45.43239951278928,1.3404825737265416,98.65951742627345,7.608695652173914,51.63043478260869,8.423913043478262,22.82608695652174,5.978260869565218,2.1739130434782608,0.0,0.0,0.0,0.0,0.0,0.0,1.358695652173913,0.0,0.0,0.0,0.0,0.0,0.0,0.0,0.0,0.0
03628,03,628,1112,599,513,0,468,17,461,7,30,180,47,149,39,16,0,0,0,0,0,0,0,0,0,0,0,0,0,0,0,0,42.086330935251794,1.4957264957264957,98.50427350427351,6.507592190889371,39.04555314533623,10.195227765726681,32.32104121475054,8.459869848156181,3.470715835140998,0.0,0.0,0.0,0.0,0.0,0.0,0.0,0.0,0.0,0.0,0.0,0.0,0.0,0.0,0.0,0.0
03629,03,629,1169,643,526,0,549,16,546,3,55,251,68,119,37,13,0,0,0,2,0,0,1,0,0,0,0,0,0,0,0,0,46.96321642429427,0.546448087431694,99.4535519125683,10.073260073260073,45.97069597069597,12.454212454212454,21.794871794871796,6.7765567765567765,2.380952380952381,0.0,0.0,0.0,0.3663003663003663,0.0,0.0,0.18315018315018314,0.0,0.0,0.0,0.0,0.0,0.0,0.0,0.0,0.0
03630,03,630,857,493,364,0,411,7,405,6,32,163,34,131,37,7,0,0,0,0,0,0,0,0,1,0,0,0,0,0,0,0,47.957992998833134,1.4598540145985401,98.54014598540147,7.901234567901234,40.24691358024691,8.395061728395062,32.34567901234568,9.135802469135802,1.728395061728395,0.0,0.0,0.0,0.0,0.0,0.0,0.0,0.0,0.24691358024691357,0.0,0.0,0.0,0.0,0.0,0.0,0.0
036A,03,6A,0,0,0,0,901,901,893,8,92,383,97,241,46,29,0,0,0,2,0,0,2,0,1,0,0,0,0,0,0,0,inf,0.8879023307436182,99.11209766925639,10.3023516237402,42.889137737961924,10.862262038073908,26.98768197088466,5.1511758118701,3.2474804031354982,0.0,0.0,0.0,0.22396416573348266,0.0,0.0,0.22396416573348266,0.0,0.11198208286674133,0.0,0.0,0.0,0.0,0.0,0.0,0.0
036B,03,6B,0,0,0,0,813,813,810,3,106,342,97,204,38,16,0,0,0,4,0,0,1,0,2,0,0,0,0,0,0,0,inf,0.36900369003690037,99.63099630996311,13.086419753086421,42.22222222222222,11.975308641975309,25.185185185185183,4.691358024691358,1.9753086419753085,0.0,0.0,0.0,0.49382716049382713,0.0,0.0,0.12345679012345678,0.0,0.24691358024691357,0.0,0.0,0.0,0.0,0.0,0.0,0.0
036C,03,6C,0,0,0,0,918,918,916,2,123,391,110,228,32,27,0,0,0,2,0,0,1,0,2,0,0,0,0,0,0,0,inf,0.2178649237472767,99.78213507625271,13.427947598253276,42.685589519650655,12.008733624454148,24.890829694323145,3.4934497816593884,2.947598253275109,0.0,0.0,0.0,0.21834061135371177,0.0,0.0,0.10917030567685589,0.0,0.21834061135371177,0.0,0.0,0.0,0.0,0.0,0.0,0.0
036D,03,6D,0,0,0,0,757,757,747,10,91,312,82,216,24,14,0,0,0,3,0,0,1,0,4,0,0,0,0,0,0,0,inf,1.321003963011889,98.67899603698811,12.182061579651942,41.76706827309237,10.977242302543507,28.915662650602407,3.2128514056224895,1.8741633199464525,0.0,0.0,0.0,0.4016064257028112,0.0,0.0,0.13386880856760375,0.0,0.535475234270415,0.0,0.0,0.0,0.0,0.0,0.0,0.0
036E,03,6E,0,0,0,0,497,497,496,1,70,223,65,108,13,10,0,0,0,2,0,0,2,0,3,0,0,0,0,0,0,0,inf,0.2012072434607646,99.79879275653923,14.112903225806454,44.95967741935484,13.104838709677418,21.774193548387096,2.620967741935484,2.0161290322580645,0.0,0.0,0.0,0.4032258064516129,0.0,0.0,0.4032258064516129,0.0,0.6048387096774194,0.0,0.0,0.0,0.0,0.0,0.0,0.0
036F,03,6F,0,0,0,0,627,627,623,4,56,297,75,155,16,18,0,0,0,6,0,0,0,0,0,0,0,0,0,0,0,0,inf,0.6379585326953748,99.36204146730464,8.98876404494382,47.67255216693419,12.038523274478331,24.879614767255216,2.568218298555377,2.889245585874799,0.0,0.0,0.0,0.9630818619582664,0.0,0.0,0.0,0.0,0.0,0.0,0.0,0.0,0.0,0.0,0.0,0.0
036G,03,6G,0,0,0,0,776,776,771,5,97,339,82,190,21,31,0,0,0,7,0,0,0,0,4,0,0,0,0,0,0,0,inf,0.6443298969072164,99.35567010309279,12.5810635538262,43.96887159533074,10.635538261997405,24.643320363164722,2.7237354085603114,4.020752269779507,0.0,0.0,0.0,0.9079118028534372,0.0,0.0,0.0,0.0,0.5188067444876783,0.0,0.0,0.0,0.0,0.0,0.0,0.0
036H,03,6H,0,0,0,0,782,782,773,9,91,312,100,211,34,17,0,0,0,4,0,0,1,0,3,0,0,0,0,0,0,0,inf,1.1508951406649617,98.84910485933503,11.772315653298836,40.36222509702458,12.936610608020699,27.29624838292367,4.3984476067270375,2.1992238033635187,0.0,0.0,0.0,0.517464424320828,0.0,0.0,0.129366106080207,0.0,0.38809831824062097,0.0,0.0,0.0,0.0,0.0,0.0,0.0
036I,03,6I,0,0,0,0,871,871,852,19,100,379,106,189,44,26,0,0,0,3,0,0,4,0,1,0,0,0,0,0,0,0,inf,2.1814006888633752,97.81859931113662,11.737089201877934,44.48356807511737,12.44131455399061,22.183098591549296,5.164319248826291,3.051643192488263,0.0,0.0,0.0,0.35211267605633806,0.0,0.0,0.4694835680751174,0.0,0.11737089201877934,0.0,0.0,0.0,0.0,0.0,0.0,0.0
036K,03,6K,0,0,0,0,932,932,924,8,115,445,84,207,35,32,0,0,0,4,0,0,0,0,2,0,0,0,0,0,0,0,inf,0.8583690987124464,99.14163090128756,12.445887445887447,48.16017316017316,9.090909090909092,22.4025974025974,3.787878787878788,3.463203463203463,0.0,0.0,0.0,0.4329004329004329,0.0,0.0,0.0,0.0,0.21645021645021645,0.0,0.0,0.0,0.0,0.0,0.0,0.0
036L,03,6L,0,0,0,0,738,738,735,3,79,340,103,167,16,28,0,0,0,2,0,0,0,0,0,0,0,0,0,0,0,0,inf,0.40650406504065045,99.59349593495935,10.748299319727892,46.25850340136054,14.013605442176871,22.721088435374153,2.1768707482993195,3.8095238095238098,0.0,0.0,0.0,0.27210884353741494,0.0,0.0,0.0,0.0,0.0,0.0,0.0,0.0,0.0,0.0,0.0,0.0
036M,03,6M,0,0,0,0,659,659,654,5,75,302,75,163,18,17,0,0,0,2,0,0,1,0,1,0,0,0,0,0,0,0,inf,0.7587253414264037,99.2412746585736,11.46788990825688,46.17737003058104,11.46788990825688,24.92354740061162,2.7522935779816518,2.599388379204893,0.0,0.0,0.0,0.3058103975535168,0.0,0.0,0.1529051987767584,0.0,0.1529051987767584,0.0,0.0,0.0,0.0,0.0,0.0,0.0
036N,03,6N,0,0,0,0,817,817,811,6,97,355,106,203,24,21,0,0,0,2,0,0,3,0,0,0,0,0,0,0,0,0,inf,0.7343941248470013,99.265605875153,11.960542540073984,43.77311960542541,13.070283600493218,25.030826140567203,2.9593094944512948,2.5893958076448826,0.0,0.0,0.0,0.2466091245376079,0.0,0.0,0.36991368680641185,0.0,0.0,0.0,0.0,0.0,0.0,0.0,0.0,0.0
036P,03,6P,0,0,0,0,528,528,523,5,57,229,65,131,22,11,0,0,0,6,0,0,1,0,1,0,0,0,0,0,0,0,inf,0.946969696969697,99.0530303030303,10.89866156787763,43.78585086042065,12.4282982791587,25.04780114722753,4.2065009560229445,2.1032504780114722,0.0,0.0,0.0,1.147227533460803,0.0,0.0,0.19120458891013384,0.0,0.19120458891013384,0.0,0.0,0.0,0.0,0.0,0.0,0.0
036Q,03,6Q,0,0,0,0,794,794,793,1,102,335,112,183,25,30,0,0,0,1,0,0,3,0,2,0,0,0,0,0,0,0,inf,0.12594458438287154,99.87405541561712,12.862547288776796,42.24464060529634,14.123581336696093,23.076923076923077,3.1525851197982346,3.783102143757881,0.0,0.0,0.0,0.12610340479192939,0.0,0.0,0.37831021437578816,0.0,0.25220680958385877,0.0,0.0,0.0,0.0,0.0,0.0,0.0
036R,03,6R,0,0,0,0,803,803,796,7,96,377,87,173,26,32,0,0,0,4,0,0,1,0,0,0,0,0,0,0,0,0,inf,0.8717310087173101,99.12826899128268,12.060301507537687,47.36180904522613,10.92964824120603,21.733668341708544,3.2663316582914574,4.0201005025125625,0.0,0.0,0.0,0.5025125628140703,0.0,0.0,0.12562814070351758,0.0,0.0,0.0,0.0,0.0,0.0,0.0,0.0,0.0
036T,03,6T,0,0,0,0,573,573,570,3,65,280,54,136,11,16,0,0,0,6,0,0,0,0,2,0,0,0,0,0,0,0,inf,0.5235602094240838,99.47643979057592,11.403508771929824,49.122807017543856,9.473684210526317,23.859649122807017,1.9298245614035088,2.807017543859649,0.0,0.0,0.0,1.0526315789473684,0.0,0.0,0.0,0.0,0.3508771929824561,0.0,0.0,0.0,0.0,0.0,0.0,0.0
03700,03,700,1277,867,410,0,754,19,749,5,71,277,88,193,91,20,0,0,0,3,0,0,3,0,3,0,0,0,0,0,0,0,59.04463586530932,0.6631299734748011,99.3368700265252,9.479305740987984,36.9826435246996,11.748998664886514,25.76769025367156,12.149532710280374,2.67022696929239,0.0,0.0,0.0,0.4005340453938585,0.0,0.0,0.4005340453938585,0.0,0.4005340453938585,0.0,0.0,0.0,0.0,0.0,0.0,0.0
03701,03,701,1318,791,527,0,613,11,603,10,82,149,77,134,134,17,0,0,0,8,0,0,1,0,1,0,0,0,0,0,0,0,46.50986342943854,1.631321370309951,98.36867862969005,13.598673300165837,24.70978441127695,12.769485903814262,22.22222222222222,22.22222222222222,2.8192371475953566,0.0,0.0,0.0,1.3266998341625207,0.0,0.0,0.16583747927031509,0.0,0.16583747927031509,0.0,0.0,0.0,0.0,0.0,0.0,0.0
03702,03,702,1136,699,437,0,597,16,586,11,78,202,83,108,90,14,0,0,0,6,0,0,2,0,3,0,0,0,0,0,0,0,52.55281690140845,1.8425460636515913,98.1574539363484,13.310580204778159,34.470989761092156,14.163822525597269,18.43003412969283,15.358361774744028,2.3890784982935154,0.0,0.0,0.0,1.023890784982935,0.0,0.0,0.3412969283276451,0.0,0.5119453924914675,0.0,0.0,0.0,0.0,0.0,0.0,0.0
03703,03,703,1372,876,496,0,714,11,702,12,70,190,78,187,143,17,0,0,0,11,0,0,2,0,4,0,0,0,0,0,0,0,52.04081632653062,1.680672268907563,98.31932773109243,9.971509971509972,27.065527065527068,11.11111111111111,26.638176638176635,20.37037037037037,2.4216524216524213,0.0,0.0,0.0,1.566951566951567,0.0,0.0,0.2849002849002849,0.0,0.5698005698005698,0.0,0.0,0.0,0.0,0.0,0.0,0.0
03704,03,704,1362,961,401,0,711,13,706,5,82,124,77,222,168,16,0,0,0,7,0,0,4,0,6,0,0,0,0,0,0,0,52.20264317180616,0.7032348804500703,99.29676511954993,11.614730878186968,17.56373937677054,10.906515580736544,31.444759206798867,23.79603399433428,2.26628895184136,0.0,0.0,0.0,0.9915014164305949,0.0,0.0,0.56657223796034,0.0,0.84985835694051,0.0,0.0,0.0,0.0,0.0,0.0,0.0
03705,03,705,1124,735,389,0,600,10,597,3,72,159,68,159,112,18,0,0,0,6,0,0,1,0,2,0,0,0,0,0,0,0,53.380782918149464,0.5,99.5,12.060301507537687,26.633165829145728,11.390284757118927,26.633165829145728,18.76046901172529,3.015075376884422,0.0,0.0,0.0,1.0050251256281406,0.0,0.0,0.16750418760469013,0.0,0.33500837520938026,0.0,0.0,0.0,0.0,0.0,0.0,0.0
03706,03,706,1190,783,407,0,564,11,555,9,78,80,60,160,140,22,0,0,0,0,0,0,0,0,3,0,0,0,0,9,0,3,47.39495798319327,1.5957446808510638,98.40425531914893,14.054054054054054,14.414414414414415,10.81081081081081,28.82882882882883,25.225225225225223,3.963963963963964,0.0,0.0,0.0,0.0,0.0,0.0,0.0,0.0,0.5405405405405406,0.0,0.0,0.0,0.0,1.6216216216216217,0.0,0.5405405405405406
03707,03,707,775,514,261,0,362,12,358,4,50,106,42,111,33,11,0,0,0,0,0,0,0,0,4,0,0,0,0,1,0,0,46.70967741935484,1.1049723756906076,98.89502762430939,13.966480446927374,29.608938547486037,11.731843575418994,31.00558659217877,9.217877094972067,3.072625698324022,0.0,0.0,0.0,0.0,0.0,0.0,0.0,0.0,1.1173184357541899,0.0,0.0,0.0,0.0,0.27932960893854747,0.0,0.0
03708,03,708,1109,624,485,0,503,16,497,6,54,139,61,163,68,6,0,0,0,0,0,0,0,0,3,0,0,0,0,2,0,1,45.356176735798016,1.1928429423459244,98.80715705765407,10.865191146881289,27.96780684104628,12.273641851106639,32.796780684104625,13.682092555331993,1.2072434607645874,0.0,0.0,0.0,0.0,0.0,0.0,0.0,0.0,0.6036217303822937,0.0,0.0,0.0,0.0,0.4024144869215292,0.0,0.2012072434607646
03709,03,709,964,592,372,0,470,7,467,3,63,145,37,137,67,10,0,0,0,0,0,0,0,0,4,0,0,0,0,3,0,1,48.7551867219917,0.6382978723404255,99.36170212765958,13.49036402569593,31.049250535331907,7.922912205567452,29.336188436830835,14.346895074946467,2.141327623126338,0.0,0.0,0.0,0.0,0.0,0.0,0.0,0.0,0.8565310492505354,0.0,0.0,0.0,0.0,0.6423982869379015,0.0,0.21413276231263384
03710,03,710,956,634,322,0,476,7,468,8,59,89,50,126,119,8,0,0,0,0,0,0,0,0,6,0,0,0,0,9,0,2,49.7907949790795,1.680672268907563,98.31932773109243,12.606837606837606,19.017094017094017,10.683760683760683,26.923076923076923,25.427350427350426,1.7094017094017095,0.0,0.0,0.0,0.0,0.0,0.0,0.0,0.0,1.282051282051282,0.0,0.0,0.0,0.0,1.9230769230769231,0.0,0.4273504273504274
03711,03,711,1017,662,355,0,484,7,478,6,76,87,46,130,111,12,0,0,0,0,0,0,0,0,5,0,0,0,0,8,0,3,47.590953785644054,1.2396694214876034,98.7603305785124,15.899581589958158,18.200836820083683,9.623430962343097,27.19665271966527,23.221757322175733,2.510460251046025,0.0,0.0,0.0,0.0,0.0,0.0,0.0,0.0,1.0460251046025104,0.0,0.0,0.0,0.0,1.6736401673640167,0.0,0.6276150627615062
03712,03,712,971,533,438,0,429,7,425,4,45,121,38,131,72,6,0,0,0,8,0,0,1,0,3,0,0,0,0,0,0,0,44.18125643666323,0.9324009324009324,99.06759906759906,10.588235294117647,28.47058823529412,8.941176470588236,30.823529411764707,16.941176470588236,1.411764705882353,0.0,0.0,0.0,1.8823529411764703,0.0,0.0,0.2352941176470588,0.0,0.7058823529411765,0.0,0.0,0.0,0.0,0.0,0.0,0.0
03713,03,713,1160,605,555,0,535,20,532,3,64,237,49,119,40,16,0,0,0,2,0,0,3,0,2,0,0,0,0,0,0,0,46.12068965517241,0.5607476635514018,99.4392523364486,12.030075187969924,44.54887218045113,9.210526315789473,22.36842105263158,7.518796992481203,3.007518796992481,0.0,0.0,0.0,0.37593984962406013,0.0,0.0,0.5639097744360901,0.0,0.37593984962406013,0.0,0.0,0.0,0.0,0.0,0.0,0.0
03714,03,714,1164,631,533,0,537,12,529,8,57,163,65,143,82,11,0,0,0,2,0,0,3,0,3,0,0,0,0,0,0,0,46.134020618556704,1.48975791433892,98.51024208566108,10.775047258979207,30.812854442344044,12.287334593572778,27.032136105860115,15.500945179584122,2.0793950850661624,0.0,0.0,0.0,0.3780718336483932,0.0,0.0,0.5671077504725899,0.0,0.5671077504725899,0.0,0.0,0.0,0.0,0.0,0.0,0.0
03715,03,715,928,599,329,0,497,16,489,8,63,131,45,156,77,7,0,0,0,7,0,0,1,0,2,0,0,0,0,0,0,0,53.55603448275862,1.6096579476861168,98.39034205231388,12.883435582822086,26.789366053169733,9.202453987730062,31.901840490797547,15.746421267893659,1.4314928425357873,0.0,0.0,0.0,1.4314928425357873,0.0,0.0,0.2044989775051125,0.0,0.408997955010225,0.0,0.0,0.0,0.0,0.0,0.0,0.0
03716,03,716,1360,771,589,0,641,25,634,7,65,257,67,164,52,21,0,0,0,5,0,0,2,0,1,0,0,0,0,0,0,0,47.13235294117647,1.0920436817472698,98.90795631825273,10.25236593059937,40.536277602523654,10.56782334384858,25.86750788643533,8.201892744479496,3.3123028391167195,0.0,0.0,0.0,0.7886435331230284,0.0,0.0,0.31545741324921134,0.0,0.15772870662460567,0.0,0.0,0.0,0.0,0.0,0.0,0.0
03717,03,717,1295,660,635,0,536,15,528,8,63,177,68,155,44,12,0,0,0,3,0,0,2,0,4,0,0,0,0,0,0,0,41.389961389961385,1.4925373134328357,98.50746268656717,11.931818181818182,33.52272727272727,12.878787878787879,29.35606060606061,8.333333333333332,2.272727272727273,0.0,0.0,0.0,0.5681818181818182,0.0,0.0,0.3787878787878788,0.0,0.7575757575757576,0.0,0.0,0.0,0.0,0.0,0.0,0.0
03718,03,718,1377,874,503,0,711,11,706,5,67,214,87,170,140,19,0,0,0,5,0,0,0,0,4,0,0,0,0,0,0,0,51.633986928104584,0.7032348804500703,99.29676511954993,9.490084985835693,30.31161473087819,12.322946175637393,24.07932011331445,19.8300283286119,2.6912181303116145,0.0,0.0,0.0,0.708215297450425,0.0,0.0,0.0,0.0,0.56657223796034,0.0,0.0,0.0,0.0,0.0,0.0,0.0
03719,03,719,1312,863,449,0,667,7,662,5,55,174,72,216,122,10,0,0,0,9,0,0,2,0,2,0,0,0,0,0,0,0,50.838414634146346,0.7496251874062968,99.2503748125937,8.308157099697885,26.283987915407852,10.876132930513595,32.62839879154079,18.429003021148034,1.5105740181268883,0.0,0.0,0.0,1.3595166163141994,0.0,0.0,0.3021148036253776,0.0,0.3021148036253776,0.0,0.0,0.0,0.0,0.0,0.0,0.0
03720,03,720,1052,617,435,0,532,23,527,5,45,199,46,166,58,5,0,0,0,7,0,0,0,0,1,0,0,0,0,0,0,0,50.57034220532319,0.9398496240601504,99.06015037593986,8.538899430740038,37.76091081593928,8.72865275142315,31.499051233396585,11.005692599620494,0.9487666034155597,0.0,0.0,0.0,1.3282732447817838,0.0,0.0,0.0,0.0,0.18975332068311196,0.0,0.0,0.0,0.0,0.0,0.0,0.0
03721,03,721,1123,685,438,0,554,9,549,5,66,186,64,148,63,10,0,0,0,7,0,0,2,0,3,0,0,0,0,0,0,0,49.33214603739982,0.9025270758122743,99.09747292418773,12.021857923497267,33.87978142076503,11.657559198542804,26.958105646630237,11.475409836065573,1.8214936247723135,0.0,0.0,0.0,1.2750455373406193,0.0,0.0,0.36429872495446264,0.0,0.546448087431694,0.0,0.0,0.0,0.0,0.0,0.0,0.0
03722,03,722,1000,645,355,0,531,10,530,1,67,129,29,187,97,11,0,0,0,0,0,0,0,0,6,0,0,0,0,4,0,0,53.1,0.18832391713747645,99.81167608286252,12.641509433962264,24.339622641509433,5.471698113207547,35.283018867924525,18.30188679245283,2.0754716981132075,0.0,0.0,0.0,0.0,0.0,0.0,0.0,0.0,1.1320754716981132,0.0,0.0,0.0,0.0,0.7547169811320755,0.0,0.0
03723,03,723,924,552,372,0,433,14,429,4,52,117,30,143,66,18,0,0,0,0,0,0,0,0,0,0,0,0,0,3,0,0,46.86147186147186,0.9237875288683602,99.07621247113164,12.121212121212121,27.27272727272727,6.993006993006993,33.33333333333333,15.384615384615385,4.195804195804196,0.0,0.0,0.0,0.0,0.0,0.0,0.0,0.0,0.0,0.0,0.0,0.0,0.0,0.6993006993006993,0.0,0.0
03724,03,724,856,524,332,0,378,7,373,5,46,68,48,126,73,7,0,0,0,0,0,0,0,0,2,0,0,0,0,2,0,1,44.1588785046729,1.3227513227513228,98.67724867724867,12.332439678284182,18.230563002680967,12.868632707774799,33.78016085790885,19.571045576407506,1.876675603217158,0.0,0.0,0.0,0.0,0.0,0.0,0.0,0.0,0.5361930294906166,0.0,0.0,0.0,0.0,0.5361930294906166,0.0,0.2680965147453083
03725,03,725,944,509,435,0,438,14,434,4,61,139,38,127,47,16,0,0,0,0,0,0,0,0,3,0,0,0,0,3,0,0,46.39830508474576,0.91324200913242,99.08675799086758,14.055299539170507,32.02764976958525,8.755760368663594,29.262672811059907,10.829493087557603,3.686635944700461,0.0,0.0,0.0,0.0,0.0,0.0,0.0,0.0,0.6912442396313364,0.0,0.0,0.0,0.0,0.6912442396313364,0.0,0.0
03726,03,726,966,552,414,0,422,11,418,4,52,141,29,128,53,10,0,0,0,4,0,0,0,0,1,0,0,0,0,0,0,0,43.68530020703933,0.9478672985781991,99.0521327014218,12.440191387559809,33.73205741626794,6.937799043062201,30.62200956937799,12.679425837320574,2.3923444976076556,0.0,0.0,0.0,0.9569377990430622,0.0,0.0,0.0,0.0,0.23923444976076555,0.0,0.0,0.0,0.0,0.0,0.0,0.0
037A,03,7A,0,0,0,0,726,726,720,6,96,224,113,189,75,10,0,0,0,9,0,0,3,0,1,0,0,0,0,0,0,0,inf,0.8264462809917356,99.17355371900827,13.333333333333334,31.11111111111111,15.694444444444445,26.25,10.416666666666668,1.3888888888888888,0.0,0.0,0.0,1.25,0.0,0.0,0.4166666666666667,0.0,0.1388888888888889,0.0,0.0,0.0,0.0,0.0,0.0,0.0
037B,03,7B,0,0,0,0,878,878,872,6,124,290,126,218,70,18,0,0,0,11,0,0,8,0,7,0,0,0,0,0,0,0,inf,0.683371298405467,99.31662870159454,14.220183486238533,33.25688073394495,14.449541284403669,25.0,8.027522935779817,2.064220183486239,0.0,0.0,0.0,1.261467889908257,0.0,0.0,0.9174311926605505,0.0,0.8027522935779817,0.0,0.0,0.0,0.0,0.0,0.0,0.0
037C,03,7C,0,0,0,0,458,458,451,7,63,146,57,123,41,15,0,0,0,4,0,0,2,0,0,0,0,0,0,0,0,0,inf,1.5283842794759825,98.47161572052401,13.968957871396896,32.37250554323725,12.638580931263856,27.27272727272727,9.090909090909092,3.325942350332594,0.0,0.0,0.0,0.8869179600886918,0.0,0.0,0.4434589800443459,0.0,0.0,0.0,0.0,0.0,0.0,0.0,0.0,0.0
037D,03,7D,0,0,0,0,769,769,763,6,101,193,114,220,106,16,0,0,0,9,0,0,3,0,1,0,0,0,0,0,0,0,inf,0.7802340702210664,99.21976592977893,13.237221494102227,25.29488859764089,14.941022280471822,28.833551769331585,13.892529488859765,2.0969855832241153,0.0,0.0,0.0,1.1795543905635648,0.0,0.0,0.39318479685452157,0.0,0.1310615989515072,0.0,0.0,0.0,0.0,0.0,0.0,0.0
037E,03,7E,0,0,0,0,707,707,697,10,110,212,67,201,74,16,0,0,0,10,0,0,5,0,2,0,0,0,0,0,0,0,inf,1.4144271570014144,98.58557284299859,15.781922525107603,30.416068866571017,9.612625538020087,28.83787661406026,10.616929698708752,2.295552367288379,0.0,0.0,0.0,1.4347202295552368,0.0,0.0,0.7173601147776184,0.0,0.2869440459110474,0.0,0.0,0.0,0.0,0.0,0.0,0.0
037F,03,7F,0,0,0,0,774,774,767,7,94,311,87,211,38,16,0,0,0,3,0,0,3,0,4,0,0,0,0,0,0,0,inf,0.9043927648578811,99.09560723514211,12.25554106910039,40.547588005215125,11.342894393741851,27.509778357235987,4.954367666232073,2.0860495436766624,0.0,0.0,0.0,0.3911342894393742,0.0,0.0,0.3911342894393742,0.0,0.5215123859191656,0.0,0.0,0.0,0.0,0.0,0.0,0.0
037G,03,7G,0,0,0,0,504,504,495,9,49,237,56,120,20,10,0,0,0,1,0,0,0,0,2,0,0,0,0,0,0,0,inf,1.7857142857142856,98.21428571428571,9.8989898989899,47.878787878787875,11.313131313131313,24.242424242424242,4.040404040404041,2.0202020202020203,0.0,0.0,0.0,0.20202020202020202,0.0,0.0,0.0,0.0,0.40404040404040403,0.0,0.0,0.0,0.0,0.0,0.0,0.0
037H,03,7H,0,0,0,0,499,499,494,5,87,182,60,113,34,9,0,0,0,5,0,0,2,0,2,0,0,0,0,0,0,0,inf,1.002004008016032,98.99799599198397,17.611336032388664,36.84210526315789,12.145748987854251,22.874493927125506,6.882591093117409,1.8218623481781375,0.0,0.0,0.0,1.0121457489878543,0.0,0.0,0.4048582995951417,0.0,0.4048582995951417,0.0,0.0,0.0,0.0,0.0,0.0,0.0
037I,03,7I,0,0,0,0,542,542,534,8,73,229,55,123,32,14,0,0,0,7,0,0,0,0,1,0,0,0,0,0,0,0,inf,1.4760147601476015,98.5239852398524,13.670411985018728,42.88389513108614,10.299625468164795,23.03370786516854,5.992509363295881,2.6217228464419478,0.0,0.0,0.0,1.3108614232209739,0.0,0.0,0.0,0.0,0.18726591760299627,0.0,0.0,0.0,0.0,0.0,0.0,0.0
037K,03,7K,0,0,0,0,583,583,579,4,66,245,76,139,30,18,0,0,0,4,0,0,0,0,1,0,0,0,0,0,0,0,inf,0.6861063464837049,99.31389365351629,11.398963730569948,42.31433506044905,13.126079447322972,24.006908462867013,5.181347150259067,3.1088082901554404,0.0,0.0,0.0,0.690846286701209,0.0,0.0,0.0,0.0,0.17271157167530224,0.0,0.0,0.0,0.0,0.0,0.0,0.0
037L,03,7L,0,0,0,0,465,465,458,7,58,153,81,106,38,14,0,0,0,5,0,0,1,0,2,0,0,0,0,0,0,0,inf,1.5053763440860215,98.49462365591398,12.663755458515283,33.4061135371179,17.685589519650655,23.144104803493452,8.296943231441048,3.056768558951965,0.0,0.0,0.0,1.0917030567685588,0.0,0.0,0.21834061135371177,0.0,0.43668122270742354,0.0,0.0,0.0,0.0,0.0,0.0,0.0
037M,03,7M,0,0,0,0,403,403,400,3,53,135,56,109,27,10,0,0,0,7,0,0,2,0,1,0,0,0,0,0,0,0,inf,0.7444168734491315,99.25558312655087,13.25,33.75,14.000000000000002,27.250000000000004,6.75,2.5,0.0,0.0,0.0,1.7500000000000002,0.0,0.0,0.5,0.0,0.25,0.0,0.0,0.0,0.0,0.0,0.0,0.0
037N,03,7N,0,0,0,0,669,669,659,10,105,131,98,204,91,17,0,0,0,0,0,0,0,0,8,0,0,0,0,4,0,1,inf,1.4947683109118086,98.50523168908819,15.933232169954476,19.878603945371776,14.87101669195751,30.955993930197266,13.808801213960548,2.579666160849772,0.0,0.0,0.0,0.0,0.0,0.0,0.0,0.0,1.2139605462822458,0.0,0.0,0.0,0.0,0.6069802731411229,0.0,0.15174506828528073
037P,03,7P,0,0,0,0,662,662,657,5,89,196,91,197,54,21,0,0,0,0,0,0,0,0,2,0,0,0,0,5,0,2,inf,0.7552870090634441,99.24471299093656,13.54642313546423,29.832572298325722,13.850837138508371,29.98477929984779,8.21917808219178,3.1963470319634704,0.0,0.0,0.0,0.0,0.0,0.0,0.0,0.0,0.30441400304414,0.0,0.0,0.0,0.0,0.76103500761035,0.0,0.30441400304414
037Q,03,7Q,0,0,0,0,666,666,661,5,93,202,63,227,48,11,0,0,0,0,0,0,0,0,4,0,0,0,0,11,0,2,inf,0.7507507507507507,99.24924924924925,14.069591527987896,30.559757942511347,9.531013615733738,34.34190620272315,7.2617246596066565,1.6641452344931922,0.0,0.0,0.0,0.0,0.0,0.0,0.0,0.0,0.6051437216338881,0.0,0.0,0.0,0.0,1.6641452344931922,0.0,0.30257186081694404
037R,03,7R,0,0,0,0,541,541,534,7,70,171,59,157,47,12,0,0,0,0,0,0,0,0,8,0,0,0,0,10,0,0,inf,1.2939001848428837,98.70609981515712,13.108614232209737,32.02247191011236,11.04868913857678,29.40074906367041,8.801498127340825,2.247191011235955,0.0,0.0,0.0,0.0,0.0,0.0,0.0,0.0,1.4981273408239701,0.0,0.0,0.0,0.0,1.8726591760299627,0.0,0.0
037T,03,7T,0,0,0,0,838,838,836,2,123,307,108,237,37,14,0,0,0,0,0,0,0,0,2,0,0,0,0,6,0,2,inf,0.23866348448687352,99.76133651551312,14.71291866028708,36.72248803827751,12.918660287081341,28.349282296650717,4.425837320574163,1.674641148325359,0.0,0.0,0.0,0.0,0.0,0.0,0.0,0.0,0.23923444976076555,0.0,0.0,0.0,0.0,0.7177033492822966,0.0,0.23923444976076555
03800,03,800,1044,723,321,0,508,3,500,8,61,52,61,170,141,7,0,0,0,0,0,0,0,0,2,0,0,0,0,3,0,3,48.65900383141762,1.574803149606299,98.4251968503937,12.2,10.4,12.2,34.0,28.199999999999996,1.4000000000000001,0.0,0.0,0.0,0.0,0.0,0.0,0.0,0.0,0.4,0.0,0.0,0.0,0.0,0.6,0.0,0.6
03801,03,801,872,526,346,0,407,11,405,2,40,160,38,106,41,9,0,0,0,0,0,0,0,0,5,0,0,0,0,5,0,1,46.674311926605505,0.4914004914004914,99.5085995085995,9.876543209876543,39.50617283950617,9.382716049382717,26.172839506172842,10.123456790123457,2.2222222222222223,0.0,0.0,0.0,0.0,0.0,0.0,0.0,0.0,1.2345679012345678,0.0,0.0,0.0,0.0,1.2345679012345678,0.0,0.24691358024691357
03802,03,802,1135,648,487,0,543,16,536,7,46,197,48,173,55,9,0,0,0,0,0,0,0,0,4,0,0,0,0,2,0,2,47.841409691629956,1.289134438305709,98.71086556169429,8.582089552238806,36.75373134328358,8.955223880597014,32.276119402985074,10.261194029850747,1.6791044776119404,0.0,0.0,0.0,0.0,0.0,0.0,0.0,0.0,0.7462686567164178,0.0,0.0,0.0,0.0,0.3731343283582089,0.0,0.3731343283582089
03803,03,803,1333,731,602,0,657,21,651,6,73,242,74,185,50,22,0,0,0,0,0,0,0,0,2,0,0,0,0,3,0,0,49.287321830457614,0.91324200913242,99.08675799086758,11.213517665130567,37.173579109062985,11.367127496159753,28.417818740399387,7.680491551459294,3.3794162826420893,0.0,0.0,0.0,0.0,0.0,0.0,0.0,0.0,0.30721966205837176,0.0,0.0,0.0,0.0,0.4608294930875576,0.0,0.0
03804,03,804,800,473,327,0,409,9,405,4,35,168,35,122,34,6,0,0,0,0,0,0,0,0,0,0,0,0,0,5,0,0,51.125,0.9779951100244498,99.02200488997555,8.641975308641975,41.48148148148148,8.641975308641975,30.12345679012346,8.395061728395062,1.4814814814814816,0.0,0.0,0.0,0.0,0.0,0.0,0.0,0.0,0.0,0.0,0.0,0.0,0.0,1.2345679012345678,0.0,0.0
03805,03,805,896,492,404,0,415,11,414,1,41,168,41,121,31,9,0,0,0,0,0,0,0,0,1,0,0,0,0,1,0,1,46.316964285714285,0.24096385542168677,99.75903614457832,9.903381642512077,40.57971014492754,9.903381642512077,29.227053140096622,7.487922705314009,2.1739130434782608,0.0,0.0,0.0,0.0,0.0,0.0,0.0,0.0,0.24154589371980675,0.0,0.0,0.0,0.0,0.24154589371980675,0.0,0.24154589371980675
03806,03,806,1409,686,723,0,579,22,576,3,64,215,94,140,31,26,0,0,0,0,0,0,0,0,2,0,0,0,0,2,0,2,41.092973740241305,0.5181347150259068,99.48186528497409,11.11111111111111,37.32638888888889,16.319444444444446,24.305555555555554,5.381944444444445,4.513888888888888,0.0,0.0,0.0,0.0,0.0,0.0,0.0,0.0,0.3472222222222222,0.0,0.0,0.0,0.0,0.3472222222222222,0.0,0.3472222222222222
03807,03,807,1060,602,458,0,538,14,536,2,49,242,54,134,32,16,0,0,0,0,0,0,0,0,4,0,0,0,0,3,0,2,50.75471698113208,0.37174721189591076,99.62825278810409,9.14179104477612,45.149253731343286,10.074626865671641,25.0,5.970149253731343,2.9850746268656714,0.0,0.0,0.0,0.0,0.0,0.0,0.0,0.0,0.7462686567164178,0.0,0.0,0.0,0.0,0.5597014925373134,0.0,0.3731343283582089
03808,03,808,1209,652,557,0,584,15,580,4,59,218,73,160,43,22,0,0,0,0,0,0,0,0,1,0,0,0,0,3,0,1,48.30438378825475,0.684931506849315,99.31506849315068,10.172413793103448,37.58620689655172,12.586206896551724,27.586206896551722,7.413793103448276,3.793103448275862,0.0,0.0,0.0,0.0,0.0,0.0,0.0,0.0,0.1724137931034483,0.0,0.0,0.0,0.0,0.5172413793103449,0.0,0.1724137931034483
03809,03,809,1171,815,356,0,608,15,601,7,98,84,82,197,109,23,0,0,0,0,0,0,0,0,1,0,0,0,0,2,0,5,51.92143467122118,1.151315789473684,98.84868421052632,16.306156405990016,13.976705490848584,13.643926788685523,32.77870216306156,18.136439267886857,3.826955074875208,0.0,0.0,0.0,0.0,0.0,0.0,0.0,0.0,0.16638935108153077,0.0,0.0,0.0,0.0,0.33277870216306155,0.0,0.8319467554076538
03810,03,810,1336,705,631,0,620,29,612,8,52,254,82,156,52,12,0,0,0,0,0,0,0,0,2,0,0,0,0,1,0,1,46.40718562874252,1.2903225806451613,98.70967741935483,8.49673202614379,41.50326797385621,13.398692810457517,25.49019607843137,8.49673202614379,1.9607843137254901,0.0,0.0,0.0,0.0,0.0,0.0,0.0,0.0,0.32679738562091504,0.0,0.0,0.0,0.0,0.16339869281045752,0.0,0.16339869281045752
03811,03,811,1045,546,499,0,487,21,477,10,54,188,47,137,38,8,0,0,0,2,0,0,0,0,3,0,0,0,0,0,0,0,46.60287081339713,2.0533880903490758,97.94661190965093,11.320754716981133,39.41299790356394,9.853249475890985,28.721174004192875,7.966457023060797,1.6771488469601679,0.0,0.0,0.0,0.41928721174004197,0.0,0.0,0.0,0.0,0.628930817610063,0.0,0.0,0.0,0.0,0.0,0.0,0.0
03812,03,812,896,426,470,0,388,23,387,1,48,135,66,89,25,21,0,0,0,1,0,0,1,0,1,0,0,0,0,0,0,0,43.30357142857143,0.25773195876288657,99.74226804123711,12.4031007751938,34.883720930232556,17.05426356589147,22.997416020671835,6.459948320413436,5.426356589147287,0.0,0.0,0.0,0.2583979328165375,0.0,0.0,0.2583979328165375,0.0,0.2583979328165375,0.0,0.0,0.0,0.0,0.0,0.0,0.0
03813,03,813,1131,570,561,0,486,14,481,5,55,196,62,114,40,10,0,0,0,1,0,0,0,0,3,0,0,0,0,0,0,0,42.97082228116711,1.02880658436214,98.97119341563786,11.434511434511435,40.74844074844075,12.889812889812891,23.7006237006237,8.316008316008316,2.079002079002079,0.0,0.0,0.0,0.2079002079002079,0.0,0.0,0.0,0.0,0.6237006237006237,0.0,0.0,0.0,0.0,0.0,0.0,0.0
03814,03,814,1046,553,493,0,480,27,479,1,49,198,56,117,35,16,0,0,0,5,0,0,2,0,1,0,0,0,0,0,0,0,45.88910133843212,0.20833333333333334,99.79166666666667,10.22964509394572,41.33611691022965,11.691022964509393,24.4258872651357,7.306889352818372,3.3402922755741122,0.0,0.0,0.0,1.0438413361169103,0.0,0.0,0.41753653444676403,0.0,0.20876826722338201,0.0,0.0,0.0,0.0,0.0,0.0,0.0
03815,03,815,1011,526,485,0,469,22,466,3,42,222,53,113,27,8,0,0,0,0,0,0,0,0,1,0,0,0,0,0,0,0,46.38971315529179,0.6396588486140725,99.36034115138592,9.012875536480687,47.63948497854077,11.373390557939913,24.248927038626608,5.793991416309012,1.7167381974248928,0.0,0.0,0.0,0.0,0.0,0.0,0.0,0.0,0.2145922746781116,0.0,0.0,0.0,0.0,0.0,0.0,0.0
03816,03,816,1031,595,436,0,501,14,498,3,50,203,37,151,41,11,0,0,0,3,0,0,0,0,2,0,0,0,0,0,0,0,48.59359844810863,0.5988023952095809,99.40119760479041,10.040160642570282,40.76305220883534,7.429718875502007,30.32128514056225,8.23293172690763,2.208835341365462,0.0,0.0,0.0,0.6024096385542169,0.0,0.0,0.0,0.0,0.4016064257028112,0.0,0.0,0.0,0.0,0.0,0.0,0.0
03817,03,817,1326,740,586,0,586,20,583,3,57,259,48,156,37,15,0,0,0,3,0,0,4,0,4,0,0,0,0,0,0,0,44.19306184012066,0.5119453924914675,99.48805460750853,9.777015437392796,44.4253859348199,8.233276157804461,26.758147512864493,6.34648370497427,2.5728987993138936,0.0,0.0,0.0,0.5145797598627788,0.0,0.0,0.6861063464837049,0.0,0.6861063464837049,0.0,0.0,0.0,0.0,0.0,0.0,0.0
03818,03,818,1324,716,608,0,623,17,617,6,67,237,79,160,50,15,0,0,0,5,0,0,2,0,2,0,0,0,0,0,0,0,47.05438066465257,0.9630818619582664,99.03691813804173,10.85899513776337,38.41166936790924,12.80388978930308,25.93192868719611,8.103727714748784,2.4311183144246353,0.0,0.0,0.0,0.8103727714748784,0.0,0.0,0.3241491085899514,0.0,0.3241491085899514,0.0,0.0,0.0,0.0,0.0,0.0,0.0
03819,03,819,986,560,426,0,492,19,488,4,47,232,47,119,26,12,0,0,0,3,0,0,1,0,1,0,0,0,0,0,0,0,49.89858012170386,0.8130081300813009,99.1869918699187,9.631147540983607,47.540983606557376,9.631147540983607,24.385245901639344,5.327868852459016,2.459016393442623,0.0,0.0,0.0,0.6147540983606558,0.0,0.0,0.20491803278688525,0.0,0.20491803278688525,0.0,0.0,0.0,0.0,0.0,0.0,0.0
03820,03,820,1166,641,525,0,547,17,542,5,67,220,45,135,55,15,0,0,0,2,0,0,1,0,2,0,0,0,0,0,0,0,46.912521440823326,0.9140767824497258,99.08592321755027,12.361623616236162,40.59040590405904,8.302583025830259,24.907749077490777,10.14760147601476,2.7675276752767526,0.0,0.0,0.0,0.36900369003690037,0.0,0.0,0.18450184501845018,0.0,0.36900369003690037,0.0,0.0,0.0,0.0,0.0,0.0,0.0
03821,03,821,1115,578,537,0,476,15,469,7,46,187,35,134,45,13,0,0,0,3,0,0,4,0,2,0,0,0,0,0,0,0,42.690582959641254,1.4705882352941175,98.52941176470588,9.808102345415778,39.872068230277186,7.462686567164178,28.57142857142857,9.594882729211088,2.771855010660981,0.0,0.0,0.0,0.6396588486140725,0.0,0.0,0.8528784648187633,0.0,0.42643923240938164,0.0,0.0,0.0,0.0,0.0,0.0,0.0
03822,03,822,925,485,440,0,438,18,436,2,42,165,83,83,31,29,0,0,0,2,0,0,0,0,1,0,0,0,0,0,0,0,47.35135135135135,0.45662100456621,99.54337899543378,9.63302752293578,37.84403669724771,19.03669724770642,19.03669724770642,7.110091743119266,6.651376146788992,0.0,0.0,0.0,0.45871559633027525,0.0,0.0,0.0,0.0,0.22935779816513763,0.0,0.0,0.0,0.0,0.0,0.0,0.0
03823,03,823,1345,754,591,0,691,20,684,7,85,257,84,185,52,16,0,0,0,2,0,0,3,0,0,0,0,0,0,0,0,0,51.37546468401487,1.0130246020260492,98.98697539797395,12.426900584795321,37.57309941520468,12.280701754385964,27.046783625730995,7.602339181286549,2.3391812865497075,0.0,0.0,0.0,0.29239766081871343,0.0,0.0,0.43859649122807015,0.0,0.0,0.0,0.0,0.0,0.0,0.0,0.0,0.0
03824,03,824,837,513,324,0,364,7,358,6,55,64,58,90,71,13,0,0,0,0,0,0,0,0,2,0,0,0,0,4,0,1,43.48864994026284,1.6483516483516485,98.35164835164835,15.363128491620111,17.877094972067038,16.201117318435752,25.139664804469277,19.832402234636874,3.6312849162011176,0.0,0.0,0.0,0.0,0.0,0.0,0.0,0.0,0.5586592178770949,0.0,0.0,0.0,0.0,1.1173184357541899,0.0,0.27932960893854747
03825,03,825,1138,612,526,0,545,27,538,7,56,227,41,155,35,15,0,0,0,7,0,0,1,0,1,0,0,0,0,0,0,0,47.891036906854126,1.2844036697247707,98.71559633027523,10.408921933085502,42.193308550185876,7.6208178438661704,28.810408921933085,6.5055762081784385,2.7881040892193307,0.0,0.0,0.0,1.3011152416356877,0.0,0.0,0.18587360594795538,0.0,0.18587360594795538,0.0,0.0,0.0,0.0,0.0,0.0,0.0
03826,03,826,1135,605,530,0,527,20,521,6,52,188,65,154,44,15,0,0,0,2,0,0,0,0,1,0,0,0,0,0,0,0,46.43171806167401,1.1385199240986716,98.86148007590133,9.980806142034549,36.08445297504799,12.476007677543185,29.558541266794624,8.445297504798464,2.8790786948176583,0.0,0.0,0.0,0.3838771593090211,0.0,0.0,0.0,0.0,0.19193857965451055,0.0,0.0,0.0,0.0,0.0,0.0,0.0
038A,03,8A,0,0,0,0,603,603,589,14,93,116,91,176,90,16,0,0,0,0,0,0,0,0,3,0,0,0,0,1,0,3,inf,2.321724709784411,97.6782752902156,15.789473684210526,19.69439728353141,15.449915110356535,29.8811544991511,15.280135823429541,2.7164685908319184,0.0,0.0,0.0,0.0,0.0,0.0,0.0,0.0,0.5093378607809848,0.0,0.0,0.0,0.0,0.1697792869269949,0.0,0.5093378607809848
038B,03,8B,0,0,0,0,759,759,752,7,82,309,88,199,38,26,0,0,0,0,0,0,0,0,1,0,0,0,0,5,0,4,inf,0.922266139657444,99.07773386034255,10.904255319148938,41.090425531914896,11.702127659574469,26.46276595744681,5.053191489361701,3.4574468085106385,0.0,0.0,0.0,0.0,0.0,0.0,0.0,0.0,0.13297872340425532,0.0,0.0,0.0,0.0,0.6648936170212766,0.0,0.5319148936170213
038C,03,8C,0,0,0,0,847,847,840,7,91,361,123,203,27,24,0,0,0,0,0,0,0,0,3,0,0,0,0,4,0,4,inf,0.8264462809917356,99.17355371900827,10.833333333333334,42.97619047619048,14.642857142857144,24.166666666666668,3.214285714285714,2.857142857142857,0.0,0.0,0.0,0.0,0.0,0.0,0.0,0.0,0.35714285714285715,0.0,0.0,0.0,0.0,0.4761904761904762,0.0,0.4761904761904762
038D,03,8D,0,0,0,0,802,802,799,3,97,332,111,207,31,16,0,0,0,0,0,0,0,0,1,0,0,0,0,2,0,2,inf,0.3740648379052369,99.62593516209476,12.14017521902378,41.55193992490614,13.892365456821027,25.90738423028786,3.879849812265332,2.002503128911139,0.0,0.0,0.0,0.0,0.0,0.0,0.0,0.0,0.1251564455569462,0.0,0.0,0.0,0.0,0.2503128911138924,0.0,0.2503128911138924
038E,03,8E,0,0,0,0,668,668,665,3,95,273,81,163,16,30,0,0,0,0,0,0,0,0,3,0,0,0,0,2,0,2,inf,0.4491017964071856,99.55089820359282,14.285714285714285,41.05263157894737,12.180451127819548,24.51127819548872,2.4060150375939853,4.511278195488721,0.0,0.0,0.0,0.0,0.0,0.0,0.0,0.0,0.4511278195488722,0.0,0.0,0.0,0.0,0.30075187969924816,0.0,0.30075187969924816
038F,03,8F,0,0,0,0,820,820,816,4,119,270,123,201,63,30,0,0,0,0,0,0,0,0,7,0,0,0,0,2,0,1,inf,0.4878048780487805,99.51219512195122,14.583333333333334,33.088235294117645,15.073529411764705,24.63235294117647,7.720588235294118,3.6764705882352944,0.0,0.0,0.0,0.0,0.0,0.0,0.0,0.0,0.857843137254902,0.0,0.0,0.0,0.0,0.24509803921568626,0.0,0.12254901960784313
038G,03,8G,0,0,0,0,574,574,569,5,74,243,85,137,14,14,0,0,0,0,0,0,0,0,0,0,0,0,0,1,0,1,inf,0.8710801393728222,99.12891986062718,13.005272407732866,42.70650263620387,14.938488576449913,24.077328646748683,2.460456942003515,2.460456942003515,0.0,0.0,0.0,0.0,0.0,0.0,0.0,0.0,0.0,0.0,0.0,0.0,0.0,0.17574692442882248,0.0,0.17574692442882248
038H,03,8H,0,0,0,0,882,882,874,8,104,329,162,198,41,33,0,0,0,4,0,0,2,0,1,0,0,0,0,0,0,0,inf,0.9070294784580499,99.09297052154194,11.899313501144166,37.64302059496568,18.53546910755149,22.65446224256293,4.691075514874142,3.775743707093822,0.0,0.0,0.0,0.4576659038901602,0.0,0.0,0.2288329519450801,0.0,0.11441647597254005,0.0,0.0,0.0,0.0,0.0,0.0,0.0
038I,03,8I,0,0,0,0,911,911,905,6,99,377,136,210,28,41,0,0,0,6,0,0,3,0,5,0,0,0,0,0,0,0,inf,0.6586169045005488,99.34138309549945,10.939226519337018,41.65745856353591,15.027624309392266,23.204419889502763,3.0939226519337018,4.530386740331491,0.0,0.0,0.0,0.6629834254143646,0.0,0.0,0.3314917127071823,0.0,0.5524861878453038,0.0,0.0,0.0,0.0,0.0,0.0,0.0
038K,03,8K,0,0,0,0,525,525,522,3,65,202,82,113,28,25,0,0,0,4,0,0,1,0,2,0,0,0,0,0,0,0,inf,0.5714285714285714,99.42857142857143,12.452107279693486,38.69731800766284,15.708812260536398,21.64750957854406,5.363984674329502,4.789272030651341,0.0,0.0,0.0,0.7662835249042145,0.0,0.0,0.19157088122605362,0.0,0.38314176245210724,0.0,0.0,0.0,0.0,0.0,0.0,0.0
038L,03,8L,0,0,0,0,906,906,895,11,100,399,127,187,39,36,0,0,0,3,0,0,2,0,2,0,0,0,0,0,0,0,inf,1.2141280353200883,98.78587196467991,11.1731843575419,44.58100558659218,14.18994413407821,20.893854748603353,4.357541899441341,4.022346368715084,0.0,0.0,0.0,0.33519553072625696,0.0,0.0,0.22346368715083798,0.0,0.22346368715083798,0.0,0.0,0.0,0.0,0.0,0.0,0.0
038M,03,8M,0,0,0,0,833,833,829,4,100,403,99,172,20,28,0,0,0,2,0,0,2,0,3,0,0,0,0,0,0,0,inf,0.4801920768307323,99.51980792316927,12.062726176115802,48.61278648974668,11.942098914354645,20.747889022919182,2.4125452352231602,3.3775633293124248,0.0,0.0,0.0,0.24125452352231602,0.0,0.0,0.24125452352231602,0.0,0.3618817852834741,0.0,0.0,0.0,0.0,0.0,0.0,0.0
038N,03,8N,0,0,0,0,529,529,526,3,59,271,50,101,20,18,0,0,0,4,0,0,1,0,2,0,0,0,0,0,0,0,inf,0.5671077504725899,99.4328922495274,11.216730038022813,51.52091254752852,9.505703422053232,19.20152091254753,3.802281368821293,3.4220532319391634,0.0,0.0,0.0,0.7604562737642585,0.0,0.0,0.19011406844106463,0.0,0.38022813688212925,0.0,0.0,0.0,0.0,0.0,0.0,0.0
038P,03,8P,0,0,0,0,964,964,959,5,111,399,133,253,22,31,0,0,0,7,0,0,2,0,1,0,0,0,0,0,0,0,inf,0.5186721991701244,99.48132780082987,11.574556830031282,41.605839416058394,13.86861313868613,26.38164754953076,2.2940563086548487,3.232533889468196,0.0,0.0,0.0,0.7299270072992701,0.0,0.0,0.20855057351407716,0.0,0.10427528675703858,0.0,0.0,0.0,0.0,0.0,0.0,0.0
038Q,03,8Q,0,0,0,0,881,881,871,10,111,361,140,184,26,43,0,0,0,0,0,0,2,0,4,0,0,0,0,0,0,0,inf,1.1350737797956867,98.86492622020431,12.743972445464982,41.446613088404135,16.073478760045926,21.125143513203216,2.9850746268656714,4.936854190585533,0.0,0.0,0.0,0.0,0.0,0.0,0.2296211251435132,0.0,0.4592422502870264,0.0,0.0,0.0,0.0,0.0,0.0,0.0
038R,03,8R,0,0,0,0,553,553,551,2,66,233,90,117,22,18,0,0,0,4,0,0,0,0,1,0,0,0,0,0,0,0,inf,0.3616636528028933,99.63833634719711,11.978221415607985,42.28675136116152,16.33393829401089,21.234119782214155,3.9927404718693285,3.2667876588021776,0.0,0.0,0.0,0.7259528130671506,0.0,0.0,0.0,0.0,0.18148820326678766,0.0,0.0,0.0,0.0,0.0,0.0,0.0
03900,03,900,1282,820,462,0,665,7,659,6,82,194,100,130,116,25,0,0,0,8,0,0,2,0,2,0,0,0,0,0,0,0,51.87207488299532,0.9022556390977444,99.09774436090225,12.44309559939302,29.438543247344462,15.174506828528072,19.726858877086496,17.602427921092563,3.793626707132018,0.0,0.0,0.0,1.2139605462822458,0.0,0.0,0.30349013657056145,0.0,0.30349013657056145,0.0,0.0,0.0,0.0,0.0,0.0,0.0
03901,03,901,1330,847,483,0,702,7,696,6,91,194,66,220,98,13,0,0,0,8,0,0,4,0,2,0,0,0,0,0,0,0,52.78195488721804,0.8547008547008548,99.14529914529915,13.07471264367816,27.873563218390807,9.482758620689655,31.60919540229885,14.080459770114942,1.8678160919540232,0.0,0.0,0.0,1.1494252873563218,0.0,0.0,0.5747126436781609,0.0,0.28735632183908044,0.0,0.0,0.0,0.0,0.0,0.0,0.0
03902,03,902,1360,1026,334,0,798,8,783,15,136,78,100,203,230,21,0,0,0,6,0,0,3,0,6,0,0,0,0,0,0,0,58.6764705882353,1.8796992481203008,98.1203007518797,17.369093231162196,9.961685823754788,12.77139208173691,25.925925925925924,29.374201787994892,2.681992337164751,0.0,0.0,0.0,0.7662835249042145,0.0,0.0,0.38314176245210724,0.0,0.7662835249042145,0.0,0.0,0.0,0.0,0.0,0.0,0.0
03903,03,903,1304,794,510,0,674,15,665,9,65,215,75,168,113,18,0,0,0,4,0,0,3,0,4,0,0,0,0,0,0,0,51.68711656441718,1.3353115727002967,98.66468842729971,9.774436090225564,32.33082706766917,11.278195488721805,25.263157894736842,16.99248120300752,2.706766917293233,0.0,0.0,0.0,0.6015037593984963,0.0,0.0,0.4511278195488722,0.0,0.6015037593984963,0.0,0.0,0.0,0.0,0.0,0.0,0.0
03904,03,904,1351,822,529,0,690,19,684,6,84,196,76,189,110,18,0,0,0,6,0,0,2,0,3,0,0,0,0,0,0,0,51.073279052553666,0.8695652173913043,99.1304347826087,12.280701754385964,28.654970760233915,11.11111111111111,27.631578947368425,16.08187134502924,2.631578947368421,0.0,0.0,0.0,0.8771929824561403,0.0,0.0,0.29239766081871343,0.0,0.43859649122807015,0.0,0.0,0.0,0.0,0.0,0.0,0.0
03905,03,905,1228,832,396,0,598,9,586,12,121,57,76,162,144,16,0,0,0,0,0,0,0,0,3,0,0,0,0,5,0,2,48.697068403908794,2.0066889632107023,97.9933110367893,20.648464163822524,9.726962457337883,12.969283276450511,27.64505119453925,24.573378839590443,2.7303754266211606,0.0,0.0,0.0,0.0,0.0,0.0,0.0,0.0,0.5119453924914675,0.0,0.0,0.0,0.0,0.8532423208191127,0.0,0.3412969283276451
03906,03,906,1021,701,320,0,513,1,501,12,92,38,67,129,154,12,0,0,0,0,0,0,0,0,7,0,0,0,0,1,0,1,50.24485798237023,2.3391812865497075,97.6608187134503,18.36327345309381,7.584830339321358,13.373253493013973,25.748502994011975,30.738522954091817,2.3952095808383236,0.0,0.0,0.0,0.0,0.0,0.0,0.0,0.0,1.3972055888223553,0.0,0.0,0.0,0.0,0.19960079840319359,0.0,0.19960079840319359
03907,03,907,1044,733,311,0,529,2,514,15,85,33,74,140,157,16,0,0,0,0,0,0,0,0,5,0,0,0,0,4,0,0,50.67049808429118,2.835538752362949,97.16446124763705,16.536964980544745,6.420233463035019,14.396887159533073,27.237354085603112,30.544747081712064,3.11284046692607,0.0,0.0,0.0,0.0,0.0,0.0,0.0,0.0,0.9727626459143969,0.0,0.0,0.0,0.0,0.7782101167315175,0.0,0.0
03908,03,908,1418,1047,371,0,724,17,707,17,126,79,100,190,190,7,0,0,0,0,0,0,0,0,4,0,0,0,0,7,0,4,51.05782792665726,2.3480662983425415,97.65193370165746,17.82178217821782,11.173974540311175,14.144271570014144,26.874115983026876,26.874115983026876,0.9900990099009901,0.0,0.0,0.0,0.0,0.0,0.0,0.0,0.0,0.5657708628005658,0.0,0.0,0.0,0.0,0.9900990099009901,0.0,0.5657708628005658
03909,03,909,957,639,318,0,551,11,544,7,78,79,95,119,145,17,0,0,0,0,0,0,0,0,6,0,0,0,0,2,0,3,57.57575757575758,1.2704174228675136,98.72958257713249,14.338235294117647,14.522058823529413,17.463235294117645,21.875,26.65441176470588,3.125,0.0,0.0,0.0,0.0,0.0,0.0,0.0,0.0,1.1029411764705883,0.0,0.0,0.0,0.0,0.3676470588235294,0.0,0.5514705882352942
03910,03,910,778,587,191,0,406,3,394,12,59,35,43,125,109,7,0,0,0,0,0,0,0,0,8,0,0,0,0,5,0,3,52.185089974293064,2.955665024630542,97.04433497536947,14.974619289340103,8.883248730964468,10.913705583756345,31.725888324873097,27.66497461928934,1.7766497461928936,0.0,0.0,0.0,0.0,0.0,0.0,0.0,0.0,2.030456852791878,0.0,0.0,0.0,0.0,1.2690355329949239,0.0,0.7614213197969544
03911,03,911,1179,763,416,0,542,9,537,5,62,120,51,166,117,7,0,0,0,0,0,0,0,0,7,0,0,0,0,1,0,6,45.97116200169636,0.9225092250922509,99.07749077490774,11.54562383612663,22.3463687150838,9.497206703910614,30.91247672253259,21.787709497206702,1.303538175046555,0.0,0.0,0.0,0.0,0.0,0.0,0.0,0.0,1.303538175046555,0.0,0.0,0.0,0.0,0.186219739292365,0.0,1.1173184357541899
03912,03,912,996,594,402,0,457,10,453,4,64,86,30,175,82,9,0,0,0,0,0,0,0,0,2,0,0,0,0,2,0,3,45.88353413654618,0.87527352297593,99.12472647702407,14.1280353200883,18.984547461368653,6.622516556291391,38.63134657836645,18.101545253863137,1.9867549668874174,0.0,0.0,0.0,0.0,0.0,0.0,0.0,0.0,0.44150110375275936,0.0,0.0,0.0,0.0,0.44150110375275936,0.0,0.6622516556291391
03913,03,913,1084,664,420,0,512,12,504,8,81,109,70,145,78,14,0,0,0,0,0,0,0,0,2,0,0,0,0,5,0,0,47.23247232472325,1.5625,98.4375,16.071428571428573,21.626984126984127,13.88888888888889,28.76984126984127,15.476190476190476,2.7777777777777777,0.0,0.0,0.0,0.0,0.0,0.0,0.0,0.0,0.3968253968253968,0.0,0.0,0.0,0.0,0.992063492063492,0.0,0.0
03914,03,914,1188,645,543,0,522,20,519,3,56,173,43,168,58,17,0,0,0,0,0,0,0,0,1,0,0,0,0,2,0,1,43.93939393939394,0.5747126436781609,99.42528735632183,10.789980732177264,33.33333333333333,8.285163776493256,32.369942196531795,11.175337186897881,3.275529865125241,0.0,0.0,0.0,0.0,0.0,0.0,0.0,0.0,0.1926782273603083,0.0,0.0,0.0,0.0,0.3853564547206166,0.0,0.1926782273603083
03915,03,915,1268,766,502,0,597,9,587,10,82,132,78,188,86,10,0,0,0,0,0,0,0,0,4,0,0,0,0,5,0,2,47.0820189274448,1.675041876046901,98.3249581239531,13.969335604770016,22.487223168654175,13.287904599659283,32.027257240204435,14.65076660988075,1.7035775127768313,0.0,0.0,0.0,0.0,0.0,0.0,0.0,0.0,0.6814310051107325,0.0,0.0,0.0,0.0,0.8517887563884157,0.0,0.34071550255536626
03916,03,916,745,380,365,0,324,5,324,0,38,140,42,83,10,8,0,0,0,0,0,0,0,0,1,0,0,0,0,2,0,0,43.48993288590604,0.0,100.0,11.728395061728394,43.20987654320987,12.962962962962962,25.617283950617285,3.0864197530864197,2.4691358024691357,0.0,0.0,0.0,0.0,0.0,0.0,0.0,0.0,0.30864197530864196,0.0,0.0,0.0,0.0,0.6172839506172839,0.0,0.0
03917,03,917,1078,606,472,0,524,15,519,5,48,209,65,144,30,16,0,0,0,0,0,0,0,0,5,0,0,0,0,2,0,0,48.608534322820034,0.9541984732824428,99.04580152671755,9.248554913294797,40.26974951830443,12.524084778420038,27.74566473988439,5.780346820809249,3.0828516377649327,0.0,0.0,0.0,0.0,0.0,0.0,0.0,0.0,0.9633911368015413,0.0,0.0,0.0,0.0,0.3853564547206166,0.0,0.0
03918,03,918,1095,538,557,0,477,18,474,3,62,198,49,118,28,14,0,0,0,0,0,0,0,0,1,0,0,0,0,3,0,1,43.56164383561644,0.628930817610063,99.37106918238993,13.080168776371309,41.77215189873418,10.337552742616033,24.894514767932492,5.9071729957805905,2.9535864978902953,0.0,0.0,0.0,0.0,0.0,0.0,0.0,0.0,0.21097046413502107,0.0,0.0,0.0,0.0,0.6329113924050633,0.0,0.21097046413502107
03919,03,919,1171,629,542,0,568,33,564,4,73,216,53,154,48,16,0,0,0,0,0,0,0,0,2,0,0,0,0,2,0,0,48.50555081127242,0.7042253521126761,99.29577464788733,12.943262411347517,38.297872340425535,9.397163120567376,27.30496453900709,8.51063829787234,2.8368794326241136,0.0,0.0,0.0,0.0,0.0,0.0,0.0,0.0,0.3546099290780142,0.0,0.0,0.0,0.0,0.3546099290780142,0.0,0.0
03920,03,920,1062,724,338,0,468,3,461,7,92,30,75,109,139,7,0,0,0,0,0,0,0,0,6,0,0,0,0,3,0,0,44.06779661016949,1.4957264957264957,98.50427350427351,19.95661605206074,6.507592190889371,16.268980477223426,23.644251626898047,30.151843817787416,1.5184381778741864,0.0,0.0,0.0,0.0,0.0,0.0,0.0,0.0,1.3015184381778742,0.0,0.0,0.0,0.0,0.6507592190889371,0.0,0.0
03921,03,921,1071,704,367,0,513,9,503,10,73,81,49,165,115,8,0,0,0,0,0,0,0,0,7,0,0,0,0,4,0,1,47.89915966386555,1.949317738791423,98.05068226120858,14.512922465208748,16.10337972166998,9.74155069582505,32.80318091451292,22.86282306163022,1.5904572564612325,0.0,0.0,0.0,0.0,0.0,0.0,0.0,0.0,1.3916500994035785,0.0,0.0,0.0,0.0,0.7952286282306162,0.0,0.19880715705765406
03922,03,922,922,460,462,0,398,22,393,5,54,130,65,92,33,14,0,0,0,0,0,0,0,0,2,0,0,0,0,2,0,1,43.16702819956616,1.256281407035176,98.74371859296483,13.740458015267176,33.078880407124686,16.539440203562343,23.40966921119593,8.396946564885496,3.5623409669211195,0.0,0.0,0.0,0.0,0.0,0.0,0.0,0.0,0.5089058524173028,0.0,0.0,0.0,0.0,0.5089058524173028,0.0,0.2544529262086514
03923,03,923,614,461,153,0,212,3,203,9,61,17,34,54,29,4,0,0,0,0,0,0,0,0,2,0,0,0,0,1,0,1,34.527687296416936,4.245283018867925,95.75471698113208,30.049261083743843,8.374384236453201,16.748768472906402,26.60098522167488,14.285714285714285,1.9704433497536946,0.0,0.0,0.0,0.0,0.0,0.0,0.0,0.0,0.9852216748768473,0.0,0.0,0.0,0.0,0.49261083743842365,0.0,0.49261083743842365
03924,03,924,1164,585,579,0,468,17,464,4,61,160,41,130,54,13,0,0,0,0,0,0,0,0,3,0,0,0,0,1,0,1,40.20618556701031,0.8547008547008548,99.14529914529915,13.14655172413793,34.48275862068966,8.836206896551724,28.01724137931034,11.637931034482758,2.8017241379310347,0.0,0.0,0.0,0.0,0.0,0.0,0.0,0.0,0.646551724137931,0.0,0.0,0.0,0.0,0.21551724137931033,0.0,0.21551724137931033
03925,03,925,1299,681,618,0,596,22,594,2,77,224,90,139,44,12,0,0,0,0,0,0,0,0,4,0,0,0,0,2,0,2,45.881447267128564,0.33557046979865773,99.66442953020133,12.962962962962962,37.71043771043771,15.151515151515152,23.400673400673398,7.4074074074074066,2.0202020202020203,0.0,0.0,0.0,0.0,0.0,0.0,0.0,0.0,0.6734006734006733,0.0,0.0,0.0,0.0,0.33670033670033667,0.0,0.33670033670033667
03926,03,926,1389,873,516,0,672,9,666,6,63,189,68,208,109,11,0,0,0,0,0,0,0,0,8,0,0,0,0,7,0,3,48.38012958963283,0.8928571428571428,99.10714285714286,9.45945945945946,28.37837837837838,10.21021021021021,31.23123123123123,16.366366366366368,1.6516516516516515,0.0,0.0,0.0,0.0,0.0,0.0,0.0,0.0,1.2012012012012012,0.0,0.0,0.0,0.0,1.0510510510510511,0.0,0.45045045045045046
03927,03,927,913,486,427,0,466,8,464,2,73,175,77,98,26,12,0,0,0,0,0,0,0,0,3,0,0,0,0,0,0,0,51.04052573932092,0.4291845493562232,99.57081545064378,15.732758620689655,37.71551724137931,16.594827586206897,21.120689655172413,5.603448275862069,2.586206896551724,0.0,0.0,0.0,0.0,0.0,0.0,0.0,0.0,0.646551724137931,0.0,0.0,0.0,0.0,0.0,0.0,0.0
03928,03,928,853,606,247,0,342,11,337,5,50,86,47,82,48,15,0,0,0,0,0,0,0,0,3,0,0,0,0,4,0,2,40.093786635404456,1.461988304093567,98.53801169590643,14.836795252225517,25.519287833827892,13.94658753709199,24.33234421364985,14.243323442136498,4.451038575667656,0.0,0.0,0.0,0.0,0.0,0.0,0.0,0.0,0.8902077151335311,0.0,0.0,0.0,0.0,1.1869436201780417,0.0,0.5934718100890208
03929,03,929,1066,589,477,0,524,17,521,3,60,196,63,137,42,14,0,0,0,0,0,0,0,0,3,0,0,0,0,3,0,3,49.15572232645403,0.5725190839694656,99.42748091603053,11.516314779270633,37.61996161228407,12.092130518234164,26.29558541266795,8.061420345489443,2.6871401151631478,0.0,0.0,0.0,0.0,0.0,0.0,0.0,0.0,0.5758157389635317,0.0,0.0,0.0,0.0,0.5758157389635317,0.0,0.5758157389635317
039A,03,9A,0,0,0,0,750,750,744,6,119,180,141,178,81,24,0,0,0,14,0,0,2,0,5,0,0,0,0,0,0,0,inf,0.8,99.2,15.994623655913978,24.193548387096776,18.951612903225808,23.9247311827957,10.887096774193548,3.225806451612903,0.0,0.0,0.0,1.881720430107527,0.0,0.0,0.2688172043010753,0.0,0.6720430107526881,0.0,0.0,0.0,0.0,0.0,0.0,0.0
039B,03,9B,0,0,0,0,459,459,456,3,67,146,40,149,40,3,0,0,0,7,0,0,1,0,3,0,0,0,0,0,0,0,inf,0.6535947712418301,99.34640522875817,14.692982456140353,32.01754385964912,8.771929824561402,32.67543859649123,8.771929824561402,0.6578947368421052,0.0,0.0,0.0,1.5350877192982455,0.0,0.0,0.21929824561403508,0.0,0.6578947368421052,0.0,0.0,0.0,0.0,0.0,0.0,0.0
039C,03,9C,0,0,0,0,479,479,476,3,70,183,74,97,36,9,0,0,0,5,0,0,0,0,2,0,0,0,0,0,0,0,inf,0.6263048016701461,99.37369519832986,14.705882352941178,38.445378151260506,15.546218487394958,20.3781512605042,7.563025210084033,1.8907563025210083,0.0,0.0,0.0,1.050420168067227,0.0,0.0,0.0,0.0,0.42016806722689076,0.0,0.0,0.0,0.0,0.0,0.0,0.0
039D,03,9D,0,0,0,0,492,492,481,11,78,139,75,129,46,8,0,0,0,3,0,0,1,0,2,0,0,0,0,0,0,0,inf,2.2357723577235773,97.76422764227642,16.216216216216218,28.8981288981289,15.592515592515593,26.819126819126822,9.563409563409564,1.6632016632016633,0.0,0.0,0.0,0.6237006237006237,0.0,0.0,0.2079002079002079,0.0,0.4158004158004158,0.0,0.0,0.0,0.0,0.0,0.0,0.0
039E,03,9E,0,0,0,0,489,489,478,11,104,44,84,159,69,4,0,0,0,0,0,0,0,0,8,0,0,0,0,4,0,2,inf,2.2494887525562373,97.75051124744377,21.75732217573222,9.205020920502092,17.573221757322173,33.26359832635983,14.435146443514643,0.8368200836820083,0.0,0.0,0.0,0.0,0.0,0.0,0.0,0.0,1.6736401673640167,0.0,0.0,0.0,0.0,0.8368200836820083,0.0,0.41841004184100417
039F,03,9F,0,0,0,0,614,614,596,18,136,56,107,162,100,18,0,0,0,0,0,0,0,0,7,0,0,0,0,7,0,3,inf,2.9315960912052117,97.06840390879479,22.818791946308725,9.395973154362416,17.953020134228186,27.181208053691275,16.778523489932887,3.0201342281879198,0.0,0.0,0.0,0.0,0.0,0.0,0.0,0.0,1.174496644295302,0.0,0.0,0.0,0.0,1.174496644295302,0.0,0.5033557046979865
039G,03,9G,0,0,0,0,629,629,620,9,119,90,92,193,93,14,0,0,0,0,0,0,0,0,10,0,0,0,0,7,0,2,inf,1.4308426073131957,98.5691573926868,19.193548387096772,14.516129032258066,14.838709677419354,31.129032258064516,15.0,2.258064516129032,0.0,0.0,0.0,0.0,0.0,0.0,0.0,0.0,1.6129032258064515,0.0,0.0,0.0,0.0,1.129032258064516,0.0,0.3225806451612903
039H,03,9H,0,0,0,0,328,328,318,10,73,32,41,103,57,8,0,0,0,0,0,0,0,0,2,0,0,0,0,1,0,1,inf,3.048780487804878,96.95121951219512,22.955974842767297,10.062893081761008,12.89308176100629,32.38993710691824,17.92452830188679,2.515723270440252,0.0,0.0,0.0,0.0,0.0,0.0,0.0,0.0,0.628930817610063,0.0,0.0,0.0,0.0,0.3144654088050315,0.0,0.3144654088050315
039I,03,9I,0,0,0,0,458,458,452,6,84,59,69,142,79,12,0,0,0,0,0,0,0,0,5,0,0,0,0,2,0,0,inf,1.3100436681222707,98.68995633187772,18.58407079646018,13.053097345132745,15.265486725663715,31.41592920353982,17.47787610619469,2.6548672566371683,0.0,0.0,0.0,0.0,0.0,0.0,0.0,0.0,1.1061946902654867,0.0,0.0,0.0,0.0,0.4424778761061947,0.0,0.0
039K,03,9K,0,0,0,0,593,593,589,4,78,177,85,151,52,30,0,0,0,0,0,0,0,0,9,0,0,0,0,4,0,3,inf,0.6745362563237773,99.32546374367622,13.242784380305602,30.050933786078097,14.431239388794568,25.636672325976228,8.828522920203735,5.093378607809847,0.0,0.0,0.0,0.0,0.0,0.0,0.0,0.0,1.5280135823429541,0.0,0.0,0.0,0.0,0.6791171477079796,0.0,0.5093378607809848
039L,03,9L,0,0,0,0,864,864,853,11,119,262,98,274,66,17,0,0,0,0,0,0,0,0,7,0,0,0,0,7,0,3,inf,1.2731481481481481,98.72685185185185,13.95076201641266,30.71512309495897,11.48886283704572,32.12192262602579,7.737397420867527,1.992966002344666,0.0,0.0,0.0,0.0,0.0,0.0,0.0,0.0,0.8206330597889802,0.0,0.0,0.0,0.0,0.8206330597889802,0.0,0.3516998827667058
039M,03,9M,0,0,0,0,390,390,386,4,58,121,38,117,36,8,0,0,0,0,0,0,0,0,3,0,0,0,0,3,0,2,inf,1.0256410256410255,98.97435897435898,15.025906735751295,31.34715025906736,9.844559585492227,30.310880829015545,9.32642487046632,2.072538860103627,0.0,0.0,0.0,0.0,0.0,0.0,0.0,0.0,0.7772020725388601,0.0,0.0,0.0,0.0,0.7772020725388601,0.0,0.5181347150259068
039N,03,9N,0,0,0,0,483,483,478,5,65,192,47,122,21,17,0,0,0,0,0,0,0,0,3,0,0,0,0,7,0,4,inf,1.0351966873706004,98.9648033126294,13.598326359832635,40.1673640167364,9.832635983263598,25.523012552301257,4.393305439330543,3.556485355648536,0.0,0.0,0.0,0.0,0.0,0.0,0.0,0.0,0.6276150627615062,0.0,0.0,0.0,0.0,1.4644351464435146,0.0,0.8368200836820083
039P,03,9P,0,0,0,0,782,782,775,7,100,335,108,187,22,11,0,0,0,0,0,0,0,0,7,0,0,0,0,4,0,1,inf,0.8951406649616368,99.10485933503837,12.903225806451612,43.225806451612904,13.93548387096774,24.129032258064516,2.838709677419355,1.4193548387096775,0.0,0.0,0.0,0.0,0.0,0.0,0.0,0.0,0.903225806451613,0.0,0.0,0.0,0.0,0.5161290322580645,0.0,0.12903225806451613
039Q,03,9Q,0,0,0,0,426,426,421,5,50,188,48,101,17,12,0,0,0,0,0,0,0,0,1,0,0,0,0,4,0,0,inf,1.1737089201877933,98.82629107981221,11.87648456057007,44.655581947743464,11.401425178147269,23.990498812351543,4.038004750593824,2.8503562945368173,0.0,0.0,0.0,0.0,0.0,0.0,0.0,0.0,0.23752969121140144,0.0,0.0,0.0,0.0,0.9501187648456058,0.0,0.0
039R,03,9R,0,0,0,0,507,507,505,2,52,236,64,114,14,19,0,0,0,0,0,0,0,0,0,0,0,0,0,3,0,3,inf,0.39447731755424065,99.60552268244575,10.297029702970297,46.73267326732674,12.673267326732674,22.574257425742577,2.7722772277227725,3.762376237623762,0.0,0.0,0.0,0.0,0.0,0.0,0.0,0.0,0.0,0.0,0.0,0.0,0.0,0.594059405940594,0.0,0.594059405940594
039S,03,9S,0,0,0,0,489,489,486,3,82,188,61,118,20,14,0,0,0,0,0,0,0,0,0,0,0,0,0,2,0,1,inf,0.6134969325153374,99.38650306748467,16.872427983539097,38.68312757201646,12.551440329218108,24.279835390946502,4.11522633744856,2.880658436213992,0.0,0.0,0.0,0.0,0.0,0.0,0.0,0.0,0.0,0.0,0.0,0.0,0.0,0.411522633744856,0.0,0.205761316872428
039T,03,9T,0,0,0,0,815,815,811,4,132,289,159,144,36,40,0,0,0,0,0,0,0,0,6,0,0,0,0,3,0,2,inf,0.49079754601227,99.50920245398774,16.276202219482123,35.63501849568434,19.60542540073983,17.755856966707768,4.438964241676942,4.932182490752158,0.0,0.0,0.0,0.0,0.0,0.0,0.0,0.0,0.7398273736128237,0.0,0.0,0.0,0.0,0.36991368680641185,0.0,0.2466091245376079
039U,03,9U,0,0,0,0,539,539,535,4,67,214,43,159,30,17,0,0,0,0,0,0,0,0,0,0,0,0,0,3,0,2,inf,0.7421150278293136,99.25788497217069,12.52336448598131,40.0,8.037383177570094,29.719626168224302,5.607476635514018,3.177570093457944,0.0,0.0,0.0,0.0,0.0,0.0,0.0,0.0,0.0,0.0,0.0,0.0,0.0,0.5607476635514018,0.0,0.3738317757009346
039V,03,9V,0,0,0,0,567,567,563,4,69,231,112,104,19,22,0,0,0,0,0,0,0,0,2,0,0,0,0,2,0,2,inf,0.7054673721340388,99.29453262786596,12.25577264653641,41.03019538188277,19.893428063943162,18.47246891651865,3.374777975133215,3.9076376554174073,0.0,0.0,0.0,0.0,0.0,0.0,0.0,0.0,0.3552397868561279,0.0,0.0,0.0,0.0,0.3552397868561279,0.0,0.3552397868561279
039W,03,9W,0,0,0,0,473,473,471,2,56,145,52,161,38,8,0,0,0,0,0,0,0,0,2,0,0,0,0,5,0,4,inf,0.42283298097251587,99.57716701902748,11.8895966029724,30.78556263269639,11.040339702760086,34.182590233545646,8.067940552016985,1.6985138004246285,0.0,0.0,0.0,0.0,0.0,0.0,0.0,0.0,0.42462845010615713,0.0,0.0,0.0,0.0,1.0615711252653928,0.0,0.8492569002123143
04101,04,101,1101,744,357,0,450,7,443,7,98,31,97,68,112,14,0,18,0,0,0,5,0,0,0,0,0,0,0,0,0,0,40.87193460490463,1.5555555555555556,98.44444444444444,22.121896162528216,6.997742663656885,21.896162528216703,15.349887133182843,25.28216704288939,3.160270880361174,0.0,4.063205417607223,0.0,0.0,0.0,1.1286681715575622,0.0,0.0,0.0,0.0,0.0,0.0,0.0,0.0,0.0,0.0
04102,04,102,655,496,159,0,273,1,272,1,76,26,52,33,66,12,0,7,0,0,0,0,0,0,0,0,0,0,0,0,0,0,41.6793893129771,0.3663003663003663,99.63369963369964,27.941176470588236,9.558823529411764,19.11764705882353,12.132352941176471,24.264705882352942,4.411764705882353,0.0,2.5735294117647056,0.0,0.0,0.0,0.0,0.0,0.0,0.0,0.0,0.0,0.0,0.0,0.0,0.0,0.0
04103,04,103,1241,864,377,0,601,2,586,15,131,54,151,95,125,20,0,7,0,0,0,3,0,0,0,0,0,0,0,0,0,0,48.428686543110395,2.4958402662229617,97.50415973377704,22.35494880546075,9.215017064846416,25.7679180887372,16.21160409556314,21.331058020477816,3.4129692832764507,0.0,1.1945392491467577,0.0,0.0,0.0,0.5119453924914675,0.0,0.0,0.0,0.0,0.0,0.0,0.0,0.0,0.0,0.0
04104,04,104,1015,801,214,0,466,2,457,9,101,12,96,101,119,20,0,6,0,0,0,2,0,0,0,0,0,0,0,0,0,0,45.91133004926108,1.9313304721030045,98.068669527897,22.100656455142232,2.62582056892779,21.00656455142232,22.100656455142232,26.039387308533918,4.3763676148796495,0.0,1.312910284463895,0.0,0.0,0.0,0.437636761487965,0.0,0.0,0.0,0.0,0.0,0.0,0.0,0.0,0.0,0.0
04105,04,105,1095,844,251,0,474,6,459,15,110,39,97,63,126,11,0,12,0,0,0,1,0,0,0,0,0,0,0,0,0,0,43.28767123287671,3.1645569620253164,96.83544303797468,23.965141612200437,8.49673202614379,21.13289760348584,13.725490196078432,27.450980392156865,2.3965141612200433,0.0,2.6143790849673203,0.0,0.0,0.0,0.2178649237472767,0.0,0.0,0.0,0.0,0.0,0.0,0.0,0.0,0.0,0.0
04106,04,106,1017,713,304,0,459,7,450,9,111,45,85,76,106,19,0,7,0,0,0,1,0,0,0,0,0,0,0,0,0,0,45.13274336283185,1.9607843137254901,98.0392156862745,24.666666666666668,10.0,18.88888888888889,16.88888888888889,23.555555555555554,4.222222222222222,0.0,1.5555555555555556,0.0,0.0,0.0,0.2222222222222222,0.0,0.0,0.0,0.0,0.0,0.0,0.0,0.0,0.0,0.0
04107,04,107,1123,852,271,0,492,1,480,12,104,25,114,92,109,22,0,13,0,0,0,1,0,0,0,0,0,0,0,0,0,0,43.81121994657168,2.4390243902439024,97.5609756097561,21.666666666666668,5.208333333333334,23.75,19.166666666666668,22.708333333333332,4.583333333333333,0.0,2.7083333333333335,0.0,0.0,0.0,0.20833333333333334,0.0,0.0,0.0,0.0,0.0,0.0,0.0,0.0,0.0,0.0
04108,04,108,447,337,110,0,224,6,223,1,54,11,56,40,50,7,0,3,0,0,0,2,0,0,0,0,0,0,0,0,0,0,50.11185682326622,0.4464285714285714,99.55357142857143,24.2152466367713,4.932735426008969,25.112107623318387,17.937219730941703,22.421524663677133,3.1390134529147984,0.0,1.345291479820628,0.0,0.0,0.0,0.8968609865470852,0.0,0.0,0.0,0.0,0.0,0.0,0.0,0.0,0.0,0.0
04109,04,109,1049,818,231,0,465,6,459,6,104,22,102,96,110,12,0,13,0,0,0,0,0,0,0,0,0,0,0,0,0,0,44.32793136320305,1.2903225806451613,98.70967741935483,22.657952069716774,4.793028322440087,22.22222222222222,20.915032679738562,23.965141612200437,2.6143790849673203,0.0,2.832244008714597,0.0,0.0,0.0,0.0,0.0,0.0,0.0,0.0,0.0,0.0,0.0,0.0,0.0,0.0
04110,04,110,1128,818,310,0,512,0,502,10,128,29,139,71,104,23,0,6,0,0,0,2,0,0,0,0,0,0,0,0,0,0,45.39007092198582,1.953125,98.046875,25.49800796812749,5.776892430278884,27.689243027888445,14.143426294820719,20.717131474103585,4.581673306772909,0.0,1.1952191235059761,0.0,0.0,0.0,0.398406374501992,0.0,0.0,0.0,0.0,0.0,0.0,0.0,0.0,0.0,0.0
04111,04,111,955,727,228,0,457,6,452,5,111,28,93,71,124,12,0,11,0,0,0,2,0,0,0,0,0,0,0,0,0,0,47.853403141361255,1.0940919037199124,98.90590809628009,24.557522123893804,6.1946902654867255,20.575221238938052,15.70796460176991,27.43362831858407,2.6548672566371683,0.0,2.433628318584071,0.0,0.0,0.0,0.4424778761061947,0.0,0.0,0.0,0.0,0.0,0.0,0.0,0.0,0.0,0.0
04112,04,112,1113,773,340,0,535,5,529,6,147,81,76,123,70,10,0,20,0,0,0,2,0,0,0,0,0,0,0,0,0,0,48.06828391734052,1.1214953271028036,98.8785046728972,27.788279773156898,15.311909262759924,14.366729678638942,23.251417769376182,13.23251417769376,1.890359168241966,0.0,3.780718336483932,0.0,0.0,0.0,0.3780718336483932,0.0,0.0,0.0,0.0,0.0,0.0,0.0,0.0,0.0,0.0
04113,04,113,1335,895,440,0,673,8,658,15,183,119,106,115,97,20,0,15,0,0,0,3,0,0,0,0,0,0,0,0,0,0,50.41198501872659,2.2288261515601784,97.77117384843982,27.811550151975684,18.085106382978726,16.109422492401215,17.477203647416413,14.74164133738602,3.0395136778115504,0.0,2.2796352583586628,0.0,0.0,0.0,0.4559270516717325,0.0,0.0,0.0,0.0,0.0,0.0,0.0,0.0,0.0,0.0
04114,04,114,1138,723,415,0,526,11,521,5,132,95,99,96,71,17,0,11,0,0,0,0,0,0,0,0,0,0,0,0,0,0,46.22144112478031,0.9505703422053232,99.04942965779468,25.335892514395393,18.234165067178505,19.001919385796544,18.426103646833013,13.62763915547025,3.262955854126679,0.0,2.111324376199616,0.0,0.0,0.0,0.0,0.0,0.0,0.0,0.0,0.0,0.0,0.0,0.0,0.0,0.0
04115,04,115,1117,688,429,0,534,9,531,3,154,112,76,108,55,16,0,8,0,0,0,2,0,0,0,0,0,0,0,0,0,0,47.80662488809311,0.5617977528089888,99.43820224719101,29.001883239171374,21.092278719397363,14.312617702448211,20.33898305084746,10.357815442561206,3.0131826741996233,0.0,1.5065913370998116,0.0,0.0,0.0,0.3766478342749529,0.0,0.0,0.0,0.0,0.0,0.0,0.0,0.0,0.0,0.0
04116,04,116,1249,821,428,0,670,8,667,3,170,169,103,127,64,20,0,12,0,0,0,2,0,0,0,0,0,0,0,0,0,0,53.64291433146518,0.44776119402985076,99.55223880597015,25.487256371814095,25.337331334332834,15.442278860569717,19.04047976011994,9.5952023988006,2.998500749625187,0.0,1.7991004497751124,0.0,0.0,0.0,0.29985007496251875,0.0,0.0,0.0,0.0,0.0,0.0,0.0,0.0,0.0,0.0
04117,04,117,1037,627,410,0,462,6,456,6,115,65,100,85,56,18,0,14,0,0,0,3,0,0,0,0,0,0,0,0,0,0,44.55159112825458,1.2987012987012987,98.7012987012987,25.219298245614034,14.25438596491228,21.929824561403507,18.640350877192983,12.280701754385964,3.9473684210526314,0.0,3.070175438596491,0.0,0.0,0.0,0.6578947368421052,0.0,0.0,0.0,0.0,0.0,0.0,0.0,0.0,0.0,0.0
04118,04,118,1167,673,494,0,459,2,448,11,109,93,82,79,58,20,0,7,0,0,0,0,0,0,0,0,0,0,0,0,0,0,39.33161953727507,2.3965141612200433,97.60348583877996,24.330357142857142,20.758928571428573,18.303571428571427,17.633928571428573,12.946428571428573,4.464285714285714,0.0,1.5625,0.0,0.0,0.0,0.0,0.0,0.0,0.0,0.0,0.0,0.0,0.0,0.0,0.0,0.0
04119,04,119,1219,769,450,0,602,6,595,7,167,105,84,125,78,20,0,14,0,0,0,2,0,0,0,0,0,0,0,0,0,0,49.38474159146842,1.1627906976744187,98.83720930232558,28.067226890756302,17.647058823529413,14.117647058823529,21.008403361344538,13.109243697478993,3.361344537815126,0.0,2.3529411764705883,0.0,0.0,0.0,0.33613445378151263,0.0,0.0,0.0,0.0,0.0,0.0,0.0,0.0,0.0,0.0
041A,04,1A,0,0,0,0,459,459,449,10,119,66,113,42,68,17,0,22,0,0,0,2,0,0,0,0,0,0,0,0,0,0,inf,2.178649237472767,97.82135076252723,26.50334075723831,14.699331848552339,25.16703786191537,9.35412026726058,15.14476614699332,3.78619153674833,0.0,4.8997772828507795,0.0,0.0,0.0,0.4454342984409799,0.0,0.0,0.0,0.0,0.0,0.0,0.0,0.0,0.0,0.0
041B,04,1B,0,0,0,0,543,543,538,5,165,43,154,47,81,20,0,28,0,0,0,0,0,0,0,0,0,0,0,0,0,0,inf,0.9208103130755065,99.0791896869245,30.66914498141264,7.992565055762081,28.624535315985128,8.736059479553903,15.055762081784389,3.717472118959108,0.0,5.204460966542751,0.0,0.0,0.0,0.0,0.0,0.0,0.0,0.0,0.0,0.0,0.0,0.0,0.0,0.0
041C,04,1C,0,0,0,0,498,498,487,11,140,63,131,47,65,19,0,19,0,0,0,3,0,0,0,0,0,0,0,0,0,0,inf,2.208835341365462,97.79116465863453,28.74743326488706,12.93634496919918,26.899383983572893,9.650924024640657,13.347022587268995,3.9014373716632447,0.0,3.9014373716632447,0.0,0.0,0.0,0.6160164271047228,0.0,0.0,0.0,0.0,0.0,0.0,0.0,0.0,0.0,0.0
041D,04,1D,0,0,0,0,343,343,339,4,76,28,122,35,61,11,0,5,0,0,0,1,0,0,0,0,0,0,0,0,0,0,inf,1.1661807580174928,98.83381924198251,22.418879056047196,8.259587020648967,35.9882005899705,10.32448377581121,17.99410029498525,3.2448377581120944,0.0,1.4749262536873156,0.0,0.0,0.0,0.2949852507374631,0.0,0.0,0.0,0.0,0.0,0.0,0.0,0.0,0.0,0.0
041E,04,1E,0,0,0,0,498,498,495,3,123,36,151,64,87,17,0,17,0,0,0,0,0,0,0,0,0,0,0,0,0,0,inf,0.6024096385542169,99.3975903614458,24.848484848484848,7.2727272727272725,30.50505050505051,12.929292929292929,17.575757575757574,3.4343434343434343,0.0,3.4343434343434343,0.0,0.0,0.0,0.0,0.0,0.0,0.0,0.0,0.0,0.0,0.0,0.0,0.0,0.0
041F,04,1F,0,0,0,0,524,524,521,3,140,100,126,59,65,13,0,16,0,0,0,2,0,0,0,0,0,0,0,0,0,0,inf,0.5725190839694656,99.42748091603053,26.87140115163148,19.193857965451055,24.184261036468328,11.324376199616124,12.476007677543185,2.495201535508637,0.0,3.071017274472169,0.0,0.0,0.0,0.3838771593090211,0.0,0.0,0.0,0.0,0.0,0.0,0.0,0.0,0.0,0.0
041G,04,1G,0,0,0,0,812,812,809,3,208,253,137,113,50,17,0,28,0,0,0,3,0,0,0,0,0,0,0,0,0,0,inf,0.3694581280788177,99.63054187192118,25.710754017305316,31.27317676143387,16.9344870210136,13.967861557478367,6.180469715698393,2.1013597033374536,0.0,3.4610630407911,0.0,0.0,0.0,0.3708281829419036,0.0,0.0,0.0,0.0,0.0,0.0,0.0,0.0,0.0,0.0
041H,04,1H,0,0,0,0,848,848,838,10,234,188,211,89,56,44,0,14,0,0,0,2,0,0,0,0,0,0,0,0,0,0,inf,1.179245283018868,98.82075471698113,27.923627684964202,22.434367541766107,25.178997613365155,10.620525059665871,6.682577565632458,5.250596658711217,0.0,1.6706443914081146,0.0,0.0,0.0,0.23866348448687352,0.0,0.0,0.0,0.0,0.0,0.0,0.0,0.0,0.0,0.0
041I,04,1I,0,0,0,0,803,803,795,8,218,235,134,112,56,25,0,15,0,0,0,0,0,0,0,0,0,0,0,0,0,0,inf,0.9962640099626401,99.00373599003736,27.42138364779874,29.559748427672954,16.855345911949684,14.08805031446541,7.044025157232705,3.1446540880503147,0.0,1.8867924528301887,0.0,0.0,0.0,0.0,0.0,0.0,0.0,0.0,0.0,0.0,0.0,0.0,0.0,0.0
041J,04,1J,0,0,0,0,405,405,401,4,121,129,57,48,23,13,0,8,0,0,0,2,0,0,0,0,0,0,0,0,0,0,inf,0.9876543209876543,99.01234567901234,30.174563591022448,32.16957605985037,14.214463840399002,11.970074812967582,5.7356608478802995,3.2418952618453867,0.0,1.99501246882793,0.0,0.0,0.0,0.4987531172069825,0.0,0.0,0.0,0.0,0.0,0.0,0.0,0.0,0.0,0.0
04201,04,201,922,484,438,0,394,6,392,2,89,79,113,35,55,12,0,5,0,0,0,0,0,0,4,0,0,0,0,0,0,0,42.73318872017354,0.5076142131979695,99.49238578680203,22.70408163265306,20.153061224489797,28.8265306122449,8.928571428571429,14.030612244897958,3.061224489795918,0.0,1.2755102040816326,0.0,0.0,0.0,0.0,0.0,0.0,1.0204081632653061,0.0,0.0,0.0,0.0,0.0,0.0,0.0
04202,04,202,1140,621,519,0,473,10,471,2,104,101,148,38,46,18,0,13,0,0,0,0,0,0,3,0,0,0,0,0,0,0,41.49122807017544,0.42283298097251587,99.57716701902748,22.080679405520172,21.443736730360936,31.422505307855626,8.067940552016985,9.766454352441615,3.821656050955414,0.0,2.7600849256900215,0.0,0.0,0.0,0.0,0.0,0.0,0.6369426751592357,0.0,0.0,0.0,0.0,0.0,0.0,0.0
04203,04,203,999,603,396,0,429,11,425,4,76,60,159,38,65,19,0,7,0,0,0,0,0,0,1,0,0,0,0,0,0,0,42.94294294294294,0.9324009324009324,99.06759906759906,17.88235294117647,14.117647058823529,37.411764705882355,8.941176470588236,15.294117647058824,4.470588235294118,0.0,1.647058823529412,0.0,0.0,0.0,0.0,0.0,0.0,0.2352941176470588,0.0,0.0,0.0,0.0,0.0,0.0,0.0
04204,04,204,1327,792,535,0,534,0,532,2,109,76,157,70,96,15,0,8,0,0,0,0,0,0,1,0,0,0,0,0,0,0,40.241145440844015,0.37453183520599254,99.625468164794,20.48872180451128,14.285714285714285,29.51127819548872,13.157894736842104,18.045112781954884,2.819548872180451,0.0,1.5037593984962405,0.0,0.0,0.0,0.0,0.0,0.0,0.18796992481203006,0.0,0.0,0.0,0.0,0.0,0.0,0.0
04205,04,205,1095,597,498,0,500,10,498,2,117,98,169,22,50,31,0,9,0,0,0,0,0,0,2,0,0,0,0,0,0,0,45.662100456621005,0.4,99.6,23.49397590361446,19.67871485943775,33.93574297188755,4.417670682730924,10.040160642570282,6.2248995983935735,0.0,1.8072289156626504,0.0,0.0,0.0,0.0,0.0,0.0,0.4016064257028112,0.0,0.0,0.0,0.0,0.0,0.0,0.0
04206,04,206,1108,708,400,0,535,12,527,8,128,70,147,48,106,18,0,6,0,0,0,0,0,0,4,0,0,0,0,0,0,0,48.285198555956676,1.4953271028037385,98.50467289719627,24.28842504743833,13.282732447817835,27.893738140417458,9.108159392789373,20.113851992409867,3.415559772296015,0.0,1.1385199240986716,0.0,0.0,0.0,0.0,0.0,0.0,0.7590132827324478,0.0,0.0,0.0,0.0,0.0,0.0,0.0
04207,04,207,1401,880,521,0,651,13,649,2,138,90,174,93,112,29,0,12,0,0,0,0,0,0,1,0,0,0,0,0,0,0,46.466809421841546,0.30721966205837176,99.69278033794163,21.263482280431433,13.86748844375963,26.810477657935284,14.329738058551616,17.257318952234208,4.468412942989214,0.0,1.848998459167951,0.0,0.0,0.0,0.0,0.0,0.0,0.15408320493066258,0.0,0.0,0.0,0.0,0.0,0.0,0.0
04208,04,208,815,555,260,0,442,7,436,6,102,120,93,40,38,36,0,3,0,0,0,0,0,0,4,0,0,0,0,0,0,0,54.233128834355824,1.3574660633484164,98.64253393665159,23.394495412844037,27.522935779816514,21.3302752293578,9.174311926605505,8.715596330275229,8.256880733944955,0.0,0.6880733944954129,0.0,0.0,0.0,0.0,0.0,0.0,0.9174311926605505,0.0,0.0,0.0,0.0,0.0,0.0,0.0
04209,04,209,977,579,398,0,475,11,474,1,128,98,129,39,53,19,0,5,0,0,0,0,0,0,3,0,0,0,0,0,0,0,48.618219037871036,0.21052631578947367,99.78947368421053,27.004219409282697,20.675105485232066,27.21518987341772,8.227848101265822,11.181434599156118,4.008438818565401,0.0,1.0548523206751055,0.0,0.0,0.0,0.0,0.0,0.0,0.6329113924050633,0.0,0.0,0.0,0.0,0.0,0.0,0.0
04210,04,210,1141,683,458,0,565,9,561,4,122,86,183,65,73,19,0,7,0,0,0,0,0,0,6,0,0,0,0,0,0,0,49.51796669588081,0.7079646017699115,99.29203539823008,21.74688057040998,15.32976827094474,32.62032085561498,11.58645276292335,13.01247771836007,3.3868092691622103,0.0,1.2477718360071302,0.0,0.0,0.0,0.0,0.0,0.0,1.06951871657754,0.0,0.0,0.0,0.0,0.0,0.0,0.0
04211,04,211,1371,862,509,0,719,3,714,5,188,137,230,46,73,28,0,10,0,0,0,0,0,0,2,0,0,0,0,0,0,0,52.44347191830781,0.6954102920723227,99.30458970792768,26.330532212885156,19.187675070028014,32.212885154061624,6.442577030812324,10.224089635854341,3.9215686274509802,0.0,1.400560224089636,0.0,0.0,0.0,0.0,0.0,0.0,0.2801120448179272,0.0,0.0,0.0,0.0,0.0,0.0,0.0
04212,04,212,1220,685,535,0,567,4,562,5,148,86,182,46,65,24,0,7,0,0,0,0,0,0,4,0,0,0,0,0,0,0,46.47540983606557,0.8818342151675485,99.11816578483244,26.334519572953734,15.302491103202847,32.38434163701068,8.185053380782918,11.565836298932384,4.270462633451958,0.0,1.2455516014234875,0.0,0.0,0.0,0.0,0.0,0.0,0.7117437722419928,0.0,0.0,0.0,0.0,0.0,0.0,0.0
04213,04,213,1047,604,443,0,525,9,522,3,108,125,163,34,56,24,0,9,0,0,0,0,0,0,3,0,0,0,0,0,0,0,50.1432664756447,0.5714285714285714,99.42857142857143,20.689655172413794,23.946360153256705,31.226053639846747,6.513409961685824,10.727969348659004,4.597701149425287,0.0,1.7241379310344827,0.0,0.0,0.0,0.0,0.0,0.0,0.5747126436781609,0.0,0.0,0.0,0.0,0.0,0.0,0.0
04214,04,214,1548,948,600,0,669,23,661,8,161,131,150,106,80,18,0,13,0,0,0,0,0,0,2,0,0,0,0,0,0,0,43.21705426356589,1.195814648729447,98.80418535127056,24.357034795763994,19.818456883509832,22.692889561270803,16.036308623298034,12.102874432677762,2.723146747352496,0.0,1.9667170953101363,0.0,0.0,0.0,0.0,0.0,0.0,0.30257186081694404,0.0,0.0,0.0,0.0,0.0,0.0,0.0
04215,04,215,1593,1044,549,0,744,0,733,11,189,176,99,163,72,22,0,7,0,0,0,0,0,0,5,0,0,0,0,0,0,0,46.70433145009416,1.478494623655914,98.52150537634408,25.78444747612551,24.01091405184175,13.506139154160982,22.237380627557982,9.822646657571624,3.0013642564802185,0.0,0.9549795361527967,0.0,0.0,0.0,0.0,0.0,0.0,0.6821282401091405,0.0,0.0,0.0,0.0,0.0,0.0,0.0
04216,04,216,1267,726,541,0,529,5,528,1,98,113,186,30,66,30,0,5,0,0,0,0,0,0,0,0,0,0,0,0,0,0,41.75217048145225,0.1890359168241966,99.8109640831758,18.560606060606062,21.401515151515152,35.22727272727273,5.681818181818182,12.5,5.681818181818182,0.0,0.946969696969697,0.0,0.0,0.0,0.0,0.0,0.0,0.0,0.0,0.0,0.0,0.0,0.0,0.0,0.0
04217,04,217,1238,718,520,0,597,7,593,4,122,129,189,47,55,37,0,13,0,0,0,0,0,0,1,0,0,0,0,0,0,0,48.22294022617125,0.6700167504187605,99.32998324958125,20.57335581787521,21.75379426644182,31.871838111298484,7.925801011804384,9.27487352445194,6.239460370994941,0.0,2.1922428330522767,0.0,0.0,0.0,0.0,0.0,0.0,0.16863406408094433,0.0,0.0,0.0,0.0,0.0,0.0,0.0
04218,04,218,1236,724,512,0,561,0,556,5,116,99,197,42,61,29,0,7,0,0,0,0,0,0,5,0,0,0,0,0,0,0,45.38834951456311,0.8912655971479502,99.10873440285205,20.863309352517987,17.805755395683455,35.431654676258994,7.553956834532374,10.971223021582734,5.215827338129497,0.0,1.2589928057553956,0.0,0.0,0.0,0.0,0.0,0.0,0.8992805755395683,0.0,0.0,0.0,0.0,0.0,0.0,0.0
04219,04,219,1427,869,558,0,668,9,663,5,165,107,189,77,78,34,0,9,0,0,0,0,0,0,4,0,0,0,0,0,0,0,46.81149264190609,0.7485029940119761,99.25149700598801,24.8868778280543,16.138763197586727,28.50678733031674,11.613876319758672,11.76470588235294,5.128205128205128,0.0,1.3574660633484164,0.0,0.0,0.0,0.0,0.0,0.0,0.603318250377074,0.0,0.0,0.0,0.0,0.0,0.0,0.0
04220,04,220,992,633,359,0,552,8,549,3,114,162,168,46,31,17,0,9,0,0,0,0,0,0,2,0,0,0,0,0,0,0,55.64516129032258,0.5434782608695652,99.45652173913044,20.76502732240437,29.508196721311474,30.601092896174865,8.378870673952642,5.646630236794172,3.096539162112933,0.0,1.639344262295082,0.0,0.0,0.0,0.0,0.0,0.0,0.36429872495446264,0.0,0.0,0.0,0.0,0.0,0.0,0.0
04221,04,221,1253,745,508,0,557,6,549,8,133,104,169,61,44,32,0,6,0,0,0,0,0,0,0,0,0,0,0,0,0,0,44.45331205107742,1.436265709156194,98.56373429084381,24.225865209471767,18.94353369763206,30.783242258652095,11.11111111111111,8.014571948998178,5.828779599271402,0.0,1.092896174863388,0.0,0.0,0.0,0.0,0.0,0.0,0.0,0.0,0.0,0.0,0.0,0.0,0.0,0.0
04222,04,222,1203,727,476,0,546,0,543,3,130,129,107,61,64,28,0,18,0,0,0,0,0,0,6,0,0,0,0,0,0,0,45.38653366583541,0.5494505494505495,99.45054945054946,23.941068139963168,23.756906077348066,19.70534069981584,11.233885819521179,11.786372007366483,5.156537753222836,0.0,3.314917127071823,0.0,0.0,0.0,0.0,0.0,0.0,1.1049723756906076,0.0,0.0,0.0,0.0,0.0,0.0,0.0
04223,04,223,1086,674,412,0,506,4,502,4,114,118,137,34,62,29,0,5,0,0,0,0,0,0,3,0,0,0,0,0,0,0,46.59300184162063,0.7905138339920948,99.2094861660079,22.709163346613543,23.50597609561753,27.290836653386453,6.772908366533864,12.350597609561753,5.776892430278884,0.0,0.9960159362549801,0.0,0.0,0.0,0.0,0.0,0.0,0.5976095617529881,0.0,0.0,0.0,0.0,0.0,0.0,0.0
04224,04,224,1060,655,405,0,597,13,590,7,132,181,180,29,32,30,0,5,0,0,0,0,0,0,1,0,0,0,0,0,0,0,56.320754716981135,1.1725293132328307,98.82747068676717,22.372881355932204,30.677966101694913,30.508474576271187,4.915254237288136,5.423728813559322,5.084745762711865,0.0,0.847457627118644,0.0,0.0,0.0,0.0,0.0,0.0,0.1694915254237288,0.0,0.0,0.0,0.0,0.0,0.0,0.0
04225,04,225,1263,814,449,0,427,5,418,9,108,77,68,73,67,19,0,4,0,0,0,0,0,0,2,0,0,0,0,0,0,0,33.808392715756135,2.107728337236534,97.89227166276346,25.837320574162682,18.421052631578945,16.267942583732058,17.464114832535884,16.028708133971293,4.545454545454546,0.0,0.9569377990430622,0.0,0.0,0.0,0.0,0.0,0.0,0.4784688995215311,0.0,0.0,0.0,0.0,0.0,0.0,0.0
04226,04,226,1120,586,534,0,459,10,456,3,129,100,129,32,43,13,0,6,0,0,0,0,0,0,4,0,0,0,0,0,0,0,40.982142857142854,0.6535947712418301,99.34640522875817,28.289473684210524,21.929824561403507,28.289473684210524,7.017543859649122,9.429824561403509,2.850877192982456,0.0,1.3157894736842104,0.0,0.0,0.0,0.0,0.0,0.0,0.8771929824561403,0.0,0.0,0.0,0.0,0.0,0.0,0.0
042A,04,2A,0,0,0,0,888,888,881,7,231,168,320,60,55,36,0,10,0,0,0,0,0,0,1,0,0,0,0,0,0,0,inf,0.7882882882882882,99.21171171171171,26.220204313280366,19.069239500567537,36.322360953461974,6.81044267877412,6.242905788876277,4.0862656072644725,0.0,1.1350737797956867,0.0,0.0,0.0,0.0,0.0,0.0,0.11350737797956867,0.0,0.0,0.0,0.0,0.0,0.0,0.0
042B,04,2B,0,0,0,0,836,836,833,3,219,112,306,94,57,31,0,12,0,0,0,0,0,0,2,0,0,0,0,0,0,0,inf,0.3588516746411483,99.64114832535886,26.290516206482593,13.445378151260504,36.734693877551024,11.28451380552221,6.8427370948379345,3.721488595438175,0.0,1.440576230492197,0.0,0.0,0.0,0.0,0.0,0.0,0.24009603841536614,0.0,0.0,0.0,0.0,0.0,0.0,0.0
042C,04,2C,0,0,0,0,870,870,864,6,172,149,381,44,42,53,0,18,0,0,0,0,0,0,5,0,0,0,0,0,0,0,inf,0.6896551724137931,99.3103448275862,19.90740740740741,17.24537037037037,44.09722222222222,5.092592592592593,4.861111111111112,6.1342592592592595,0.0,2.083333333333333,0.0,0.0,0.0,0.0,0.0,0.0,0.5787037037037037,0.0,0.0,0.0,0.0,0.0,0.0,0.0
042D,04,2D,0,0,0,0,472,472,471,1,122,102,147,54,24,14,0,8,0,0,0,0,0,0,0,0,0,0,0,0,0,0,inf,0.211864406779661,99.78813559322035,25.902335456475583,21.656050955414013,31.210191082802545,11.464968152866243,5.095541401273886,2.9723991507431,0.0,1.6985138004246285,0.0,0.0,0.0,0.0,0.0,0.0,0.0,0.0,0.0,0.0,0.0,0.0,0.0,0.0
042E,04,2E,0,0,0,0,734,734,728,6,182,136,244,48,76,26,0,10,0,0,0,0,0,0,6,0,0,0,0,0,0,0,inf,0.8174386920980926,99.1825613079019,25.0,18.681318681318682,33.51648351648351,6.593406593406594,10.43956043956044,3.571428571428571,0.0,1.3736263736263736,0.0,0.0,0.0,0.0,0.0,0.0,0.8241758241758242,0.0,0.0,0.0,0.0,0.0,0.0,0.0
042F,04,2F,0,0,0,0,653,653,648,5,173,164,158,76,43,22,0,9,0,0,0,0,0,0,3,0,0,0,0,0,0,0,inf,0.7656967840735069,99.23430321592649,26.69753086419753,25.308641975308642,24.382716049382715,11.728395061728394,6.635802469135803,3.3950617283950617,0.0,1.3888888888888888,0.0,0.0,0.0,0.0,0.0,0.0,0.4629629629629629,0.0,0.0,0.0,0.0,0.0,0.0,0.0
042G,04,2G,0,0,0,0,925,925,925,0,258,156,336,69,50,45,0,8,0,0,0,0,0,0,3,0,0,0,0,0,0,0,inf,0.0,100.0,27.89189189189189,16.864864864864863,36.32432432432432,7.45945945945946,5.405405405405405,4.864864864864865,0.0,0.8648648648648649,0.0,0.0,0.0,0.0,0.0,0.0,0.3243243243243243,0.0,0.0,0.0,0.0,0.0,0.0,0.0
042H,04,2H,0,0,0,0,535,535,526,9,138,132,127,57,34,21,0,17,0,0,0,0,0,0,0,0,0,0,0,0,0,0,inf,1.6822429906542056,98.3177570093458,26.23574144486692,25.09505703422053,24.14448669201521,10.836501901140684,6.4638783269961975,3.9923954372623576,0.0,3.2319391634980987,0.0,0.0,0.0,0.0,0.0,0.0,0.0,0.0,0.0,0.0,0.0,0.0,0.0,0.0
042I,04,2I,0,0,0,0,505,505,502,3,118,169,57,85,36,25,0,10,0,0,0,0,0,0,2,0,0,0,0,0,0,0,inf,0.594059405940594,99.4059405940594,23.50597609561753,33.66533864541832,11.354581673306772,16.93227091633466,7.171314741035857,4.9800796812749,0.0,1.9920318725099602,0.0,0.0,0.0,0.0,0.0,0.0,0.398406374501992,0.0,0.0,0.0,0.0,0.0,0.0,0.0
042J,04,2J,0,0,0,0,980,980,976,4,230,221,362,51,55,42,0,12,0,0,0,0,0,0,3,0,0,0,0,0,0,0,inf,0.40816326530612246,99.59183673469387,23.565573770491806,22.64344262295082,37.09016393442623,5.225409836065574,5.635245901639344,4.30327868852459,0.0,1.2295081967213115,0.0,0.0,0.0,0.0,0.0,0.0,0.3073770491803279,0.0,0.0,0.0,0.0,0.0,0.0,0.0
042K,04,2K,0,0,0,0,957,957,952,5,216,194,361,58,54,48,0,18,0,0,0,0,0,0,3,0,0,0,0,0,0,0,inf,0.522466039707419,99.47753396029259,22.689075630252102,20.3781512605042,37.92016806722689,6.092436974789916,5.6722689075630255,5.042016806722689,0.0,1.8907563025210083,0.0,0.0,0.0,0.0,0.0,0.0,0.31512605042016806,0.0,0.0,0.0,0.0,0.0,0.0,0.0
042L,04,2L,0,0,0,0,826,826,819,7,198,215,173,93,66,49,0,20,0,0,0,0,0,0,5,0,0,0,0,0,0,0,inf,0.847457627118644,99.15254237288136,24.175824175824175,26.251526251526254,21.123321123321123,11.355311355311356,8.058608058608058,5.982905982905983,0.0,2.442002442002442,0.0,0.0,0.0,0.0,0.0,0.0,0.6105006105006106,0.0,0.0,0.0,0.0,0.0,0.0,0.0
042M,04,2M,0,0,0,0,706,706,704,2,141,198,248,46,36,26,0,8,0,0,0,0,0,0,1,0,0,0,0,0,0,0,inf,0.28328611898017,99.71671388101983,20.02840909090909,28.125,35.22727272727273,6.534090909090909,5.113636363636364,3.6931818181818183,0.0,1.1363636363636365,0.0,0.0,0.0,0.0,0.0,0.0,0.14204545454545456,0.0,0.0,0.0,0.0,0.0,0.0,0.0
042N,04,2N,0,0,0,0,1000,1000,998,2,207,220,382,76,56,43,0,13,0,0,0,0,0,0,1,0,0,0,0,0,0,0,inf,0.2,99.8,20.741482965931866,22.044088176352705,38.276553106212425,7.615230460921844,5.61122244488978,4.308617234468938,0.0,1.3026052104208417,0.0,0.0,0.0,0.0,0.0,0.0,0.1002004008016032,0.0,0.0,0.0,0.0,0.0,0.0,0.0
042P,04,2P,0,0,0,0,514,514,514,0,135,92,195,37,24,25,0,6,0,0,0,0,0,0,0,0,0,0,0,0,0,0,inf,0.0,100.0,26.26459143968872,17.898832684824903,37.93774319066148,7.198443579766536,4.669260700389105,4.863813229571985,0.0,1.1673151750972763,0.0,0.0,0.0,0.0,0.0,0.0,0.0,0.0,0.0,0.0,0.0,0.0,0.0,0.0
04301,04,301,1279,822,457,0,560,6,555,5,109,132,92,114,81,15,0,9,0,0,0,0,0,0,3,0,0,0,0,0,0,0,43.78420641125879,0.8928571428571428,99.10714285714286,19.63963963963964,23.783783783783786,16.576576576576578,20.54054054054054,14.594594594594595,2.7027027027027026,0.0,1.6216216216216217,0.0,0.0,0.0,0.0,0.0,0.0,0.5405405405405406,0.0,0.0,0.0,0.0,0.0,0.0,0.0
04302,04,302,1066,692,374,0,540,6,535,5,121,125,106,96,54,21,0,10,0,0,0,0,0,0,2,0,0,0,0,0,0,0,50.65666041275797,0.9259259259259258,99.07407407407408,22.61682242990654,23.364485981308412,19.813084112149532,17.94392523364486,10.093457943925234,3.925233644859813,0.0,1.8691588785046727,0.0,0.0,0.0,0.0,0.0,0.0,0.3738317757009346,0.0,0.0,0.0,0.0,0.0,0.0,0.0
04303,04,303,1180,749,431,0,576,5,570,6,138,148,122,85,42,27,0,8,0,0,0,0,0,0,0,0,0,0,0,0,0,0,48.8135593220339,1.0416666666666665,98.95833333333334,24.210526315789473,25.964912280701753,21.403508771929825,14.912280701754385,7.368421052631578,4.736842105263158,0.0,1.4035087719298245,0.0,0.0,0.0,0.0,0.0,0.0,0.0,0.0,0.0,0.0,0.0,0.0,0.0,0.0
04304,04,304,1041,620,421,0,506,6,502,4,121,130,97,71,48,19,0,14,0,0,0,0,0,0,2,0,0,0,0,0,0,0,48.60710854947166,0.7905138339920948,99.2094861660079,24.10358565737052,25.89641434262948,19.322709163346612,14.143426294820719,9.56175298804781,3.7848605577689245,0.0,2.788844621513944,0.0,0.0,0.0,0.0,0.0,0.0,0.398406374501992,0.0,0.0,0.0,0.0,0.0,0.0,0.0
04305,04,305,954,612,342,0,513,9,505,8,136,146,55,111,36,13,0,7,0,0,0,0,0,0,1,0,0,0,0,0,0,0,53.77358490566038,1.5594541910331383,98.44054580896686,26.930693069306933,28.910891089108908,10.891089108910892,21.980198019801982,7.128712871287128,2.5742574257425743,0.0,1.3861386138613863,0.0,0.0,0.0,0.0,0.0,0.0,0.19801980198019803,0.0,0.0,0.0,0.0,0.0,0.0,0.0
04306,04,306,1049,716,333,0,590,12,583,7,133,173,74,146,33,11,0,11,0,0,0,0,0,0,2,0,0,0,0,0,0,0,56.244041944709245,1.1864406779661016,98.8135593220339,22.81303602058319,29.674099485420243,12.69296740994854,25.04288164665523,5.660377358490567,1.8867924528301887,0.0,1.8867924528301887,0.0,0.0,0.0,0.0,0.0,0.0,0.34305317324185247,0.0,0.0,0.0,0.0,0.0,0.0,0.0
04307,04,307,1188,765,423,0,597,9,591,6,136,175,95,104,48,20,0,11,0,0,0,0,0,0,2,0,0,0,0,0,0,0,50.252525252525245,1.0050251256281406,98.99497487437185,23.011844331641285,29.610829103214893,16.07445008460237,17.59729272419628,8.121827411167512,3.3840947546531304,0.0,1.8612521150592216,0.0,0.0,0.0,0.0,0.0,0.0,0.338409475465313,0.0,0.0,0.0,0.0,0.0,0.0,0.0
04308,04,308,759,438,321,0,336,7,335,1,102,65,57,40,43,13,0,12,0,0,0,0,0,0,3,0,0,0,0,0,0,0,44.26877470355731,0.2976190476190476,99.70238095238095,30.447761194029848,19.402985074626866,17.01492537313433,11.940298507462686,12.835820895522387,3.880597014925373,0.0,3.582089552238806,0.0,0.0,0.0,0.0,0.0,0.0,0.8955223880597015,0.0,0.0,0.0,0.0,0.0,0.0,0.0
04309,04,309,1316,812,504,0,608,8,595,13,149,102,137,93,90,11,0,6,0,0,0,0,0,0,7,0,0,0,0,0,0,0,46.20060790273556,2.138157894736842,97.86184210526315,25.04201680672269,17.142857142857142,23.025210084033613,15.630252100840336,15.126050420168067,1.8487394957983194,0.0,1.0084033613445378,0.0,0.0,0.0,0.0,0.0,0.0,1.1764705882352942,0.0,0.0,0.0,0.0,0.0,0.0,0.0
04310,04,310,1149,696,453,0,558,11,557,1,141,153,112,75,54,12,0,8,0,0,0,0,0,0,2,0,0,0,0,0,0,0,48.56396866840731,0.17921146953405018,99.82078853046595,25.314183123877914,27.468581687612208,20.107719928186714,13.464991023339318,9.694793536804308,2.154398563734291,0.0,1.436265709156194,0.0,0.0,0.0,0.0,0.0,0.0,0.3590664272890485,0.0,0.0,0.0,0.0,0.0,0.0,0.0
04311,04,311,976,549,427,0,429,13,427,2,103,111,90,52,39,20,0,8,0,0,0,0,0,0,4,0,0,0,0,0,0,0,43.954918032786885,0.4662004662004662,99.53379953379954,24.121779859484775,25.995316159250585,21.07728337236534,12.177985948477751,9.133489461358314,4.683840749414521,0.0,1.873536299765808,0.0,0.0,0.0,0.0,0.0,0.0,0.936768149882904,0.0,0.0,0.0,0.0,0.0,0.0,0.0
04312,04,312,822,508,314,0,401,14,395,6,100,113,59,83,25,10,0,3,0,0,0,0,0,0,2,0,0,0,0,0,0,0,48.78345498783455,1.4962593516209477,98.50374064837905,25.31645569620253,28.607594936708864,14.936708860759493,21.012658227848103,6.329113924050633,2.5316455696202533,0.0,0.7594936708860759,0.0,0.0,0.0,0.0,0.0,0.0,0.5063291139240507,0.0,0.0,0.0,0.0,0.0,0.0,0.0
04313,04,313,1163,654,509,0,508,15,500,8,137,144,83,53,53,23,0,7,0,0,0,0,0,0,0,0,0,0,0,0,0,0,43.68013757523646,1.574803149606299,98.4251968503937,27.400000000000002,28.799999999999997,16.6,10.6,10.6,4.6,0.0,1.4000000000000001,0.0,0.0,0.0,0.0,0.0,0.0,0.0,0.0,0.0,0.0,0.0,0.0,0.0,0.0
04314,04,314,1134,667,467,0,535,13,529,6,127,160,89,84,42,19,0,8,0,0,0,0,0,0,0,0,0,0,0,0,0,0,47.17813051146385,1.1214953271028036,98.8785046728972,24.007561436672965,30.245746691871457,16.824196597353495,15.879017013232513,7.9395085066162565,3.5916824196597354,0.0,1.5122873345935728,0.0,0.0,0.0,0.0,0.0,0.0,0.0,0.0,0.0,0.0,0.0,0.0,0.0,0.0
04315,04,315,1083,663,420,0,538,0,537,1,115,156,101,87,46,18,0,12,0,0,0,0,0,0,2,0,0,0,0,0,0,0,49.67682363804247,0.18587360594795538,99.81412639405205,21.415270018621975,29.05027932960894,18.808193668528865,16.201117318435752,8.56610800744879,3.35195530726257,0.0,2.2346368715083798,0.0,0.0,0.0,0.0,0.0,0.0,0.37243947858473,0.0,0.0,0.0,0.0,0.0,0.0,0.0
04316,04,316,1147,716,431,0,561,0,558,3,170,127,125,67,44,19,0,6,0,0,0,0,0,0,0,0,0,0,0,0,0,0,48.91020052310375,0.53475935828877,99.46524064171123,30.46594982078853,22.759856630824373,22.401433691756274,12.007168458781361,7.885304659498208,3.405017921146954,0.0,1.0752688172043012,0.0,0.0,0.0,0.0,0.0,0.0,0.0,0.0,0.0,0.0,0.0,0.0,0.0,0.0
04317,04,317,984,594,390,0,482,9,479,3,128,115,121,52,40,17,0,5,0,0,0,0,0,0,1,0,0,0,0,0,0,0,48.983739837398375,0.6224066390041494,99.37759336099586,26.722338204592898,24.008350730688935,25.260960334029225,10.855949895615867,8.350730688935283,3.549060542797495,0.0,1.0438413361169103,0.0,0.0,0.0,0.0,0.0,0.0,0.20876826722338201,0.0,0.0,0.0,0.0,0.0,0.0,0.0
04318,04,318,1137,666,471,0,591,9,588,3,170,186,95,69,41,16,0,9,0,0,0,0,0,0,2,0,0,0,0,0,0,0,51.97889182058047,0.5076142131979695,99.49238578680203,28.91156462585034,31.63265306122449,16.156462585034014,11.73469387755102,6.972789115646258,2.7210884353741496,0.0,1.530612244897959,0.0,0.0,0.0,0.0,0.0,0.0,0.3401360544217687,0.0,0.0,0.0,0.0,0.0,0.0,0.0
04319,04,319,914,533,381,0,461,5,460,1,102,179,88,46,26,14,0,4,0,0,0,0,0,0,1,0,0,0,0,0,0,0,50.43763676148797,0.21691973969631237,99.78308026030369,22.17391304347826,38.91304347826087,19.130434782608695,10.0,5.6521739130434785,3.0434782608695654,0.0,0.8695652173913043,0.0,0.0,0.0,0.0,0.0,0.0,0.21739130434782608,0.0,0.0,0.0,0.0,0.0,0.0,0.0
04320,04,320,1010,541,469,0,405,8,404,1,94,120,73,50,46,18,0,2,0,0,0,0,0,0,1,0,0,0,0,0,0,0,40.099009900990104,0.24691358024691357,99.75308641975309,23.26732673267327,29.7029702970297,18.06930693069307,12.376237623762377,11.386138613861387,4.455445544554455,0.0,0.49504950495049505,0.0,0.0,0.0,0.0,0.0,0.0,0.24752475247524752,0.0,0.0,0.0,0.0,0.0,0.0,0.0
04321,04,321,1127,699,428,0,562,11,555,7,161,128,122,69,36,32,0,6,0,0,0,0,0,0,1,0,0,0,0,0,0,0,49.86690328305235,1.2455516014234875,98.75444839857651,29.009009009009006,23.063063063063062,21.98198198198198,12.432432432432433,6.486486486486487,5.7657657657657655,0.0,1.0810810810810811,0.0,0.0,0.0,0.0,0.0,0.0,0.18018018018018017,0.0,0.0,0.0,0.0,0.0,0.0,0.0
04322,04,322,1211,721,490,0,636,13,626,10,197,171,125,70,39,13,0,10,0,0,0,0,0,0,1,0,0,0,0,0,0,0,52.51857968620974,1.5723270440251573,98.42767295597484,31.469648562300318,27.316293929712458,19.968051118210862,11.182108626198083,6.230031948881789,2.07667731629393,0.0,1.5974440894568689,0.0,0.0,0.0,0.0,0.0,0.0,0.1597444089456869,0.0,0.0,0.0,0.0,0.0,0.0,0.0
04323,04,323,1084,694,390,0,527,7,521,6,112,117,139,61,48,27,0,13,0,0,0,0,0,0,4,0,0,0,0,0,0,0,48.61623616236162,1.1385199240986716,98.86148007590133,21.497120921305182,22.456813819577732,26.67946257197697,11.708253358925145,9.213051823416507,5.182341650671785,0.0,2.495201535508637,0.0,0.0,0.0,0.0,0.0,0.0,0.7677543186180422,0.0,0.0,0.0,0.0,0.0,0.0,0.0
04324,04,324,1090,704,386,0,556,13,551,5,148,129,134,50,51,26,0,12,0,0,0,0,0,0,1,0,0,0,0,0,0,0,51.00917431192661,0.8992805755395683,99.10071942446042,26.860254083484573,23.41197822141561,24.319419237749546,9.074410163339383,9.25589836660617,4.71869328493648,0.0,2.1778584392014517,0.0,0.0,0.0,0.0,0.0,0.0,0.18148820326678766,0.0,0.0,0.0,0.0,0.0,0.0,0.0
04325,04,325,702,453,249,0,282,5,280,2,61,87,53,38,28,12,0,1,0,0,0,0,0,0,0,0,0,0,0,0,0,0,40.17094017094017,0.7092198581560284,99.29078014184397,21.785714285714285,31.071428571428573,18.928571428571427,13.571428571428571,10.0,4.285714285714286,0.0,0.35714285714285715,0.0,0.0,0.0,0.0,0.0,0.0,0.0,0.0,0.0,0.0,0.0,0.0,0.0,0.0
04326,04,326,937,568,369,0,429,8,426,3,95,120,82,61,38,21,0,7,0,0,0,0,0,0,2,0,0,0,0,0,0,0,45.78441835645678,0.6993006993006993,99.3006993006993,22.300469483568076,28.169014084507044,19.248826291079812,14.319248826291082,8.92018779342723,4.929577464788732,0.0,1.643192488262911,0.0,0.0,0.0,0.0,0.0,0.0,0.4694835680751174,0.0,0.0,0.0,0.0,0.0,0.0,0.0
04327,04,327,998,584,414,0,455,6,449,6,119,109,69,79,52,14,0,6,0,0,0,0,0,0,1,0,0,0,0,0,0,0,45.59118236472946,1.3186813186813187,98.68131868131869,26.50334075723831,24.276169265033406,15.367483296213807,17.59465478841871,11.58129175946548,3.11804008908686,0.0,1.3363028953229399,0.0,0.0,0.0,0.0,0.0,0.0,0.22271714922048996,0.0,0.0,0.0,0.0,0.0,0.0,0.0
04328,04,328,999,669,330,0,514,5,505,9,154,86,107,76,48,17,0,14,0,0,0,0,0,0,3,0,0,0,0,0,0,0,51.45145145145145,1.7509727626459144,98.24902723735408,30.495049504950494,17.02970297029703,21.18811881188119,15.049504950495049,9.504950495049505,3.3663366336633667,0.0,2.7722772277227725,0.0,0.0,0.0,0.0,0.0,0.0,0.594059405940594,0.0,0.0,0.0,0.0,0.0,0.0,0.0
04329,04,329,1214,781,433,0,636,11,630,6,144,194,86,127,44,17,0,15,0,0,0,0,0,0,3,0,0,0,0,0,0,0,52.38879736408567,0.9433962264150944,99.05660377358491,22.857142857142858,30.793650793650794,13.65079365079365,20.158730158730158,6.984126984126984,2.6984126984126986,0.0,2.380952380952381,0.0,0.0,0.0,0.0,0.0,0.0,0.4761904761904762,0.0,0.0,0.0,0.0,0.0,0.0,0.0
043A,04,3A,0,0,0,0,781,781,775,6,187,239,149,125,45,16,0,12,0,0,0,0,0,0,2,0,0,0,0,0,0,0,inf,0.7682458386683738,99.23175416133164,24.129032258064516,30.838709677419356,19.225806451612904,16.129032258064516,5.806451612903226,2.064516129032258,0.0,1.5483870967741935,0.0,0.0,0.0,0.0,0.0,0.0,0.25806451612903225,0.0,0.0,0.0,0.0,0.0,0.0,0.0
043B,04,3B,0,0,0,0,711,711,707,4,178,220,141,106,27,19,0,10,0,0,0,0,0,0,6,0,0,0,0,0,0,0,inf,0.5625879043600562,99.43741209563994,25.176803394625175,31.117397454031114,19.943422913719942,14.992927864214991,3.818953323903819,2.6874115983026874,0.0,1.4144271570014144,0.0,0.0,0.0,0.0,0.0,0.0,0.8486562942008486,0.0,0.0,0.0,0.0,0.0,0.0,0.0
043C,04,3C,0,0,0,0,786,786,784,2,192,248,170,91,36,29,0,16,0,0,0,0,0,0,2,0,0,0,0,0,0,0,inf,0.2544529262086514,99.74554707379136,24.489795918367346,31.63265306122449,21.683673469387756,11.607142857142858,4.591836734693878,3.6989795918367347,0.0,2.0408163265306123,0.0,0.0,0.0,0.0,0.0,0.0,0.25510204081632654,0.0,0.0,0.0,0.0,0.0,0.0,0.0
043D,04,3D,0,0,0,0,707,707,703,4,184,258,92,119,27,14,0,7,0,0,0,0,0,0,2,0,0,0,0,0,0,0,inf,0.5657708628005658,99.43422913719944,26.173541963015644,36.69985775248933,13.086770981507822,16.927453769559033,3.8406827880512093,1.991465149359886,0.0,0.995732574679943,0.0,0.0,0.0,0.0,0.0,0.0,0.2844950213371266,0.0,0.0,0.0,0.0,0.0,0.0,0.0
043E,04,3E,0,0,0,0,704,704,703,1,178,230,120,92,40,23,0,17,0,0,0,0,0,0,3,0,0,0,0,0,0,0,inf,0.14204545454545456,99.85795454545455,25.320056899004268,32.71692745376956,17.069701280227594,13.086770981507822,5.689900426742532,3.2716927453769555,0.0,2.418207681365576,0.0,0.0,0.0,0.0,0.0,0.0,0.42674253200568996,0.0,0.0,0.0,0.0,0.0,0.0,0.0
043F,04,3F,0,0,0,0,768,768,762,6,183,182,193,99,66,25,0,13,0,0,0,0,0,0,1,0,0,0,0,0,0,0,inf,0.78125,99.21875,24.015748031496063,23.88451443569554,25.32808398950131,12.992125984251967,8.661417322834646,3.2808398950131235,0.0,1.7060367454068242,0.0,0.0,0.0,0.0,0.0,0.0,0.13123359580052493,0.0,0.0,0.0,0.0,0.0,0.0,0.0
043G,04,3G,0,0,0,0,891,891,888,3,217,268,229,86,41,31,0,15,0,0,0,0,0,0,1,0,0,0,0,0,0,0,inf,0.33670033670033667,99.66329966329967,24.436936936936938,30.180180180180184,25.788288288288285,9.684684684684685,4.617117117117117,3.4909909909909906,0.0,1.6891891891891893,0.0,0.0,0.0,0.0,0.0,0.0,0.11261261261261261,0.0,0.0,0.0,0.0,0.0,0.0,0.0
043H,04,3H,0,0,0,0,677,677,675,2,197,232,117,76,24,22,0,6,0,0,0,0,0,0,1,0,0,0,0,0,0,0,inf,0.29542097488921715,99.70457902511079,29.185185185185187,34.37037037037037,17.333333333333336,11.25925925925926,3.5555555555555554,3.259259259259259,0.0,0.8888888888888888,0.0,0.0,0.0,0.0,0.0,0.0,0.14814814814814814,0.0,0.0,0.0,0.0,0.0,0.0,0.0
043I,04,3I,0,0,0,0,780,780,776,4,167,216,235,69,30,42,0,15,0,0,0,0,0,0,2,0,0,0,0,0,0,0,inf,0.5128205128205128,99.48717948717949,21.52061855670103,27.835051546391753,30.283505154639172,8.891752577319588,3.865979381443299,5.412371134020619,0.0,1.9329896907216495,0.0,0.0,0.0,0.0,0.0,0.0,0.25773195876288657,0.0,0.0,0.0,0.0,0.0,0.0,0.0
043J,04,3J,0,0,0,0,817,817,815,2,222,233,198,87,36,23,0,16,0,0,0,0,0,0,0,0,0,0,0,0,0,0,inf,0.24479804161566704,99.75520195838433,27.23926380368098,28.588957055214724,24.294478527607364,10.67484662576687,4.41717791411043,2.8220858895705523,0.0,1.96319018404908,0.0,0.0,0.0,0.0,0.0,0.0,0.0,0.0,0.0,0.0,0.0,0.0,0.0,0.0
043K,04,3K,0,0,0,0,880,880,878,2,208,300,159,136,25,37,0,12,0,0,0,0,0,0,1,0,0,0,0,0,0,0,inf,0.22727272727272727,99.77272727272727,23.690205011389523,34.16856492027335,18.109339407744876,15.489749430523919,2.847380410022779,4.214123006833713,0.0,1.366742596810934,0.0,0.0,0.0,0.0,0.0,0.0,0.11389521640091116,0.0,0.0,0.0,0.0,0.0,0.0,0.0
043L,04,3L,0,0,0,0,810,810,808,2,191,279,181,96,24,23,0,14,0,0,0,0,0,0,0,0,0,0,0,0,0,0,inf,0.24691358024691357,99.75308641975309,23.638613861386137,34.52970297029702,22.400990099009903,11.881188118811881,2.9702970297029703,2.846534653465347,0.0,1.7326732673267329,0.0,0.0,0.0,0.0,0.0,0.0,0.0,0.0,0.0,0.0,0.0,0.0,0.0,0.0
043M,04,3M,0,0,0,0,751,751,746,5,168,200,201,74,49,39,0,11,0,0,0,0,0,0,4,0,0,0,0,0,0,0,inf,0.6657789613848202,99.33422103861518,22.5201072386059,26.80965147453083,26.943699731903486,9.919571045576408,6.568364611260054,5.227882037533512,0.0,1.4745308310991956,0.0,0.0,0.0,0.0,0.0,0.0,0.5361930294906166,0.0,0.0,0.0,0.0,0.0,0.0,0.0
043N,04,3N,0,0,0,0,573,573,571,2,132,161,166,59,21,23,0,6,0,0,0,0,0,0,3,0,0,0,0,0,0,0,inf,0.34904013961605584,99.65095986038395,23.117338003502628,28.19614711033275,29.071803852889666,10.332749562171628,3.677758318739054,4.028021015761821,0.0,1.0507880910683012,0.0,0.0,0.0,0.0,0.0,0.0,0.5253940455341506,0.0,0.0,0.0,0.0,0.0,0.0,0.0
043P,04,3P,0,0,0,0,337,337,335,2,76,103,89,37,10,16,0,4,0,0,0,0,0,0,0,0,0,0,0,0,0,0,inf,0.5934718100890208,99.40652818991099,22.686567164179106,30.74626865671642,26.56716417910448,11.044776119402986,2.9850746268656714,4.776119402985075,0.0,1.1940298507462688,0.0,0.0,0.0,0.0,0.0,0.0,0.0,0.0,0.0,0.0,0.0,0.0,0.0,0.0
04401,04,401,1372,798,574,0,589,6,583,6,128,143,100,105,66,25,0,14,0,0,0,0,0,0,2,0,0,0,0,0,0,0,42.93002915451895,1.0186757215619695,98.98132427843804,21.955403087478558,24.528301886792452,17.152658662092623,18.010291595197256,11.320754716981133,4.288164665523156,0.0,2.401372212692967,0.0,0.0,0.0,0.0,0.0,0.0,0.34305317324185247,0.0,0.0,0.0,0.0,0.0,0.0,0.0
04402,04,402,1353,851,502,0,592,13,581,11,130,105,122,105,80,30,0,8,0,0,0,0,0,0,1,0,0,0,0,0,0,0,43.754619364375465,1.8581081081081081,98.1418918918919,22.375215146299485,18.072289156626507,20.998278829604132,18.072289156626507,13.769363166953527,5.163511187607573,0.0,1.376936316695353,0.0,0.0,0.0,0.0,0.0,0.0,0.17211703958691912,0.0,0.0,0.0,0.0,0.0,0.0,0.0
04403,04,403,812,475,337,0,367,8,363,4,81,86,94,43,30,25,0,4,0,0,0,0,0,0,0,0,0,0,0,0,0,0,45.19704433497537,1.08991825613079,98.9100817438692,22.31404958677686,23.69146005509642,25.895316804407713,11.84573002754821,8.264462809917356,6.887052341597796,0.0,1.1019283746556474,0.0,0.0,0.0,0.0,0.0,0.0,0.0,0.0,0.0,0.0,0.0,0.0,0.0,0.0
04404,04,404,1029,732,297,0,575,7,565,10,151,145,105,86,54,16,0,7,0,0,0,0,0,0,1,0,0,0,0,0,0,0,55.879494655004855,1.7391304347826086,98.26086956521739,26.725663716814157,25.663716814159294,18.58407079646018,15.221238938053098,9.557522123893806,2.831858407079646,0.0,1.238938053097345,0.0,0.0,0.0,0.0,0.0,0.0,0.17699115044247787,0.0,0.0,0.0,0.0,0.0,0.0,0.0
04405,04,405,1175,678,497,0,519,6,515,4,111,143,107,78,42,18,0,11,0,0,0,0,0,0,5,0,0,0,0,0,0,0,44.170212765957444,0.7707129094412332,99.22928709055877,21.553398058252426,27.766990291262132,20.776699029126213,15.145631067961165,8.155339805825243,3.4951456310679614,0.0,2.1359223300970873,0.0,0.0,0.0,0.0,0.0,0.0,0.9708737864077669,0.0,0.0,0.0,0.0,0.0,0.0,0.0
04406,04,406,1152,768,384,0,544,11,533,11,125,105,110,85,70,26,0,10,0,0,0,0,0,0,2,0,0,0,0,0,0,0,47.22222222222222,2.0220588235294117,97.97794117647058,23.452157598499063,19.69981238273921,20.637898686679172,15.947467166979362,13.133208255159476,4.878048780487805,0.0,1.876172607879925,0.0,0.0,0.0,0.0,0.0,0.0,0.37523452157598497,0.0,0.0,0.0,0.0,0.0,0.0,0.0
04407,04,407,955,611,344,0,452,5,447,5,128,107,83,71,32,13,0,7,0,0,0,0,0,0,6,0,0,0,0,0,0,0,47.32984293193717,1.1061946902654867,98.89380530973452,28.635346756152124,23.937360178970916,18.568232662192393,15.883668903803134,7.158836689038031,2.9082774049217,0.0,1.5659955257270695,0.0,0.0,0.0,0.0,0.0,0.0,1.342281879194631,0.0,0.0,0.0,0.0,0.0,0.0,0.0
04408,04,408,1114,720,394,0,473,7,469,4,131,78,97,69,63,24,0,6,0,0,0,0,0,0,1,0,0,0,0,0,0,0,42.45960502692998,0.8456659619450317,99.15433403805497,27.931769722814497,16.631130063965884,20.68230277185501,14.712153518123666,13.432835820895523,5.11727078891258,0.0,1.279317697228145,0.0,0.0,0.0,0.0,0.0,0.0,0.21321961620469082,0.0,0.0,0.0,0.0,0.0,0.0,0.0
04409,04,409,1291,772,519,0,583,7,576,7,131,146,106,95,64,24,0,8,0,0,0,0,0,0,2,0,0,0,0,0,0,0,45.158791634391946,1.2006861063464835,98.79931389365352,22.743055555555554,25.34722222222222,18.40277777777778,16.493055555555554,11.11111111111111,4.166666666666666,0.0,1.3888888888888888,0.0,0.0,0.0,0.0,0.0,0.0,0.3472222222222222,0.0,0.0,0.0,0.0,0.0,0.0,0.0
04410,04,410,1236,863,373,0,639,11,630,9,159,168,100,98,66,26,0,12,0,0,0,0,0,0,1,0,0,0,0,0,0,0,51.69902912621359,1.4084507042253522,98.59154929577466,25.238095238095237,26.666666666666668,15.873015873015872,15.555555555555555,10.476190476190476,4.1269841269841265,0.0,1.9047619047619049,0.0,0.0,0.0,0.0,0.0,0.0,0.15873015873015872,0.0,0.0,0.0,0.0,0.0,0.0,0.0
04411,04,411,1239,728,511,0,547,4,542,5,129,143,121,69,49,20,0,7,0,0,0,0,0,0,4,0,0,0,0,0,0,0,44.14850686037127,0.9140767824497258,99.08592321755027,23.800738007380073,26.383763837638373,22.324723247232473,12.730627306273062,9.040590405904059,3.6900369003690034,0.0,1.2915129151291513,0.0,0.0,0.0,0.0,0.0,0.0,0.7380073800738007,0.0,0.0,0.0,0.0,0.0,0.0,0.0
04412,04,412,1048,672,376,0,519,7,511,8,121,118,111,88,41,23,0,8,0,0,0,0,0,0,1,0,0,0,0,0,0,0,49.52290076335878,1.5414258188824663,98.45857418111753,23.679060665362034,23.09197651663405,21.722113502935418,17.22113502935421,8.023483365949119,4.500978473581213,0.0,1.5655577299412915,0.0,0.0,0.0,0.0,0.0,0.0,0.19569471624266144,0.0,0.0,0.0,0.0,0.0,0.0,0.0
04413,04,413,1110,710,400,0,549,7,547,2,124,132,119,79,45,31,0,12,0,0,0,0,0,0,5,0,0,0,0,0,0,0,49.45945945945946,0.36429872495446264,99.63570127504553,22.6691042047532,24.131627056672762,21.755027422303474,14.442413162705666,8.226691042047532,5.6672760511883,0.0,2.1937842778793417,0.0,0.0,0.0,0.0,0.0,0.0,0.9140767824497258,0.0,0.0,0.0,0.0,0.0,0.0,0.0
04414,04,414,1029,606,423,0,491,10,486,5,109,146,120,58,25,22,0,6,0,0,0,0,0,0,0,0,0,0,0,0,0,0,47.71622934888241,1.0183299389002036,98.98167006109979,22.42798353909465,30.04115226337449,24.691358024691358,11.934156378600823,5.1440329218107,4.526748971193416,0.0,1.2345679012345678,0.0,0.0,0.0,0.0,0.0,0.0,0.0,0.0,0.0,0.0,0.0,0.0,0.0,0.0
04415,04,415,968,593,375,0,432,8,429,3,108,107,90,56,38,24,0,4,0,0,0,0,0,0,2,0,0,0,0,0,0,0,44.62809917355372,0.6944444444444444,99.30555555555556,25.174825174825177,24.941724941724942,20.97902097902098,13.053613053613052,8.857808857808857,5.594405594405594,0.0,0.9324009324009324,0.0,0.0,0.0,0.0,0.0,0.0,0.4662004662004662,0.0,0.0,0.0,0.0,0.0,0.0,0.0
04416,04,416,827,528,299,0,380,10,373,7,98,95,53,71,36,9,0,9,0,0,0,0,0,0,2,0,0,0,0,0,0,0,45.94921402660218,1.8421052631578945,98.15789473684211,26.273458445040216,25.46916890080429,14.209115281501342,19.034852546916888,9.651474530831099,2.4128686327077746,0.0,2.4128686327077746,0.0,0.0,0.0,0.0,0.0,0.0,0.5361930294906166,0.0,0.0,0.0,0.0,0.0,0.0,0.0
04417,04,417,1118,681,437,0,550,8,545,5,126,120,146,63,53,26,0,8,0,0,0,0,0,0,3,0,0,0,0,0,0,0,49.19499105545617,0.9090909090909091,99.0909090909091,23.119266055045873,22.018348623853214,26.788990825688074,11.559633027522937,9.724770642201836,4.770642201834862,0.0,1.4678899082568808,0.0,0.0,0.0,0.0,0.0,0.0,0.5504587155963303,0.0,0.0,0.0,0.0,0.0,0.0,0.0
04418,04,418,888,532,356,0,437,11,433,4,93,119,134,36,29,21,0,1,0,0,0,0,0,0,0,0,0,0,0,0,0,0,49.211711711711715,0.9153318077803204,99.08466819221968,21.478060046189377,27.48267898383372,30.94688221709007,8.314087759815243,6.697459584295612,4.849884526558892,0.0,0.23094688221709006,0.0,0.0,0.0,0.0,0.0,0.0,0.0,0.0,0.0,0.0,0.0,0.0,0.0,0.0
04419,04,419,1240,712,528,0,560,16,557,3,142,154,118,73,31,30,0,7,0,0,0,0,0,0,2,0,0,0,0,0,0,0,45.16129032258064,0.5357142857142857,99.46428571428572,25.493716337522443,27.648114901256733,21.18491921005386,13.10592459605027,5.565529622980251,5.385996409335727,0.0,1.2567324955116697,0.0,0.0,0.0,0.0,0.0,0.0,0.3590664272890485,0.0,0.0,0.0,0.0,0.0,0.0,0.0
04420,04,420,829,545,284,0,351,10,344,7,83,55,101,34,36,26,0,7,0,0,0,0,0,0,2,0,0,0,0,0,0,0,42.340168878166466,1.9943019943019942,98.00569800569801,24.12790697674419,15.988372093023257,29.360465116279073,9.883720930232558,10.465116279069768,7.55813953488372,0.0,2.0348837209302326,0.0,0.0,0.0,0.0,0.0,0.0,0.5813953488372093,0.0,0.0,0.0,0.0,0.0,0.0,0.0
04421,04,421,968,616,352,0,452,10,450,2,104,84,116,55,58,26,0,7,0,0,0,0,0,0,0,0,0,0,0,0,0,0,46.69421487603306,0.4424778761061947,99.5575221238938,23.11111111111111,18.666666666666668,25.77777777777778,12.222222222222221,12.88888888888889,5.777777777777778,0.0,1.5555555555555556,0.0,0.0,0.0,0.0,0.0,0.0,0.0,0.0,0.0,0.0,0.0,0.0,0.0,0.0
04422,04,422,1281,668,613,0,539,12,532,7,95,126,160,47,46,50,0,7,0,0,0,0,0,0,1,0,0,0,0,0,0,0,42.07650273224044,1.2987012987012987,98.7012987012987,17.857142857142858,23.684210526315788,30.075187969924812,8.834586466165414,8.646616541353383,9.398496240601503,0.0,1.3157894736842104,0.0,0.0,0.0,0.0,0.0,0.0,0.18796992481203006,0.0,0.0,0.0,0.0,0.0,0.0,0.0
04423,04,423,869,519,350,0,345,15,341,4,70,53,111,42,38,23,0,2,0,0,0,0,0,0,2,0,0,0,0,0,0,0,39.70080552359033,1.1594202898550725,98.84057971014492,20.527859237536656,15.542521994134898,32.55131964809384,12.316715542521994,11.143695014662756,6.744868035190615,0.0,0.5865102639296188,0.0,0.0,0.0,0.0,0.0,0.0,0.5865102639296188,0.0,0.0,0.0,0.0,0.0,0.0,0.0
04424,04,424,1199,773,426,0,612,20,608,4,145,157,173,38,52,35,0,5,0,0,0,0,0,0,3,0,0,0,0,0,0,0,51.04253544620517,0.6535947712418301,99.34640522875817,23.848684210526315,25.822368421052634,28.45394736842105,6.25,8.552631578947368,5.756578947368421,0.0,0.8223684210526315,0.0,0.0,0.0,0.0,0.0,0.0,0.4934210526315789,0.0,0.0,0.0,0.0,0.0,0.0,0.0
04425,04,425,1167,643,524,0,488,9,483,5,89,93,146,48,67,24,0,14,0,0,0,0,0,0,2,0,0,0,0,0,0,0,41.816623821765205,1.0245901639344261,98.97540983606558,18.426501035196686,19.25465838509317,30.22774327122153,9.937888198757763,13.871635610766045,4.968944099378882,0.0,2.898550724637681,0.0,0.0,0.0,0.0,0.0,0.0,0.4140786749482402,0.0,0.0,0.0,0.0,0.0,0.0,0.0
04426,04,426,1079,659,420,0,548,12,545,3,120,192,129,54,26,21,0,2,0,0,0,0,0,0,1,0,0,0,0,0,0,0,50.78776645041705,0.5474452554744526,99.45255474452554,22.018348623853214,35.22935779816514,23.669724770642205,9.908256880733946,4.770642201834862,3.853211009174312,0.0,0.3669724770642202,0.0,0.0,0.0,0.0,0.0,0.0,0.1834862385321101,0.0,0.0,0.0,0.0,0.0,0.0,0.0
04427,04,427,1100,624,476,0,432,3,425,7,79,86,88,77,57,29,0,8,0,0,0,0,0,0,1,0,0,0,0,0,0,0,39.27272727272727,1.6203703703703702,98.37962962962963,18.58823529411765,20.235294117647058,20.705882352941178,18.11764705882353,13.411764705882353,6.8235294117647065,0.0,1.8823529411764703,0.0,0.0,0.0,0.0,0.0,0.0,0.2352941176470588,0.0,0.0,0.0,0.0,0.0,0.0,0.0
04428,04,428,1204,766,438,0,638,9,630,8,144,187,116,87,53,28,0,13,0,0,0,0,0,0,2,0,0,0,0,0,0,0,52.99003322259136,1.2539184952978055,98.7460815047022,22.857142857142858,29.682539682539684,18.412698412698415,13.80952380952381,8.412698412698413,4.444444444444445,0.0,2.0634920634920633,0.0,0.0,0.0,0.0,0.0,0.0,0.31746031746031744,0.0,0.0,0.0,0.0,0.0,0.0,0.0
04429,04,429,1470,873,597,0,632,6,631,1,141,135,139,97,75,35,0,6,0,0,0,0,0,0,3,0,0,0,0,0,0,0,42.993197278911566,0.15822784810126583,99.84177215189874,22.345483359746435,21.394611727416798,22.028526148969892,15.372424722662439,11.885895404120443,5.54675118858954,0.0,0.9508716323296356,0.0,0.0,0.0,0.0,0.0,0.0,0.4754358161648178,0.0,0.0,0.0,0.0,0.0,0.0,0.0
044A,04,4A,0,0,0,0,645,645,633,12,137,192,174,48,33,33,0,16,0,0,0,0,0,0,0,0,0,0,0,0,0,0,inf,1.8604651162790697,98.13953488372093,21.642969984202214,30.33175355450237,27.488151658767773,7.5829383886255926,5.213270142180095,5.213270142180095,0.0,2.527646129541864,0.0,0.0,0.0,0.0,0.0,0.0,0.0,0.0,0.0,0.0,0.0,0.0,0.0,0.0
044B,04,4B,0,0,0,0,910,910,904,6,214,301,196,88,58,31,0,13,0,0,0,0,0,0,3,0,0,0,0,0,0,0,inf,0.6593406593406593,99.34065934065934,23.672566371681416,33.29646017699115,21.68141592920354,9.734513274336283,6.415929203539823,3.4292035398230087,0.0,1.4380530973451326,0.0,0.0,0.0,0.0,0.0,0.0,0.33185840707964603,0.0,0.0,0.0,0.0,0.0,0.0,0.0
044C,04,4C,0,0,0,0,900,900,893,7,213,197,239,106,75,43,0,17,0,0,0,0,0,0,3,0,0,0,0,0,0,0,inf,0.7777777777777778,99.22222222222223,23.852183650615903,22.060470324748042,26.763717805151177,11.87010078387458,8.3986562150056,4.8152295632698765,0.0,1.9036954087346025,0.0,0.0,0.0,0.0,0.0,0.0,0.33594624860022393,0.0,0.0,0.0,0.0,0.0,0.0,0.0
044D,04,4D,0,0,0,0,724,724,718,6,154,278,124,85,27,34,0,14,0,0,0,0,0,0,2,0,0,0,0,0,0,0,inf,0.8287292817679558,99.17127071823204,21.448467966573816,38.71866295264624,17.270194986072422,11.838440111420613,3.7604456824512535,4.735376044568245,0.0,1.9498607242339834,0.0,0.0,0.0,0.0,0.0,0.0,0.2785515320334262,0.0,0.0,0.0,0.0,0.0,0.0,0.0
044E,04,4E,0,0,0,0,785,785,781,4,161,259,176,94,44,32,0,12,0,0,0,0,0,0,3,0,0,0,0,0,0,0,inf,0.5095541401273885,99.49044585987261,20.6145966709347,33.162612035851474,22.535211267605636,12.03585147247119,5.633802816901409,4.097311139564661,0.0,1.5364916773367476,0.0,0.0,0.0,0.0,0.0,0.0,0.3841229193341869,0.0,0.0,0.0,0.0,0.0,0.0,0.0
044F,04,4F,0,0,0,0,569,569,566,3,124,124,200,43,29,37,0,8,0,0,0,0,0,0,1,0,0,0,0,0,0,0,inf,0.5272407732864675,99.47275922671353,21.908127208480565,21.908127208480565,35.3356890459364,7.597173144876325,5.123674911660777,6.5371024734982335,0.0,1.4134275618374559,0.0,0.0,0.0,0.0,0.0,0.0,0.17667844522968199,0.0,0.0,0.0,0.0,0.0,0.0,0.0
044G,04,4G,0,0,0,0,794,794,788,6,166,174,297,44,55,48,0,4,0,0,0,0,0,0,0,0,0,0,0,0,0,0,inf,0.7556675062972292,99.24433249370277,21.065989847715734,22.081218274111674,37.690355329949234,5.583756345177665,6.979695431472082,6.091370558375635,0.0,0.5076142131979695,0.0,0.0,0.0,0.0,0.0,0.0,0.0,0.0,0.0,0.0,0.0,0.0,0.0,0.0
044H,04,4H,0,0,0,0,775,775,771,4,216,214,171,81,43,29,0,17,0,0,0,0,0,0,0,0,0,0,0,0,0,0,inf,0.5161290322580645,99.48387096774194,28.01556420233463,27.756160830090792,22.17898832684825,10.505836575875486,5.577172503242543,3.761348897535668,0.0,2.204928664072633,0.0,0.0,0.0,0.0,0.0,0.0,0.0,0.0,0.0,0.0,0.0,0.0,0.0,0.0
044I,04,4I,0,0,0,0,644,644,642,2,144,208,169,63,34,20,0,4,0,0,0,0,0,0,0,0,0,0,0,0,0,0,inf,0.3105590062111801,99.68944099378882,22.429906542056074,32.398753894081,26.323987538940806,9.813084112149532,5.29595015576324,3.115264797507788,0.0,0.6230529595015576,0.0,0.0,0.0,0.0,0.0,0.0,0.0,0.0,0.0,0.0,0.0,0.0,0.0,0.0
044J,04,4J,0,0,0,0,686,686,677,9,144,204,164,90,41,28,0,6,0,0,0,0,0,0,0,0,0,0,0,0,0,0,inf,1.3119533527696794,98.68804664723032,21.270310192023633,30.132939438700145,24.224519940915805,13.293943870014772,6.056129985228951,4.13589364844904,0.0,0.8862629246676514,0.0,0.0,0.0,0.0,0.0,0.0,0.0,0.0,0.0,0.0,0.0,0.0,0.0,0.0
044K,04,4K,0,0,0,0,881,881,874,7,201,272,234,70,37,49,0,11,0,0,0,0,0,0,0,0,0,0,0,0,0,0,inf,0.7945516458569807,99.20544835414302,22.99771167048055,31.12128146453089,26.773455377574372,8.009153318077804,4.233409610983982,5.606407322654462,0.0,1.2585812356979404,0.0,0.0,0.0,0.0,0.0,0.0,0.0,0.0,0.0,0.0,0.0,0.0,0.0,0.0
044L,04,4L,0,0,0,0,861,861,848,13,197,260,202,94,46,36,0,11,0,0,0,0,0,0,2,0,0,0,0,0,0,0,inf,1.5098722415795587,98.49012775842044,23.2311320754717,30.660377358490564,23.82075471698113,11.084905660377359,5.4245283018867925,4.245283018867925,0.0,1.2971698113207548,0.0,0.0,0.0,0.0,0.0,0.0,0.2358490566037736,0.0,0.0,0.0,0.0,0.0,0.0,0.0
044M,04,4M,0,0,0,0,691,691,687,4,162,159,247,41,39,29,0,10,0,0,0,0,0,0,0,0,0,0,0,0,0,0,inf,0.5788712011577424,99.42112879884226,23.580786026200872,23.144104803493452,35.95342066957787,5.9679767103347885,5.676855895196507,4.2212518195050945,0.0,1.455604075691412,0.0,0.0,0.0,0.0,0.0,0.0,0.0,0.0,0.0,0.0,0.0,0.0,0.0,0.0
044N,04,4N,0,0,0,0,951,951,945,6,217,257,282,68,54,54,0,11,0,0,0,0,0,0,2,0,0,0,0,0,0,0,inf,0.6309148264984227,99.36908517350159,22.962962962962962,27.195767195767196,29.841269841269842,7.195767195767195,5.714285714285714,5.714285714285714,0.0,1.164021164021164,0.0,0.0,0.0,0.0,0.0,0.0,0.21164021164021166,0.0,0.0,0.0,0.0,0.0,0.0,0.0
044P,04,4P,0,0,0,0,557,557,555,2,105,175,148,51,30,37,0,8,0,0,0,0,0,0,1,0,0,0,0,0,0,0,inf,0.3590664272890485,99.64093357271095,18.91891891891892,31.53153153153153,26.666666666666668,9.18918918918919,5.405405405405405,6.666666666666667,0.0,1.4414414414414414,0.0,0.0,0.0,0.0,0.0,0.0,0.18018018018018017,0.0,0.0,0.0,0.0,0.0,0.0,0.0
04501,04,501,1120,636,484,0,504,11,496,8,87,75,196,22,72,40,0,3,0,0,0,0,0,0,1,0,0,0,0,0,0,0,45.0,1.5873015873015872,98.4126984126984,17.540322580645164,15.120967741935484,39.516129032258064,4.435483870967742,14.516129032258066,8.064516129032258,0.0,0.6048387096774194,0.0,0.0,0.0,0.0,0.0,0.0,0.20161290322580644,0.0,0.0,0.0,0.0,0.0,0.0,0.0
04502,04,502,1081,644,437,0,502,16,501,1,86,86,219,12,60,37,0,1,0,0,0,0,0,0,0,0,0,0,0,0,0,0,46.43848288621646,0.199203187250996,99.800796812749,17.16566866267465,17.16566866267465,43.712574850299404,2.3952095808383236,11.976047904191617,7.385229540918163,0.0,0.19960079840319359,0.0,0.0,0.0,0.0,0.0,0.0,0.0,0.0,0.0,0.0,0.0,0.0,0.0,0.0
04503,04,503,1102,689,413,0,541,14,537,4,98,69,247,30,43,47,0,3,0,0,0,0,0,0,0,0,0,0,0,0,0,0,49.09255898366606,0.7393715341959335,99.26062846580407,18.24953445065177,12.849162011173185,45.99627560521415,5.58659217877095,8.007448789571695,8.752327746741155,0.0,0.5586592178770949,0.0,0.0,0.0,0.0,0.0,0.0,0.0,0.0,0.0,0.0,0.0,0.0,0.0,0.0
04504,04,504,1188,806,382,0,585,5,579,6,144,98,171,52,66,36,0,12,0,0,0,0,0,0,0,0,0,0,0,0,0,0,49.24242424242424,1.0256410256410255,98.97435897435898,24.870466321243523,16.92573402417962,29.533678756476682,8.981001727115718,11.398963730569948,6.217616580310881,0.0,2.072538860103627,0.0,0.0,0.0,0.0,0.0,0.0,0.0,0.0,0.0,0.0,0.0,0.0,0.0,0.0
04505,04,505,1133,650,483,0,475,7,471,4,101,94,125,64,56,21,0,7,0,0,0,0,0,0,3,0,0,0,0,0,0,0,41.924095322153576,0.8421052631578947,99.1578947368421,21.443736730360936,19.957537154989385,26.53927813163482,13.588110403397028,11.8895966029724,4.45859872611465,0.0,1.48619957537155,0.0,0.0,0.0,0.0,0.0,0.0,0.6369426751592357,0.0,0.0,0.0,0.0,0.0,0.0,0.0
04506,04,506,1178,775,403,0,629,6,623,6,144,155,150,57,68,34,0,13,0,0,0,0,0,0,2,0,0,0,0,0,0,0,53.3955857385399,0.9538950715421303,99.04610492845786,23.113964686998393,24.879614767255216,24.077046548956663,9.149277688603531,10.914927768860354,5.457463884430177,0.0,2.086677367576244,0.0,0.0,0.0,0.0,0.0,0.0,0.32102728731942215,0.0,0.0,0.0,0.0,0.0,0.0,0.0
04507,04,507,902,605,297,0,449,0,448,1,90,77,128,55,65,30,0,3,0,0,0,0,0,0,0,0,0,0,0,0,0,0,49.77827050997783,0.22271714922048996,99.77728285077951,20.089285714285715,17.1875,28.57142857142857,12.276785714285714,14.508928571428573,6.696428571428571,0.0,0.6696428571428571,0.0,0.0,0.0,0.0,0.0,0.0,0.0,0.0,0.0,0.0,0.0,0.0,0.0,0.0
04508,04,508,835,572,263,0,467,8,464,3,127,103,105,52,42,22,0,12,0,0,0,0,0,0,1,0,0,0,0,0,0,0,55.92814371257485,0.6423982869379015,99.3576017130621,27.370689655172413,22.198275862068968,22.629310344827587,11.206896551724139,9.051724137931034,4.741379310344827,0.0,2.586206896551724,0.0,0.0,0.0,0.0,0.0,0.0,0.21551724137931033,0.0,0.0,0.0,0.0,0.0,0.0,0.0
04509,04,509,1144,726,418,0,557,7,548,9,139,134,149,45,45,32,0,4,0,0,0,0,0,0,0,0,0,0,0,0,0,0,48.68881118881119,1.615798922800718,98.38420107719928,25.364963503649633,24.45255474452555,27.189781021897808,8.211678832116789,8.211678832116789,5.839416058394161,0.0,0.7299270072992701,0.0,0.0,0.0,0.0,0.0,0.0,0.0,0.0,0.0,0.0,0.0,0.0,0.0,0.0
04510,04,510,1358,819,539,0,626,9,619,7,145,96,156,85,101,23,0,6,0,0,0,0,0,0,7,0,0,0,0,0,0,0,46.09720176730486,1.1182108626198082,98.8817891373802,23.424878836833603,15.508885298869144,25.20193861066236,13.731825525040387,16.31663974151858,3.715670436187399,0.0,0.9693053311793215,0.0,0.0,0.0,0.0,0.0,0.0,1.1308562197092082,0.0,0.0,0.0,0.0,0.0,0.0,0.0
04511,04,511,1191,711,480,0,461,5,455,6,94,72,155,46,61,24,0,3,0,0,0,0,0,0,0,0,0,0,0,0,0,0,38.70696893366918,1.3015184381778742,98.69848156182212,20.659340659340657,15.824175824175823,34.065934065934066,10.10989010989011,13.406593406593407,5.274725274725275,0.0,0.6593406593406593,0.0,0.0,0.0,0.0,0.0,0.0,0.0,0.0,0.0,0.0,0.0,0.0,0.0,0.0
04512,04,512,1181,760,421,0,553,8,547,6,127,80,134,72,84,36,0,12,0,0,0,0,0,0,2,0,0,0,0,0,0,0,46.824724809483484,1.0849909584086799,98.91500904159132,23.217550274223033,14.625228519195613,24.49725776965265,13.16270566727605,15.356489945155394,6.581352833638025,0.0,2.1937842778793417,0.0,0.0,0.0,0.0,0.0,0.0,0.3656307129798903,0.0,0.0,0.0,0.0,0.0,0.0,0.0
04513,04,513,876,519,357,0,377,0,374,3,82,68,102,53,40,23,0,4,0,0,0,0,0,0,2,0,0,0,0,0,0,0,43.0365296803653,0.7957559681697612,99.20424403183023,21.92513368983957,18.181818181818183,27.27272727272727,14.171122994652407,10.695187165775401,6.149732620320856,0.0,1.06951871657754,0.0,0.0,0.0,0.0,0.0,0.0,0.53475935828877,0.0,0.0,0.0,0.0,0.0,0.0,0.0
04514,04,514,901,479,422,0,377,13,375,2,106,70,109,31,32,18,0,4,0,0,0,0,0,0,5,0,0,0,0,0,0,0,41.84239733629301,0.5305039787798408,99.46949602122017,28.26666666666667,18.666666666666668,29.06666666666667,8.266666666666666,8.533333333333333,4.8,0.0,1.0666666666666667,0.0,0.0,0.0,0.0,0.0,0.0,1.3333333333333335,0.0,0.0,0.0,0.0,0.0,0.0,0.0
04515,04,515,856,503,353,0,371,4,368,3,79,83,97,37,43,17,0,8,0,0,0,0,0,0,4,0,0,0,0,0,0,0,43.3411214953271,0.8086253369272237,99.19137466307278,21.467391304347828,22.554347826086957,26.358695652173914,10.054347826086957,11.684782608695652,4.619565217391304,0.0,2.1739130434782608,0.0,0.0,0.0,0.0,0.0,0.0,1.0869565217391304,0.0,0.0,0.0,0.0,0.0,0.0,0.0
04516,04,516,973,577,396,0,466,7,464,2,128,96,114,45,52,25,0,2,0,0,0,0,0,0,2,0,0,0,0,0,0,0,47.89311408016444,0.4291845493562232,99.57081545064378,27.586206896551722,20.689655172413794,24.568965517241377,9.698275862068966,11.206896551724139,5.387931034482758,0.0,0.43103448275862066,0.0,0.0,0.0,0.0,0.0,0.0,0.43103448275862066,0.0,0.0,0.0,0.0,0.0,0.0,0.0
04517,04,517,1316,862,454,0,645,7,637,8,147,109,147,97,94,30,0,10,0,0,0,0,0,0,3,0,0,0,0,0,0,0,49.01215805471125,1.2403100775193798,98.75968992248062,23.076923076923077,17.111459968602826,23.076923076923077,15.2276295133438,14.756671899529042,4.709576138147567,0.0,1.5698587127158554,0.0,0.0,0.0,0.0,0.0,0.0,0.47095761381475665,0.0,0.0,0.0,0.0,0.0,0.0,0.0
04518,04,518,952,536,416,0,377,7,374,3,78,60,85,66,56,18,0,8,0,0,0,0,0,0,3,0,0,0,0,0,0,0,39.60084033613445,0.7957559681697612,99.20424403183023,20.855614973262032,16.0427807486631,22.727272727272727,17.647058823529413,14.973262032085561,4.81283422459893,0.0,2.13903743315508,0.0,0.0,0.0,0.0,0.0,0.0,0.8021390374331552,0.0,0.0,0.0,0.0,0.0,0.0,0.0
04519,04,519,1195,747,448,0,541,10,535,6,109,91,134,65,97,22,0,14,0,0,0,0,0,0,3,0,0,0,0,0,0,0,45.27196652719665,1.1090573012939002,98.8909426987061,20.373831775700936,17.009345794392523,25.04672897196262,12.149532710280374,18.13084112149533,4.112149532710281,0.0,2.6168224299065423,0.0,0.0,0.0,0.0,0.0,0.0,0.5607476635514018,0.0,0.0,0.0,0.0,0.0,0.0,0.0
04520,04,520,1266,770,496,0,623,18,616,7,151,99,176,52,96,31,0,10,0,0,0,0,0,0,1,0,0,0,0,0,0,0,49.21011058451817,1.1235955056179776,98.87640449438202,24.512987012987015,16.071428571428573,28.57142857142857,8.441558441558442,15.584415584415584,5.032467532467533,0.0,1.6233766233766231,0.0,0.0,0.0,0.0,0.0,0.0,0.16233766233766234,0.0,0.0,0.0,0.0,0.0,0.0,0.0
04521,04,521,974,626,348,0,452,9,448,4,100,43,186,30,46,36,0,7,0,0,0,0,0,0,0,0,0,0,0,0,0,0,46.40657084188911,0.8849557522123894,99.11504424778761,22.321428571428573,9.598214285714286,41.517857142857146,6.696428571428571,10.267857142857142,8.035714285714286,0.0,1.5625,0.0,0.0,0.0,0.0,0.0,0.0,0.0,0.0,0.0,0.0,0.0,0.0,0.0,0.0
04522,04,522,1124,706,418,0,565,0,561,4,82,59,244,18,84,68,0,4,0,0,0,0,0,0,2,0,0,0,0,0,0,0,50.26690391459074,0.7079646017699115,99.29203539823008,14.616755793226382,10.51693404634581,43.49376114081996,3.2085561497326207,14.973262032085561,12.121212121212121,0.0,0.7130124777183601,0.0,0.0,0.0,0.0,0.0,0.0,0.35650623885918004,0.0,0.0,0.0,0.0,0.0,0.0,0.0
04523,04,523,1094,676,418,0,561,7,552,9,137,94,197,38,47,33,0,4,0,0,0,0,0,0,2,0,0,0,0,0,0,0,51.27970749542962,1.6042780748663104,98.3957219251337,24.818840579710145,17.02898550724638,35.688405797101446,6.884057971014493,8.51449275362319,5.978260869565218,0.0,0.7246376811594203,0.0,0.0,0.0,0.0,0.0,0.0,0.36231884057971014,0.0,0.0,0.0,0.0,0.0,0.0,0.0
04524,04,524,1175,563,612,0,424,5,420,4,58,46,207,15,52,40,0,2,0,0,0,0,0,0,0,0,0,0,0,0,0,0,36.08510638297872,0.9433962264150944,99.05660377358491,13.80952380952381,10.952380952380953,49.28571428571429,3.571428571428571,12.380952380952381,9.523809523809524,0.0,0.4761904761904762,0.0,0.0,0.0,0.0,0.0,0.0,0.0,0.0,0.0,0.0,0.0,0.0,0.0,0.0
04525,04,525,1213,642,571,0,504,9,501,3,93,83,202,38,41,39,0,4,0,0,0,0,0,0,1,0,0,0,0,0,0,0,41.54987633965375,0.5952380952380952,99.40476190476191,18.562874251497004,16.56686626746507,40.31936127744511,7.584830339321358,8.183632734530939,7.784431137724551,0.0,0.7984031936127743,0.0,0.0,0.0,0.0,0.0,0.0,0.19960079840319359,0.0,0.0,0.0,0.0,0.0,0.0,0.0
04526,04,526,1027,626,401,0,415,5,410,5,93,65,114,30,63,35,0,6,0,0,0,0,0,0,4,0,0,0,0,0,0,0,40.40895813047712,1.2048192771084338,98.79518072289156,22.682926829268293,15.853658536585366,27.80487804878049,7.317073170731707,15.365853658536585,8.536585365853659,0.0,1.4634146341463417,0.0,0.0,0.0,0.0,0.0,0.0,0.975609756097561,0.0,0.0,0.0,0.0,0.0,0.0,0.0
04527,04,527,1087,585,502,0,425,6,422,3,94,99,105,45,46,25,0,6,0,0,0,0,0,0,2,0,0,0,0,0,0,0,39.0984360625575,0.7058823529411765,99.29411764705883,22.274881516587676,23.459715639810426,24.881516587677723,10.66350710900474,10.90047393364929,5.924170616113744,0.0,1.4218009478672986,0.0,0.0,0.0,0.0,0.0,0.0,0.47393364928909953,0.0,0.0,0.0,0.0,0.0,0.0,0.0
04528,04,528,803,484,319,0,376,8,371,5,87,99,104,23,36,19,0,2,0,0,0,0,0,0,1,0,0,0,0,0,0,0,46.82440846824408,1.3297872340425532,98.67021276595744,23.450134770889488,26.68463611859838,28.03234501347709,6.199460916442049,9.703504043126685,5.121293800539084,0.0,0.5390835579514826,0.0,0.0,0.0,0.0,0.0,0.0,0.2695417789757413,0.0,0.0,0.0,0.0,0.0,0.0,0.0
045A,04,5A,0,0,0,0,700,700,696,4,159,182,207,60,45,30,0,10,0,0,0,0,0,0,3,0,0,0,0,0,0,0,inf,0.5714285714285714,99.42857142857143,22.844827586206897,26.14942528735632,29.74137931034483,8.620689655172415,6.4655172413793105,4.310344827586207,0.0,1.4367816091954022,0.0,0.0,0.0,0.0,0.0,0.0,0.43103448275862066,0.0,0.0,0.0,0.0,0.0,0.0,0.0
045B,04,5B,0,0,0,0,843,843,840,3,201,202,261,88,44,31,0,9,0,0,0,0,0,0,4,0,0,0,0,0,0,0,inf,0.3558718861209964,99.644128113879,23.92857142857143,24.047619047619047,31.071428571428573,10.476190476190476,5.238095238095238,3.6904761904761907,0.0,1.0714285714285714,0.0,0.0,0.0,0.0,0.0,0.0,0.4761904761904762,0.0,0.0,0.0,0.0,0.0,0.0,0.0
045C,04,5C,0,0,0,0,772,772,767,5,183,132,261,58,65,48,0,16,0,0,0,0,0,0,4,0,0,0,0,0,0,0,inf,0.6476683937823834,99.35233160621762,23.859191655801826,17.209908735332462,34.02868318122555,7.561929595827902,8.47457627118644,6.258148631029988,0.0,2.0860495436766624,0.0,0.0,0.0,0.0,0.0,0.0,0.5215123859191656,0.0,0.0,0.0,0.0,0.0,0.0,0.0
045D,04,5D,0,0,0,0,808,808,800,8,197,162,233,79,65,47,0,15,0,0,0,0,0,0,2,0,0,0,0,0,0,0,inf,0.9900990099009901,99.00990099009901,24.625,20.25,29.125,9.875,8.125,5.875,0.0,1.875,0.0,0.0,0.0,0.0,0.0,0.0,0.25,0.0,0.0,0.0,0.0,0.0,0.0,0.0
045E,04,5E,0,0,0,0,681,681,679,2,165,175,221,51,29,30,0,8,0,0,0,0,0,0,0,0,0,0,0,0,0,0,inf,0.2936857562408223,99.70631424375918,24.30044182621502,25.773195876288657,32.54786450662739,7.511045655375552,4.270986745213549,4.418262150220913,0.0,1.1782032400589102,0.0,0.0,0.0,0.0,0.0,0.0,0.0,0.0,0.0,0.0,0.0,0.0,0.0,0.0
045F,04,5F,0,0,0,0,507,507,506,1,128,124,143,54,23,23,0,9,0,0,0,0,0,0,2,0,0,0,0,0,0,0,inf,0.19723865877712032,99.80276134122288,25.296442687747035,24.50592885375494,28.26086956521739,10.67193675889328,4.545454545454546,4.545454545454546,0.0,1.7786561264822136,0.0,0.0,0.0,0.0,0.0,0.0,0.3952569169960474,0.0,0.0,0.0,0.0,0.0,0.0,0.0
045G,04,5G,0,0,0,0,930,930,922,8,225,213,259,104,70,35,0,14,0,0,0,0,0,0,2,0,0,0,0,0,0,0,inf,0.8602150537634409,99.13978494623656,24.40347071583514,23.10195227765727,28.091106290672453,11.279826464208242,7.592190889370933,3.7960954446854664,0.0,1.5184381778741864,0.0,0.0,0.0,0.0,0.0,0.0,0.21691973969631237,0.0,0.0,0.0,0.0,0.0,0.0,0.0
045H,04,5H,0,0,0,0,722,722,718,4,158,165,243,56,41,42,0,13,0,0,0,0,0,0,0,0,0,0,0,0,0,0,inf,0.554016620498615,99.44598337950139,22.00557103064067,22.98050139275766,33.844011142061284,7.7994428969359335,5.710306406685237,5.8495821727019495,0.0,1.8105849582172702,0.0,0.0,0.0,0.0,0.0,0.0,0.0,0.0,0.0,0.0,0.0,0.0,0.0,0.0
045I,04,5I,0,0,0,0,796,796,789,7,191,126,263,74,78,35,0,16,0,0,0,0,0,0,6,0,0,0,0,0,0,0,inf,0.8793969849246231,99.12060301507537,24.20785804816223,15.96958174904943,33.33333333333333,9.37896070975919,9.885931558935361,4.435994930291509,0.0,2.027883396704689,0.0,0.0,0.0,0.0,0.0,0.0,0.7604562737642585,0.0,0.0,0.0,0.0,0.0,0.0,0.0
045J,04,5J,0,0,0,0,828,828,824,4,190,142,328,58,60,36,0,8,0,0,0,0,0,0,2,0,0,0,0,0,0,0,inf,0.4830917874396135,99.51690821256038,23.058252427184467,17.233009708737864,39.80582524271845,7.038834951456311,7.281553398058252,4.368932038834951,0.0,0.9708737864077669,0.0,0.0,0.0,0.0,0.0,0.0,0.24271844660194172,0.0,0.0,0.0,0.0,0.0,0.0,0.0
045K,04,5K,0,0,0,0,657,657,650,7,156,109,274,30,36,38,0,4,0,0,0,0,0,0,3,0,0,0,0,0,0,0,inf,1.06544901065449,98.93455098934551,24.0,16.76923076923077,42.15384615384615,4.615384615384616,5.538461538461538,5.846153846153846,0.0,0.6153846153846154,0.0,0.0,0.0,0.0,0.0,0.0,0.46153846153846156,0.0,0.0,0.0,0.0,0.0,0.0,0.0
045L,04,5L,0,0,0,0,776,776,769,7,126,113,398,15,41,69,0,7,0,0,0,0,0,0,0,0,0,0,0,0,0,0,inf,0.902061855670103,99.0979381443299,16.38491547464239,14.694408322496749,51.7555266579974,1.950585175552666,5.331599479843954,8.972691807542263,0.0,0.9102730819245773,0.0,0.0,0.0,0.0,0.0,0.0,0.0,0.0,0.0,0.0,0.0,0.0,0.0,0.0
045M,04,5M,0,0,0,0,1004,1004,1000,4,128,125,564,35,50,91,0,6,0,0,0,0,0,0,1,0,0,0,0,0,0,0,inf,0.398406374501992,99.60159362549801,12.8,12.5,56.39999999999999,3.5000000000000004,5.0,9.1,0.0,0.6,0.0,0.0,0.0,0.0,0.0,0.0,0.1,0.0,0.0,0.0,0.0,0.0,0.0,0.0
045N,04,5N,0,0,0,0,911,911,910,1,138,118,447,25,94,69,0,18,0,0,0,0,0,0,1,0,0,0,0,0,0,0,inf,0.10976948408342481,99.89023051591658,15.164835164835164,12.967032967032969,49.12087912087912,2.7472527472527473,10.329670329670328,7.582417582417582,0.0,1.9780219780219779,0.0,0.0,0.0,0.0,0.0,0.0,0.10989010989010989,0.0,0.0,0.0,0.0,0.0,0.0,0.0
04601,04,601,1073,665,408,0,535,11,529,6,129,125,135,65,49,17,0,8,0,0,0,0,0,0,1,0,0,0,0,0,0,0,49.86020503261883,1.1214953271028036,98.8785046728972,24.38563327032136,23.629489603024574,25.51984877126654,12.287334593572778,9.262759924385634,3.213610586011342,0.0,1.5122873345935728,0.0,0.0,0.0,0.0,0.0,0.0,0.1890359168241966,0.0,0.0,0.0,0.0,0.0,0.0,0.0
04602,04,602,1081,666,415,0,528,9,525,3,98,140,137,57,51,33,0,6,0,0,0,0,0,0,3,0,0,0,0,0,0,0,48.84366327474561,0.5681818181818182,99.43181818181817,18.666666666666668,26.666666666666668,26.095238095238095,10.857142857142858,9.714285714285714,6.2857142857142865,0.0,1.1428571428571428,0.0,0.0,0.0,0.0,0.0,0.0,0.5714285714285714,0.0,0.0,0.0,0.0,0.0,0.0,0.0
04603,04,603,1184,782,402,0,514,12,506,8,128,114,124,61,51,22,0,5,0,0,0,0,0,0,1,0,0,0,0,0,0,0,43.41216216216216,1.556420233463035,98.44357976653697,25.296442687747035,22.529644268774703,24.50592885375494,12.055335968379447,10.079051383399209,4.3478260869565215,0.0,0.9881422924901186,0.0,0.0,0.0,0.0,0.0,0.0,0.1976284584980237,0.0,0.0,0.0,0.0,0.0,0.0,0.0
04604,04,604,983,641,342,0,448,6,440,8,94,89,97,64,61,27,0,8,0,0,0,0,0,0,0,0,0,0,0,0,0,0,45.574771108850456,1.7857142857142856,98.21428571428571,21.363636363636363,20.227272727272727,22.045454545454547,14.545454545454545,13.863636363636363,6.136363636363637,0.0,1.8181818181818181,0.0,0.0,0.0,0.0,0.0,0.0,0.0,0.0,0.0,0.0,0.0,0.0,0.0,0.0
04605,04,605,1041,630,411,0,497,13,492,5,108,136,90,76,59,19,0,4,0,0,0,0,0,0,0,0,0,0,0,0,0,0,47.74255523535062,1.0060362173038229,98.99396378269618,21.951219512195124,27.64227642276423,18.29268292682927,15.447154471544716,11.991869918699187,3.861788617886179,0.0,0.8130081300813009,0.0,0.0,0.0,0.0,0.0,0.0,0.0,0.0,0.0,0.0,0.0,0.0,0.0,0.0
04606,04,606,1299,829,470,0,636,14,628,8,140,156,150,74,71,27,0,8,0,0,0,0,0,0,2,0,0,0,0,0,0,0,48.96073903002309,1.257861635220126,98.74213836477988,22.29299363057325,24.840764331210192,23.88535031847134,11.78343949044586,11.305732484076433,4.2993630573248405,0.0,1.2738853503184715,0.0,0.0,0.0,0.0,0.0,0.0,0.3184713375796179,0.0,0.0,0.0,0.0,0.0,0.0,0.0
04607,04,607,1088,644,444,0,497,0,495,2,125,130,111,61,36,21,0,8,0,0,0,0,0,0,3,0,0,0,0,0,0,0,45.68014705882353,0.4024144869215292,99.59758551307847,25.252525252525253,26.262626262626267,22.424242424242426,12.323232323232324,7.2727272727272725,4.242424242424243,0.0,1.6161616161616161,0.0,0.0,0.0,0.0,0.0,0.0,0.6060606060606061,0.0,0.0,0.0,0.0,0.0,0.0,0.0
04608,04,608,1234,730,504,0,513,10,510,3,105,124,125,62,56,27,0,8,0,0,0,0,0,0,3,0,0,0,0,0,0,0,41.572123176661265,0.5847953216374269,99.41520467836257,20.588235294117645,24.313725490196077,24.509803921568626,12.156862745098039,10.980392156862745,5.294117647058823,0.0,1.5686274509803921,0.0,0.0,0.0,0.0,0.0,0.0,0.5882352941176471,0.0,0.0,0.0,0.0,0.0,0.0,0.0
04609,04,609,1111,660,451,0,502,16,497,5,111,93,129,50,77,25,0,9,0,0,0,0,0,0,3,0,0,0,0,0,0,0,45.184518451845186,0.9960159362549801,99.00398406374502,22.334004024144868,18.712273641851105,25.95573440643863,10.06036217303823,15.492957746478872,5.030181086519115,0.0,1.8108651911468814,0.0,0.0,0.0,0.0,0.0,0.0,0.6036217303822937,0.0,0.0,0.0,0.0,0.0,0.0,0.0
04610,04,610,1133,625,508,0,510,11,507,3,130,151,108,52,46,14,0,4,0,0,0,0,0,0,2,0,0,0,0,0,0,0,45.01323918799647,0.5882352941176471,99.41176470588235,25.64102564102564,29.78303747534517,21.301775147928996,10.256410256410255,9.072978303747535,2.7613412228796843,0.0,0.7889546351084813,0.0,0.0,0.0,0.0,0.0,0.0,0.39447731755424065,0.0,0.0,0.0,0.0,0.0,0.0,0.0
04611,04,611,1035,609,426,0,518,0,512,6,129,136,126,50,50,15,0,4,0,0,0,0,0,0,2,0,0,0,0,0,0,0,50.04830917874396,1.1583011583011582,98.84169884169884,25.1953125,26.5625,24.609375,9.765625,9.765625,2.9296875,0.0,0.78125,0.0,0.0,0.0,0.0,0.0,0.0,0.390625,0.0,0.0,0.0,0.0,0.0,0.0,0.0
04612,04,612,1324,768,556,0,577,7,572,5,125,131,131,66,75,32,0,7,0,0,0,0,0,0,5,0,0,0,0,0,0,0,43.58006042296073,0.8665511265164645,99.13344887348353,21.853146853146853,22.9020979020979,22.9020979020979,11.538461538461538,13.111888111888112,5.594405594405594,0.0,1.2237762237762237,0.0,0.0,0.0,0.0,0.0,0.0,0.8741258741258742,0.0,0.0,0.0,0.0,0.0,0.0,0.0
04613,04,613,1284,681,603,0,521,0,517,4,150,144,105,62,37,14,0,3,0,0,0,0,0,0,2,0,0,0,0,0,0,0,40.57632398753894,0.7677543186180422,99.23224568138195,29.013539651837522,27.852998065764023,20.309477756286267,11.992263056092844,7.156673114119923,2.7079303675048356,0.0,0.5802707930367506,0.0,0.0,0.0,0.0,0.0,0.0,0.3868471953578337,0.0,0.0,0.0,0.0,0.0,0.0,0.0
04614,04,614,1118,613,505,0,437,7,434,3,73,121,102,51,54,26,0,6,0,0,0,0,0,0,1,0,0,0,0,0,0,0,39.087656529517,0.6864988558352403,99.31350114416476,16.82027649769585,27.880184331797235,23.502304147465438,11.751152073732719,12.442396313364055,5.990783410138248,0.0,1.3824884792626728,0.0,0.0,0.0,0.0,0.0,0.0,0.2304147465437788,0.0,0.0,0.0,0.0,0.0,0.0,0.0
04615,04,615,1136,660,476,0,506,7,499,7,124,125,106,67,49,20,0,4,0,0,0,0,0,0,4,0,0,0,0,0,0,0,44.54225352112676,1.383399209486166,98.61660079051383,24.849699398797593,25.0501002004008,21.24248496993988,13.426853707414828,9.819639278557114,4.008016032064128,0.0,0.8016032064128256,0.0,0.0,0.0,0.0,0.0,0.0,0.8016032064128256,0.0,0.0,0.0,0.0,0.0,0.0,0.0
04616,04,616,1067,607,460,0,515,15,509,6,112,193,74,75,36,8,0,8,0,0,0,0,0,0,3,0,0,0,0,0,0,0,48.26616682286786,1.1650485436893203,98.83495145631068,22.00392927308448,37.91748526522593,14.538310412573674,14.734774066797643,7.072691552062868,1.5717092337917484,0.0,1.5717092337917484,0.0,0.0,0.0,0.0,0.0,0.0,0.5893909626719057,0.0,0.0,0.0,0.0,0.0,0.0,0.0
04617,04,617,1378,833,545,0,643,22,635,8,158,170,124,100,46,26,0,9,0,0,0,0,0,0,2,0,0,0,0,0,0,0,46.66182873730044,1.244167962674961,98.75583203732504,24.881889763779526,26.77165354330709,19.52755905511811,15.748031496062993,7.244094488188976,4.094488188976378,0.0,1.4173228346456692,0.0,0.0,0.0,0.0,0.0,0.0,0.31496062992125984,0.0,0.0,0.0,0.0,0.0,0.0,0.0
04618,04,618,1162,674,488,0,510,14,505,5,119,166,106,49,44,15,0,5,0,0,0,0,0,0,1,0,0,0,0,0,0,0,43.88984509466437,0.9803921568627451,99.01960784313727,23.564356435643564,32.87128712871287,20.99009900990099,9.702970297029703,8.712871287128712,2.9702970297029703,0.0,0.9900990099009901,0.0,0.0,0.0,0.0,0.0,0.0,0.19801980198019803,0.0,0.0,0.0,0.0,0.0,0.0,0.0
04619,04,619,1064,696,368,0,555,9,546,9,120,170,106,69,54,22,0,5,0,0,0,0,0,0,0,0,0,0,0,0,0,0,52.161654135338345,1.6216216216216217,98.37837837837839,21.978021978021978,31.135531135531135,19.413919413919416,12.637362637362637,9.89010989010989,4.029304029304029,0.0,0.9157509157509158,0.0,0.0,0.0,0.0,0.0,0.0,0.0,0.0,0.0,0.0,0.0,0.0,0.0,0.0
04620,04,620,1198,652,546,0,504,16,499,5,115,109,113,73,48,33,0,7,0,0,0,0,0,0,1,0,0,0,0,0,0,0,42.07011686143572,0.992063492063492,99.0079365079365,23.04609218436874,21.8436873747495,22.645290581162325,14.629258517034069,9.619238476953909,6.613226452905812,0.0,1.402805611222445,0.0,0.0,0.0,0.0,0.0,0.0,0.2004008016032064,0.0,0.0,0.0,0.0,0.0,0.0,0.0
04621,04,621,1265,789,476,0,629,0,625,4,150,165,121,85,63,24,0,14,0,0,0,0,0,0,3,0,0,0,0,0,0,0,49.723320158102766,0.6359300476947536,99.36406995230524,24.0,26.400000000000002,19.36,13.600000000000001,10.08,3.84,0.0,2.2399999999999998,0.0,0.0,0.0,0.0,0.0,0.0,0.48,0.0,0.0,0.0,0.0,0.0,0.0,0.0
04622,04,622,1306,768,538,0,617,16,614,3,162,174,124,79,41,19,0,11,0,0,0,0,0,0,4,0,0,0,0,0,0,0,47.24349157733537,0.48622366288492713,99.51377633711506,26.384364820846905,28.338762214983714,20.195439739413683,12.866449511400651,6.677524429967427,3.0944625407166124,0.0,1.7915309446254073,0.0,0.0,0.0,0.0,0.0,0.0,0.6514657980456027,0.0,0.0,0.0,0.0,0.0,0.0,0.0
04623,04,623,1223,774,449,0,592,0,587,5,150,134,145,59,65,19,0,12,0,0,0,0,0,0,3,0,0,0,0,0,0,0,48.40556009811937,0.8445945945945946,99.1554054054054,25.55366269165247,22.82793867120954,24.701873935264054,10.051107325383304,11.073253833049405,3.2367972742759794,0.0,2.0442930153321974,0.0,0.0,0.0,0.0,0.0,0.0,0.5110732538330494,0.0,0.0,0.0,0.0,0.0,0.0,0.0
04624,04,624,1228,794,434,0,679,0,672,7,194,175,130,87,56,15,0,12,0,0,0,0,0,0,3,0,0,0,0,0,0,0,55.29315960912052,1.0309278350515463,98.96907216494846,28.869047619047617,26.041666666666668,19.345238095238095,12.946428571428573,8.333333333333332,2.232142857142857,0.0,1.7857142857142856,0.0,0.0,0.0,0.0,0.0,0.0,0.4464285714285714,0.0,0.0,0.0,0.0,0.0,0.0,0.0
04625,04,625,1201,759,442,0,623,9,613,10,133,194,116,85,52,19,0,10,0,0,0,0,0,0,4,0,0,0,0,0,0,0,51.873438800999175,1.6051364365971106,98.3948635634029,21.69657422512235,31.64763458401305,18.92332789559543,13.866231647634583,8.482871125611746,3.0995106035889073,0.0,1.631321370309951,0.0,0.0,0.0,0.0,0.0,0.0,0.6525285481239804,0.0,0.0,0.0,0.0,0.0,0.0,0.0
04626,04,626,1149,792,357,0,619,20,618,1,138,175,107,111,57,16,0,10,0,0,0,0,0,0,4,0,0,0,0,0,0,0,53.87293298520453,0.16155088852988692,99.83844911147011,22.330097087378643,28.317152103559874,17.313915857605178,17.96116504854369,9.223300970873787,2.5889967637540456,0.0,1.6181229773462782,0.0,0.0,0.0,0.0,0.0,0.0,0.6472491909385114,0.0,0.0,0.0,0.0,0.0,0.0,0.0
04627,04,627,916,569,347,0,379,8,375,4,95,50,78,56,64,20,0,7,0,0,0,0,0,0,5,0,0,0,0,0,0,0,41.375545851528386,1.0554089709762533,98.94459102902374,25.333333333333336,13.333333333333334,20.8,14.933333333333335,17.066666666666666,5.333333333333334,0.0,1.866666666666667,0.0,0.0,0.0,0.0,0.0,0.0,1.3333333333333335,0.0,0.0,0.0,0.0,0.0,0.0,0.0
046A,04,6A,0,0,0,0,747,747,740,7,166,258,152,90,38,20,0,15,0,0,0,0,0,0,1,0,0,0,0,0,0,0,inf,0.9370816599732262,99.06291834002677,22.432432432432435,34.86486486486486,20.54054054054054,12.162162162162163,5.135135135135135,2.7027027027027026,0.0,2.027027027027027,0.0,0.0,0.0,0.0,0.0,0.0,0.13513513513513514,0.0,0.0,0.0,0.0,0.0,0.0,0.0
046B,04,6B,0,0,0,0,797,797,794,3,197,275,158,87,27,26,0,18,0,0,0,0,0,0,6,0,0,0,0,0,0,0,inf,0.37641154328732745,99.62358845671268,24.811083123425693,34.63476070528967,19.899244332493705,10.957178841309824,3.400503778337532,3.27455919395466,0.0,2.2670025188916876,0.0,0.0,0.0,0.0,0.0,0.0,0.7556675062972292,0.0,0.0,0.0,0.0,0.0,0.0,0.0
046C,04,6C,0,0,0,0,800,800,794,6,209,220,190,95,49,21,0,6,0,0,0,0,0,0,4,0,0,0,0,0,0,0,inf,0.75,99.25,26.322418136020154,27.70780856423174,23.929471032745592,11.964735516372796,6.171284634760705,2.644836272040302,0.0,0.7556675062972292,0.0,0.0,0.0,0.0,0.0,0.0,0.5037783375314862,0.0,0.0,0.0,0.0,0.0,0.0,0.0
046D,04,6D,0,0,0,0,1046,1046,1039,7,282,285,278,101,47,33,0,13,0,0,0,0,0,0,0,0,0,0,0,0,0,0,inf,0.6692160611854685,99.33078393881452,27.14148219441771,27.43022136669875,26.756496631376326,9.720885466794996,4.523580365736285,3.1761308950914344,0.0,1.2512030798845042,0.0,0.0,0.0,0.0,0.0,0.0,0.0,0.0,0.0,0.0,0.0,0.0,0.0,0.0
046E,04,6E,0,0,0,0,898,898,891,7,215,235,228,99,57,34,0,18,0,0,0,0,0,0,5,0,0,0,0,0,0,0,inf,0.779510022271715,99.22048997772829,24.130190796857466,26.374859708193043,25.589225589225588,11.11111111111111,6.397306397306397,3.8159371492704826,0.0,2.0202020202020203,0.0,0.0,0.0,0.0,0.0,0.0,0.5611672278338945,0.0,0.0,0.0,0.0,0.0,0.0,0.0
046F,04,6F,0,0,0,0,819,819,817,2,179,264,190,99,41,22,0,19,0,0,0,0,0,0,3,0,0,0,0,0,0,0,inf,0.2442002442002442,99.75579975579976,21.909424724602204,32.313341493268055,23.25581395348837,12.11750305997552,5.018359853121175,2.692778457772338,0.0,2.3255813953488373,0.0,0.0,0.0,0.0,0.0,0.0,0.36719706242350064,0.0,0.0,0.0,0.0,0.0,0.0,0.0
046G,04,6G,0,0,0,0,913,913,908,5,190,225,291,89,54,42,0,13,0,0,0,0,0,0,4,0,0,0,0,0,0,0,inf,0.547645125958379,99.45235487404163,20.92511013215859,24.779735682819386,32.048458149779734,9.801762114537445,5.947136563876652,4.6255506607929515,0.0,1.4317180616740088,0.0,0.0,0.0,0.0,0.0,0.0,0.4405286343612335,0.0,0.0,0.0,0.0,0.0,0.0,0.0
046H,04,6H,0,0,0,0,868,868,866,2,222,242,224,89,40,34,0,11,0,0,0,0,0,0,4,0,0,0,0,0,0,0,inf,0.2304147465437788,99.76958525345621,25.635103926096996,27.9445727482679,25.86605080831409,10.277136258660507,4.618937644341801,3.9260969976905313,0.0,1.2702078521939952,0.0,0.0,0.0,0.0,0.0,0.0,0.4618937644341801,0.0,0.0,0.0,0.0,0.0,0.0,0.0
046I,04,6I,0,0,0,0,864,864,859,5,244,240,220,80,31,30,0,10,0,0,0,0,0,0,4,0,0,0,0,0,0,0,inf,0.5787037037037037,99.42129629629629,28.405122235157158,27.939464493597203,25.611175785797442,9.31315483119907,3.608847497089639,3.4924330616996504,0.0,1.1641443538998837,0.0,0.0,0.0,0.0,0.0,0.0,0.46565774155995343,0.0,0.0,0.0,0.0,0.0,0.0,0.0
046J,04,6J,0,0,0,0,944,944,942,2,200,300,262,80,40,41,0,15,0,0,0,0,0,0,4,0,0,0,0,0,0,0,inf,0.211864406779661,99.78813559322035,21.231422505307858,31.84713375796178,27.81316348195329,8.492569002123142,4.246284501061571,4.35244161358811,0.0,1.5923566878980893,0.0,0.0,0.0,0.0,0.0,0.0,0.42462845010615713,0.0,0.0,0.0,0.0,0.0,0.0,0.0
046K,04,6K,0,0,0,0,757,757,755,2,178,184,247,58,31,45,0,10,0,0,0,0,0,0,2,0,0,0,0,0,0,0,inf,0.26420079260237783,99.73579920739762,23.576158940397352,24.370860927152318,32.71523178807947,7.682119205298013,4.105960264900662,5.960264900662252,0.0,1.3245033112582782,0.0,0.0,0.0,0.0,0.0,0.0,0.26490066225165565,0.0,0.0,0.0,0.0,0.0,0.0,0.0
046L,04,6L,0,0,0,0,764,764,757,7,188,209,209,65,29,46,0,9,0,0,0,0,0,0,2,0,0,0,0,0,0,0,inf,0.9162303664921465,99.08376963350786,24.834874504623514,27.60898282694848,27.60898282694848,8.58652575957728,3.830911492734478,6.07661822985469,0.0,1.1889035667107,0.0,0.0,0.0,0.0,0.0,0.0,0.26420079260237783,0.0,0.0,0.0,0.0,0.0,0.0,0.0
046M,04,6M,0,0,0,0,695,695,691,4,172,170,186,68,46,31,0,15,0,0,0,0,0,0,3,0,0,0,0,0,0,0,inf,0.5755395683453237,99.42446043165467,24.891461649782922,24.60202604920405,26.91751085383502,9.84081041968162,6.657018813314037,4.486251808972503,0.0,2.170767004341534,0.0,0.0,0.0,0.0,0.0,0.0,0.43415340086830684,0.0,0.0,0.0,0.0,0.0,0.0,0.0
046N,04,6N,0,0,0,0,430,430,428,2,104,112,118,37,27,19,0,11,0,0,0,0,0,0,0,0,0,0,0,0,0,0,inf,0.46511627906976744,99.53488372093024,24.299065420560748,26.168224299065418,27.570093457943923,8.644859813084112,6.308411214953271,4.439252336448598,0.0,2.570093457943925,0.0,0.0,0.0,0.0,0.0,0.0,0.0,0.0,0.0,0.0,0.0,0.0,0.0,0.0
04701,04,701,1209,707,502,0,523,7,519,4,134,114,112,76,54,17,0,11,0,0,0,0,0,0,1,0,0,0,0,0,0,0,43.25889164598842,0.7648183556405354,99.23518164435946,25.818882466281313,21.965317919075144,21.57996146435453,14.64354527938343,10.404624277456648,3.275529865125241,0.0,2.119460500963391,0.0,0.0,0.0,0.0,0.0,0.0,0.1926782273603083,0.0,0.0,0.0,0.0,0.0,0.0,0.0
04702,04,702,1148,777,371,0,574,7,571,3,123,79,144,89,91,25,0,16,0,0,0,0,0,0,4,0,0,0,0,0,0,0,50.0,0.5226480836236934,99.4773519163763,21.541155866900176,13.835376532399298,25.21891418563923,15.586690017513135,15.936952714535902,4.378283712784588,0.0,2.8021015761821366,0.0,0.0,0.0,0.0,0.0,0.0,0.7005253940455342,0.0,0.0,0.0,0.0,0.0,0.0,0.0
04703,04,703,1221,776,445,0,587,8,583,4,127,154,89,115,61,20,0,15,0,0,0,0,0,0,2,0,0,0,0,0,0,0,48.075348075348074,0.6814310051107325,99.31856899488926,21.783876500857634,26.41509433962264,15.265866209262436,19.725557461406517,10.4631217838765,3.430531732418525,0.0,2.5728987993138936,0.0,0.0,0.0,0.0,0.0,0.0,0.34305317324185247,0.0,0.0,0.0,0.0,0.0,0.0,0.0
04704,04,704,1181,737,444,0,569,9,564,5,144,104,134,67,73,24,0,12,0,0,0,0,0,0,6,0,0,0,0,0,0,0,48.179508890770535,0.8787346221441126,99.12126537785588,25.53191489361702,18.439716312056735,23.75886524822695,11.879432624113475,12.943262411347517,4.25531914893617,0.0,2.127659574468085,0.0,0.0,0.0,0.0,0.0,0.0,1.0638297872340425,0.0,0.0,0.0,0.0,0.0,0.0,0.0
04705,04,705,1095,638,457,0,523,13,521,2,117,154,102,62,62,15,0,9,0,0,0,0,0,0,0,0,0,0,0,0,0,0,47.76255707762557,0.3824091778202677,99.61759082217974,22.456813819577732,29.558541266794624,19.577735124760075,11.900191938579654,11.900191938579654,2.8790786948176583,0.0,1.727447216890595,0.0,0.0,0.0,0.0,0.0,0.0,0.0,0.0,0.0,0.0,0.0,0.0,0.0,0.0
04706,04,706,1139,742,397,0,671,8,662,9,155,218,143,66,59,13,0,8,0,0,0,0,0,0,0,0,0,0,0,0,0,0,58.911325724319575,1.3412816691505216,98.65871833084948,23.413897280966765,32.93051359516616,21.6012084592145,9.969788519637463,8.91238670694864,1.9637462235649545,0.0,1.2084592145015105,0.0,0.0,0.0,0.0,0.0,0.0,0.0,0.0,0.0,0.0,0.0,0.0,0.0,0.0
04707,04,707,968,643,325,0,514,14,511,3,127,117,89,84,56,21,0,12,0,0,0,0,0,0,5,0,0,0,0,0,0,0,53.099173553719005,0.5836575875486382,99.41634241245137,24.853228962818,22.89628180039139,17.416829745596868,16.43835616438356,10.95890410958904,4.10958904109589,0.0,2.3483365949119372,0.0,0.0,0.0,0.0,0.0,0.0,0.9784735812133072,0.0,0.0,0.0,0.0,0.0,0.0,0.0
04708,04,708,1196,819,377,0,654,12,646,8,147,151,148,65,85,36,0,10,0,0,0,0,0,0,4,0,0,0,0,0,0,0,54.682274247491634,1.2232415902140672,98.77675840978594,22.755417956656345,23.374613003095977,22.910216718266255,10.061919504643962,13.157894736842104,5.572755417956656,0.0,1.5479876160990713,0.0,0.0,0.0,0.0,0.0,0.0,0.6191950464396285,0.0,0.0,0.0,0.0,0.0,0.0,0.0
04709,04,709,1201,844,357,0,617,6,611,6,143,70,199,71,85,30,0,8,0,0,0,0,0,0,5,0,0,0,0,0,0,0,51.37385512073273,0.9724473257698543,99.02755267423015,23.404255319148938,11.456628477905074,32.56955810147299,11.620294599018004,13.911620294599016,4.909983633387888,0.0,1.309328968903437,0.0,0.0,0.0,0.0,0.0,0.0,0.8183306055646482,0.0,0.0,0.0,0.0,0.0,0.0,0.0
04710,04,710,1276,761,515,0,664,22,657,7,162,195,159,51,62,14,0,14,0,0,0,0,0,0,0,0,0,0,0,0,0,0,52.03761755485894,1.0542168674698795,98.94578313253012,24.65753424657534,29.68036529680365,24.200913242009133,7.76255707762557,9.43683409436834,2.13089802130898,0.0,2.13089802130898,0.0,0.0,0.0,0.0,0.0,0.0,0.0,0.0,0.0,0.0,0.0,0.0,0.0,0.0
04711,04,711,1408,763,645,0,598,24,593,5,143,115,141,70,88,24,0,8,0,0,0,0,0,0,4,0,0,0,0,0,0,0,42.471590909090914,0.8361204013377926,99.1638795986622,24.11467116357504,19.392917369308602,23.77740303541315,11.804384485666104,14.839797639123104,4.0472175379426645,0.0,1.3490725126475547,0.0,0.0,0.0,0.0,0.0,0.0,0.6745362563237773,0.0,0.0,0.0,0.0,0.0,0.0,0.0
04712,04,712,1301,725,576,0,608,7,601,7,167,160,146,58,46,17,0,6,0,0,0,0,0,0,1,0,0,0,0,0,0,0,46.73328209069946,1.151315789473684,98.84868421052632,27.787021630615637,26.622296173044923,24.292845257903494,9.650582362728786,7.653910149750416,2.828618968386023,0.0,0.9983361064891847,0.0,0.0,0.0,0.0,0.0,0.0,0.16638935108153077,0.0,0.0,0.0,0.0,0.0,0.0,0.0
04713,04,713,1213,724,489,0,623,1,616,7,148,146,155,62,66,29,0,10,0,0,0,0,0,0,0,0,0,0,0,0,0,0,51.36026380873866,1.1235955056179776,98.87640449438202,24.025974025974026,23.7012987012987,25.162337662337663,10.064935064935066,10.714285714285714,4.707792207792208,0.0,1.6233766233766231,0.0,0.0,0.0,0.0,0.0,0.0,0.0,0.0,0.0,0.0,0.0,0.0,0.0,0.0
04714,04,714,1237,785,452,0,644,17,639,5,177,146,138,77,63,20,0,14,0,0,0,0,0,0,4,0,0,0,0,0,0,0,52.06143896523848,0.7763975155279503,99.22360248447205,27.699530516431924,22.848200312989047,21.5962441314554,12.050078247261347,9.859154929577464,3.1298904538341157,0.0,2.190923317683881,0.0,0.0,0.0,0.0,0.0,0.0,0.6259780907668232,0.0,0.0,0.0,0.0,0.0,0.0,0.0
04715,04,715,1241,788,453,0,587,10,582,5,133,96,183,49,92,19,0,8,0,0,0,0,0,0,2,0,0,0,0,0,0,0,47.300564061240934,0.8517887563884157,99.14821124361158,22.852233676975946,16.49484536082474,31.443298969072163,8.419243986254296,15.807560137457044,3.264604810996564,0.0,1.3745704467353952,0.0,0.0,0.0,0.0,0.0,0.0,0.3436426116838488,0.0,0.0,0.0,0.0,0.0,0.0,0.0
04716,04,716,1324,849,475,0,707,11,702,5,170,175,110,128,86,19,0,12,0,0,0,0,0,0,2,0,0,0,0,0,0,0,53.398791540785496,0.7072135785007072,99.29278642149929,24.216524216524217,24.92877492877493,15.669515669515668,18.233618233618234,12.250712250712251,2.7065527065527064,0.0,1.7094017094017095,0.0,0.0,0.0,0.0,0.0,0.0,0.2849002849002849,0.0,0.0,0.0,0.0,0.0,0.0,0.0
04717,04,717,1168,707,461,0,632,13,626,6,181,190,103,68,66,16,0,2,0,0,0,0,0,0,0,0,0,0,0,0,0,0,54.109589041095894,0.949367088607595,99.0506329113924,28.913738019169326,30.35143769968051,16.45367412140575,10.86261980830671,10.543130990415335,2.5559105431309903,0.0,0.3194888178913738,0.0,0.0,0.0,0.0,0.0,0.0,0.0,0.0,0.0,0.0,0.0,0.0,0.0,0.0
04718,04,718,1010,627,383,0,516,8,511,5,131,82,138,35,82,34,0,7,0,0,0,0,0,0,2,0,0,0,0,0,0,0,51.08910891089109,0.9689922480620154,99.03100775193798,25.63600782778865,16.046966731898237,27.00587084148728,6.8493150684931505,16.046966731898237,6.653620352250488,0.0,1.36986301369863,0.0,0.0,0.0,0.0,0.0,0.0,0.3913894324853229,0.0,0.0,0.0,0.0,0.0,0.0,0.0
04719,04,719,969,693,276,0,508,3,503,5,135,51,157,54,70,28,0,4,0,0,0,0,0,0,4,0,0,0,0,0,0,0,52.42518059855521,0.984251968503937,99.01574803149606,26.838966202783297,10.139165009940358,31.21272365805169,10.73558648111332,13.916500994035786,5.566600397614314,0.0,0.7952286282306162,0.0,0.0,0.0,0.0,0.0,0.0,0.7952286282306162,0.0,0.0,0.0,0.0,0.0,0.0,0.0
04720,04,720,1283,793,490,0,617,16,609,8,138,101,213,39,67,38,0,10,0,0,0,0,0,0,3,0,0,0,0,0,0,0,48.09041309431021,1.2965964343598055,98.70340356564019,22.660098522167488,16.58456486042693,34.97536945812808,6.403940886699508,11.001642036124796,6.239737274220033,0.0,1.6420361247947455,0.0,0.0,0.0,0.0,0.0,0.0,0.49261083743842365,0.0,0.0,0.0,0.0,0.0,0.0,0.0
04721,04,721,1226,740,486,0,598,6,594,4,123,119,180,59,76,24,0,6,0,0,0,0,0,0,7,0,0,0,0,0,0,0,48.776508972267536,0.6688963210702341,99.33110367892976,20.707070707070706,20.033670033670035,30.303030303030305,9.932659932659933,12.794612794612794,4.040404040404041,0.0,1.0101010101010102,0.0,0.0,0.0,0.0,0.0,0.0,1.1784511784511784,0.0,0.0,0.0,0.0,0.0,0.0,0.0
04722,04,722,1445,916,529,0,757,0,751,6,174,139,237,65,88,35,0,13,0,0,0,0,0,0,0,0,0,0,0,0,0,0,52.38754325259516,0.7926023778071334,99.20739762219286,23.169107856191744,18.508655126498002,31.557922769640477,8.655126498002662,11.717709720372836,4.660452729693742,0.0,1.7310252996005324,0.0,0.0,0.0,0.0,0.0,0.0,0.0,0.0,0.0,0.0,0.0,0.0,0.0,0.0
04723,04,723,1027,615,412,0,474,5,470,4,115,81,141,43,42,36,0,8,0,0,0,0,0,0,4,0,0,0,0,0,0,0,46.15384615384615,0.8438818565400843,99.15611814345992,24.46808510638298,17.23404255319149,30.0,9.148936170212766,8.936170212765958,7.659574468085106,0.0,1.702127659574468,0.0,0.0,0.0,0.0,0.0,0.0,0.851063829787234,0.0,0.0,0.0,0.0,0.0,0.0,0.0
04724,04,724,1083,668,415,0,512,8,507,5,131,83,129,47,89,18,0,9,0,0,0,0,0,0,1,0,0,0,0,0,0,0,47.27608494921514,0.9765625,99.0234375,25.83826429980276,16.370808678500985,25.443786982248522,9.270216962524655,17.554240631163708,3.5502958579881656,0.0,1.7751479289940828,0.0,0.0,0.0,0.0,0.0,0.0,0.19723865877712032,0.0,0.0,0.0,0.0,0.0,0.0,0.0
04725,04,725,1196,817,379,0,639,14,632,7,137,150,131,94,84,19,0,17,0,0,0,0,0,0,0,0,0,0,0,0,0,0,53.42809364548495,1.0954616588419406,98.90453834115806,21.677215189873415,23.734177215189874,20.72784810126582,14.873417721518987,13.291139240506327,3.0063291139240507,0.0,2.689873417721519,0.0,0.0,0.0,0.0,0.0,0.0,0.0,0.0,0.0,0.0,0.0,0.0,0.0,0.0
04726,04,726,1223,807,416,0,701,9,695,6,174,155,170,75,88,19,0,11,0,0,0,0,0,0,3,0,0,0,0,0,0,0,57.31807031888798,0.8559201141226819,99.14407988587732,25.03597122302158,22.302158273381295,24.46043165467626,10.79136690647482,12.661870503597122,2.7338129496402876,0.0,1.5827338129496402,0.0,0.0,0.0,0.0,0.0,0.0,0.4316546762589928,0.0,0.0,0.0,0.0,0.0,0.0,0.0
04727,04,727,1108,674,434,0,552,13,548,4,115,101,199,26,67,33,0,6,0,0,0,0,0,0,1,0,0,0,0,0,0,0,49.81949458483754,0.7246376811594203,99.27536231884058,20.985401459854014,18.43065693430657,36.31386861313868,4.744525547445255,12.226277372262775,6.021897810218978,0.0,1.094890510948905,0.0,0.0,0.0,0.0,0.0,0.0,0.18248175182481752,0.0,0.0,0.0,0.0,0.0,0.0,0.0
047A,04,7A,0,0,0,0,823,823,820,3,201,207,226,98,55,15,0,16,0,0,0,0,0,0,2,0,0,0,0,0,0,0,inf,0.3645200486026731,99.63547995139733,24.51219512195122,25.24390243902439,27.5609756097561,11.951219512195122,6.707317073170732,1.8292682926829267,0.0,1.951219512195122,0.0,0.0,0.0,0.0,0.0,0.0,0.24390243902439024,0.0,0.0,0.0,0.0,0.0,0.0,0.0
047B,04,7B,0,0,0,0,828,828,823,5,206,226,193,109,48,27,0,14,0,0,0,0,0,0,0,0,0,0,0,0,0,0,inf,0.6038647342995169,99.39613526570048,25.03037667071689,27.460510328068043,23.450789793438638,13.24422843256379,5.83232077764277,3.2806804374240586,0.0,1.701093560145808,0.0,0.0,0.0,0.0,0.0,0.0,0.0,0.0,0.0,0.0,0.0,0.0,0.0,0.0
047C,04,7C,0,0,0,0,608,608,607,1,163,135,207,40,31,17,0,10,0,0,0,0,0,0,4,0,0,0,0,0,0,0,inf,0.1644736842105263,99.83552631578947,26.85337726523888,22.240527182866558,34.102141680395384,6.589785831960461,5.107084019769357,2.800658978583196,0.0,1.6474464579901154,0.0,0.0,0.0,0.0,0.0,0.0,0.6589785831960462,0.0,0.0,0.0,0.0,0.0,0.0,0.0
047D,04,7D,0,0,0,0,627,627,624,3,160,188,98,99,36,28,0,15,0,0,0,0,0,0,0,0,0,0,0,0,0,0,inf,0.4784688995215311,99.52153110047847,25.64102564102564,30.128205128205128,15.705128205128204,15.865384615384615,5.769230769230769,4.487179487179487,0.0,2.403846153846154,0.0,0.0,0.0,0.0,0.0,0.0,0.0,0.0,0.0,0.0,0.0,0.0,0.0,0.0
047E,04,7E,0,0,0,0,797,797,797,0,200,313,146,85,25,17,0,11,0,0,0,0,0,0,0,0,0,0,0,0,0,0,inf,0.0,100.0,25.094102885821833,39.272271016311166,18.318695106649937,10.664993726474279,3.136762860727729,2.132998745294856,0.0,1.3801756587202008,0.0,0.0,0.0,0.0,0.0,0.0,0.0,0.0,0.0,0.0,0.0,0.0,0.0,0.0
047F,04,7F,0,0,0,0,998,998,990,8,266,290,274,78,40,31,0,11,0,0,0,0,0,0,0,0,0,0,0,0,0,0,inf,0.8016032064128256,99.19839679358718,26.86868686868687,29.292929292929294,27.67676767676768,7.878787878787878,4.040404040404041,3.1313131313131315,0.0,1.1111111111111112,0.0,0.0,0.0,0.0,0.0,0.0,0.0,0.0,0.0,0.0,0.0,0.0,0.0,0.0
047G,04,7G,0,0,0,0,863,863,859,4,216,214,259,77,40,38,0,14,0,0,0,0,0,0,1,0,0,0,0,0,0,0,inf,0.4634994206257242,99.53650057937428,25.145518044237487,24.912689173457508,30.151338766006987,8.963911525029102,4.656577415599535,4.423748544819558,0.0,1.629802095459837,0.0,0.0,0.0,0.0,0.0,0.0,0.11641443538998836,0.0,0.0,0.0,0.0,0.0,0.0,0.0
047H,04,7H,0,0,0,0,723,723,719,4,201,154,217,57,54,22,0,14,0,0,0,0,0,0,0,0,0,0,0,0,0,0,inf,0.5532503457814661,99.44674965421854,27.955493741307368,21.41863699582754,30.180806675938804,7.927677329624479,7.510431154381085,3.05980528511822,0.0,1.9471488178025034,0.0,0.0,0.0,0.0,0.0,0.0,0.0,0.0,0.0,0.0,0.0,0.0,0.0,0.0
047I,04,7I,0,0,0,0,491,491,486,5,137,99,160,44,29,13,0,3,0,0,0,0,0,0,1,0,0,0,0,0,0,0,inf,1.0183299389002036,98.98167006109979,28.189300411522634,20.37037037037037,32.92181069958848,9.053497942386832,5.967078189300412,2.674897119341564,0.0,0.6172839506172839,0.0,0.0,0.0,0.0,0.0,0.0,0.205761316872428,0.0,0.0,0.0,0.0,0.0,0.0,0.0
047J,04,7J,0,0,0,0,817,817,810,7,194,145,292,54,65,41,0,13,0,0,0,0,0,0,6,0,0,0,0,0,0,0,inf,0.8567931456548347,99.14320685434517,23.950617283950617,17.901234567901234,36.04938271604938,6.666666666666667,8.024691358024691,5.061728395061729,0.0,1.6049382716049383,0.0,0.0,0.0,0.0,0.0,0.0,0.7407407407407408,0.0,0.0,0.0,0.0,0.0,0.0,0.0
047K,04,7K,0,0,0,0,989,989,983,6,273,190,340,84,51,25,0,16,0,0,0,0,0,0,4,0,0,0,0,0,0,0,inf,0.6066734074823054,99.3933265925177,27.77212614445575,19.328585961342828,34.58799593082401,8.54526958290946,5.188199389623601,2.5432349949135302,0.0,1.627670396744659,0.0,0.0,0.0,0.0,0.0,0.0,0.40691759918616477,0.0,0.0,0.0,0.0,0.0,0.0,0.0
047L,04,7L,0,0,0,0,815,815,807,8,188,156,293,54,55,49,0,10,0,0,0,0,0,0,2,0,0,0,0,0,0,0,inf,0.98159509202454,99.01840490797545,23.296158612143742,19.33085501858736,36.30731102850062,6.691449814126393,6.815365551425032,6.071871127633209,0.0,1.2391573729863694,0.0,0.0,0.0,0.0,0.0,0.0,0.24783147459727387,0.0,0.0,0.0,0.0,0.0,0.0,0.0
047M,04,7M,0,0,0,0,795,795,794,1,209,140,299,39,62,33,0,12,0,0,0,0,0,0,0,0,0,0,0,0,0,0,inf,0.12578616352201258,99.87421383647799,26.322418136020154,17.632241813602015,37.657430730478595,4.91183879093199,7.8085642317380355,4.156171284634761,0.0,1.5113350125944585,0.0,0.0,0.0,0.0,0.0,0.0,0.0,0.0,0.0,0.0,0.0,0.0,0.0,0.0
047N,04,7N,0,0,0,0,868,868,862,6,237,255,178,107,45,24,0,11,0,0,0,0,0,0,5,0,0,0,0,0,0,0,inf,0.6912442396313364,99.30875576036865,27.494199535962878,29.582366589327147,20.649651972157773,12.412993039443156,5.220417633410673,2.784222737819025,0.0,1.2761020881670533,0.0,0.0,0.0,0.0,0.0,0.0,0.580046403712297,0.0,0.0,0.0,0.0,0.0,0.0,0.0
04801,04,801,993,582,411,0,428,4,422,6,103,90,88,71,42,21,0,5,0,0,0,0,0,0,2,0,0,0,0,0,0,0,43.101711983887206,1.4018691588785046,98.5981308411215,24.407582938388625,21.32701421800948,20.85308056872038,16.824644549763033,9.95260663507109,4.976303317535545,0.0,1.1848341232227488,0.0,0.0,0.0,0.0,0.0,0.0,0.47393364928909953,0.0,0.0,0.0,0.0,0.0,0.0,0.0
04802,04,802,1465,803,662,0,598,8,589,9,130,149,90,104,76,22,0,16,0,0,0,0,0,0,2,0,0,0,0,0,0,0,40.81911262798635,1.5050167224080269,98.49498327759197,22.07130730050934,25.29711375212224,15.280135823429541,17.65704584040747,12.903225806451612,3.7351443123938877,0.0,2.7164685908319184,0.0,0.0,0.0,0.0,0.0,0.0,0.3395585738539898,0.0,0.0,0.0,0.0,0.0,0.0,0.0
04803,04,803,1148,759,389,0,540,5,529,11,156,87,127,85,50,10,0,9,0,0,0,0,0,0,5,0,0,0,0,0,0,0,47.038327526132406,2.037037037037037,97.96296296296296,29.489603024574667,16.446124763705104,24.007561436672965,16.068052930056712,9.45179584120983,1.890359168241966,0.0,1.7013232514177694,0.0,0.0,0.0,0.0,0.0,0.0,0.945179584120983,0.0,0.0,0.0,0.0,0.0,0.0,0.0
04804,04,804,1245,837,408,0,628,10,623,5,142,126,115,120,77,19,0,19,0,0,0,0,0,0,5,0,0,0,0,0,0,0,50.441767068273094,0.7961783439490446,99.20382165605095,22.792937399678973,20.224719101123593,18.45906902086677,19.26163723916533,12.359550561797752,3.0497592295345104,0.0,3.0497592295345104,0.0,0.0,0.0,0.0,0.0,0.0,0.8025682182985553,0.0,0.0,0.0,0.0,0.0,0.0,0.0
04805,04,805,975,648,327,0,456,3,450,6,105,76,79,89,67,26,0,6,0,0,0,0,0,0,2,0,0,0,0,0,0,0,46.76923076923077,1.3157894736842104,98.68421052631578,23.333333333333332,16.88888888888889,17.555555555555554,19.77777777777778,14.888888888888888,5.777777777777778,0.0,1.3333333333333335,0.0,0.0,0.0,0.0,0.0,0.0,0.4444444444444444,0.0,0.0,0.0,0.0,0.0,0.0,0.0
04806,04,806,1254,736,518,0,554,10,549,5,129,153,80,103,52,17,0,14,0,0,0,0,0,0,1,0,0,0,0,0,0,0,44.1786283891547,0.9025270758122743,99.09747292418773,23.497267759562842,27.86885245901639,14.571948998178508,18.761384335154826,9.47176684881603,3.096539162112933,0.0,2.5500910746812386,0.0,0.0,0.0,0.0,0.0,0.0,0.18214936247723132,0.0,0.0,0.0,0.0,0.0,0.0,0.0
04807,04,807,1118,654,464,0,461,5,458,3,104,110,72,97,53,12,0,9,0,0,0,0,0,0,1,0,0,0,0,0,0,0,41.234347048300535,0.6507592190889371,99.34924078091106,22.707423580786028,24.017467248908297,15.72052401746725,21.17903930131004,11.572052401746726,2.6200873362445414,0.0,1.9650655021834063,0.0,0.0,0.0,0.0,0.0,0.0,0.21834061135371177,0.0,0.0,0.0,0.0,0.0,0.0,0.0
048A,04,8A,0,0,0,0,1018,1018,1012,6,251,304,253,103,53,27,0,18,0,0,0,0,0,0,3,0,0,0,0,0,0,0,inf,0.5893909626719057,99.41060903732809,24.802371541501977,30.039525691699602,25.0,10.17786561264822,5.237154150197629,2.66798418972332,0.0,1.7786561264822136,0.0,0.0,0.0,0.0,0.0,0.0,0.2964426877470355,0.0,0.0,0.0,0.0,0.0,0.0,0.0
048B,04,8B,0,0,0,0,675,675,663,12,179,175,141,71,46,26,0,19,0,0,0,0,0,0,6,0,0,0,0,0,0,0,inf,1.7777777777777777,98.22222222222223,26.998491704374057,26.395173453996986,21.266968325791854,10.708898944193061,6.93815987933635,3.9215686274509802,0.0,2.865761689291101,0.0,0.0,0.0,0.0,0.0,0.0,0.904977375565611,0.0,0.0,0.0,0.0,0.0,0.0,0.0
048C,04,8C,0,0,0,0,810,810,803,7,176,240,162,96,75,31,0,17,0,0,0,0,0,0,6,0,0,0,0,0,0,0,inf,0.8641975308641975,99.1358024691358,21.91780821917808,29.8879202988792,20.17434620174346,11.955168119551681,9.339975093399751,3.8605230386052307,0.0,2.1170610211706102,0.0,0.0,0.0,0.0,0.0,0.0,0.7471980074719801,0.0,0.0,0.0,0.0,0.0,0.0,0.0
048D,04,8D,0,0,0,0,484,484,481,3,117,161,83,60,27,22,0,10,0,0,0,0,0,0,1,0,0,0,0,0,0,0,inf,0.6198347107438017,99.3801652892562,24.324324324324326,33.471933471933475,17.255717255717258,12.474012474012476,5.613305613305614,4.5738045738045745,0.0,2.079002079002079,0.0,0.0,0.0,0.0,0.0,0.0,0.2079002079002079,0.0,0.0,0.0,0.0,0.0,0.0,0.0
05101,05,101,755,565,190,0,370,4,360,10,128,55,74,48,45,7,0,2,0,0,0,1,0,0,0,0,0,0,0,0,0,0,49.00662251655629,2.7027027027027026,97.2972972972973,35.55555555555556,15.277777777777779,20.555555555555554,13.333333333333334,12.5,1.9444444444444444,0.0,0.5555555555555556,0.0,0.0,0.0,0.2777777777777778,0.0,0.0,0.0,0.0,0.0,0.0,0.0,0.0,0.0,0.0
05102,05,102,1184,724,460,0,542,10,533,9,125,48,135,59,122,24,0,19,0,0,0,1,0,0,0,0,0,0,0,0,0,0,45.77702702702703,1.6605166051660518,98.33948339483395,23.452157598499063,9.00562851782364,25.328330206378986,11.069418386491558,22.88930581613508,4.50281425891182,0.0,3.564727954971857,0.0,0.0,0.0,0.18761726078799248,0.0,0.0,0.0,0.0,0.0,0.0,0.0,0.0,0.0,0.0
05103,05,103,1008,691,317,0,589,5,577,12,187,68,137,50,110,10,0,14,0,0,0,1,0,0,0,0,0,0,0,0,0,0,58.432539682539684,2.037351443123939,97.96264855687606,32.40901213171577,11.785095320623917,23.743500866551127,8.665511265164644,19.064124783362217,1.733102253032929,0.0,2.4263431542461005,0.0,0.0,0.0,0.17331022530329288,0.0,0.0,0.0,0.0,0.0,0.0,0.0,0.0,0.0,0.0
05104,05,104,918,710,208,0,430,3,426,4,120,32,99,41,109,10,0,15,0,0,0,0,0,0,0,0,0,0,0,0,0,0,46.84095860566449,0.9302325581395349,99.06976744186046,28.169014084507044,7.511737089201878,23.239436619718308,9.624413145539906,25.586854460093893,2.3474178403755865,0.0,3.5211267605633805,0.0,0.0,0.0,0.0,0.0,0.0,0.0,0.0,0.0,0.0,0.0,0.0,0.0,0.0
05105,05,105,992,638,354,0,533,8,530,3,141,42,204,28,94,15,0,6,0,0,0,0,0,0,0,0,0,0,0,0,0,0,53.72983870967742,0.5628517823639775,99.43714821763602,26.60377358490566,7.9245283018867925,38.49056603773585,5.283018867924529,17.735849056603772,2.8301886792452833,0.0,1.1320754716981132,0.0,0.0,0.0,0.0,0.0,0.0,0.0,0.0,0.0,0.0,0.0,0.0,0.0,0.0
05106,05,106,1171,750,421,0,556,0,549,7,147,39,172,44,119,14,0,11,0,0,0,3,0,0,0,0,0,0,0,0,0,0,47.48078565328779,1.2589928057553956,98.7410071942446,26.775956284153008,7.103825136612022,31.329690346083787,8.014571948998178,21.67577413479053,2.5500910746812386,0.0,2.0036429872495445,0.0,0.0,0.0,0.546448087431694,0.0,0.0,0.0,0.0,0.0,0.0,0.0,0.0,0.0,0.0
05107,05,107,793,544,249,0,369,5,365,4,98,25,95,39,94,7,0,6,0,0,0,1,0,0,0,0,0,0,0,0,0,0,46.53215636822195,1.084010840108401,98.91598915989161,26.84931506849315,6.8493150684931505,26.027397260273972,10.684931506849315,25.753424657534246,1.9178082191780823,0.0,1.643835616438356,0.0,0.0,0.0,0.273972602739726,0.0,0.0,0.0,0.0,0.0,0.0,0.0,0.0,0.0,0.0
05108,05,108,886,663,223,0,407,0,401,6,109,32,75,53,110,8,0,13,0,0,0,1,0,0,0,0,0,0,0,0,0,0,45.93679458239278,1.4742014742014742,98.52579852579852,27.18204488778055,7.98004987531172,18.703241895261847,13.216957605985039,27.431421446384043,1.99501246882793,0.0,3.2418952618453867,0.0,0.0,0.0,0.24937655860349126,0.0,0.0,0.0,0.0,0.0,0.0,0.0,0.0,0.0,0.0
05109,05,109,1468,1105,363,0,618,6,602,16,213,37,149,77,98,14,0,13,0,0,0,1,0,0,0,0,0,0,0,0,0,0,42.09809264305177,2.5889967637540456,97.41100323624595,35.38205980066445,6.146179401993355,24.750830564784053,12.790697674418606,16.27906976744186,2.3255813953488373,0.0,2.1594684385382057,0.0,0.0,0.0,0.16611295681063123,0.0,0.0,0.0,0.0,0.0,0.0,0.0,0.0,0.0,0.0
05110,05,110,839,549,290,0,364,0,360,4,97,41,74,45,83,9,0,10,0,0,0,1,0,0,0,0,0,0,0,0,0,0,43.3849821215733,1.098901098901099,98.9010989010989,26.944444444444443,11.38888888888889,20.555555555555554,12.5,23.055555555555557,2.5,0.0,2.7777777777777777,0.0,0.0,0.0,0.2777777777777778,0.0,0.0,0.0,0.0,0.0,0.0,0.0,0.0,0.0,0.0
05111,05,111,1179,820,359,0,573,4,572,1,161,31,159,64,124,18,0,12,0,0,0,3,0,0,0,0,0,0,0,0,0,0,48.60050890585242,0.17452006980802792,99.82547993019197,28.146853146853147,5.419580419580419,27.797202797202797,11.188811188811188,21.678321678321677,3.146853146853147,0.0,2.097902097902098,0.0,0.0,0.0,0.5244755244755245,0.0,0.0,0.0,0.0,0.0,0.0,0.0,0.0,0.0,0.0
05112,05,112,1052,723,329,0,556,5,548,8,141,55,124,79,116,12,0,20,0,0,0,1,0,0,0,0,0,0,0,0,0,0,52.851711026615966,1.4388489208633095,98.56115107913669,25.72992700729927,10.036496350364963,22.62773722627737,14.416058394160583,21.16788321167883,2.18978102189781,0.0,3.64963503649635,0.0,0.0,0.0,0.18248175182481752,0.0,0.0,0.0,0.0,0.0,0.0,0.0,0.0,0.0,0.0
05113,05,113,986,657,329,0,498,1,490,8,117,56,146,41,105,17,0,8,0,0,0,0,0,0,0,0,0,0,0,0,0,0,50.50709939148072,1.6064257028112447,98.39357429718876,23.877551020408163,11.428571428571429,29.795918367346943,8.36734693877551,21.428571428571427,3.4693877551020407,0.0,1.6326530612244898,0.0,0.0,0.0,0.0,0.0,0.0,0.0,0.0,0.0,0.0,0.0,0.0,0.0,0.0
05114,05,114,885,578,307,0,391,3,385,6,101,34,72,45,105,8,0,19,0,0,0,1,0,0,0,0,0,0,0,0,0,0,44.18079096045198,1.5345268542199488,98.46547314578005,26.233766233766232,8.831168831168831,18.7012987012987,11.688311688311687,27.27272727272727,2.0779220779220777,0.0,4.935064935064935,0.0,0.0,0.0,0.2597402597402597,0.0,0.0,0.0,0.0,0.0,0.0,0.0,0.0,0.0,0.0
05115,05,115,1247,953,294,0,626,6,613,13,158,42,101,87,181,24,0,19,0,0,0,1,0,0,0,0,0,0,0,0,0,0,50.200481154771445,2.07667731629393,97.92332268370608,25.774877650897228,6.851549755301795,16.476345840130506,14.192495921696574,29.526916802610113,3.915171288743882,0.0,3.0995106035889073,0.0,0.0,0.0,0.1631321370309951,0.0,0.0,0.0,0.0,0.0,0.0,0.0,0.0,0.0,0.0
05116,05,116,743,547,196,0,375,5,365,10,102,12,64,52,115,8,0,10,0,0,0,2,0,0,0,0,0,0,0,0,0,0,50.47106325706595,2.666666666666667,97.33333333333334,27.945205479452056,3.287671232876712,17.534246575342465,14.246575342465754,31.506849315068493,2.191780821917808,0.0,2.73972602739726,0.0,0.0,0.0,0.547945205479452,0.0,0.0,0.0,0.0,0.0,0.0,0.0,0.0,0.0,0.0
05117,05,117,920,730,190,0,443,2,435,8,94,19,77,79,146,8,0,10,0,0,0,2,0,0,0,0,0,0,0,0,0,0,48.15217391304348,1.805869074492099,98.1941309255079,21.60919540229885,4.3678160919540225,17.70114942528736,18.160919540229887,33.5632183908046,1.839080459770115,0.0,2.2988505747126435,0.0,0.0,0.0,0.45977011494252873,0.0,0.0,0.0,0.0,0.0,0.0,0.0,0.0,0.0,0.0
05118,05,118,1229,886,343,0,609,3,598,11,139,47,128,77,161,24,0,21,0,0,0,1,0,0,0,0,0,0,0,0,0,0,49.55248169243287,1.8062397372742198,98.19376026272579,23.244147157190636,7.859531772575251,21.40468227424749,12.876254180602006,26.923076923076923,4.013377926421405,0.0,3.511705685618729,0.0,0.0,0.0,0.16722408026755853,0.0,0.0,0.0,0.0,0.0,0.0,0.0,0.0,0.0,0.0
05119,05,119,1148,741,407,0,496,4,491,5,116,33,98,62,147,23,0,11,0,0,0,1,0,0,0,0,0,0,0,0,0,0,43.20557491289199,1.0080645161290323,98.99193548387096,23.625254582484725,6.720977596741344,19.95926680244399,12.627291242362526,29.938900203665987,4.684317718940937,0.0,2.240325865580448,0.0,0.0,0.0,0.20366598778004072,0.0,0.0,0.0,0.0,0.0,0.0,0.0,0.0,0.0,0.0
05120,05,120,1218,981,237,0,667,3,655,12,183,25,173,75,167,11,0,16,0,0,0,5,0,0,0,0,0,0,0,0,0,0,54.761904761904766,1.7991004497751124,98.20089955022489,27.938931297709924,3.816793893129771,26.412213740458014,11.450381679389313,25.49618320610687,1.6793893129770994,0.0,2.4427480916030535,0.0,0.0,0.0,0.7633587786259541,0.0,0.0,0.0,0.0,0.0,0.0,0.0,0.0,0.0,0.0
05121,05,121,1134,882,252,0,626,3,614,12,153,36,130,86,164,28,0,13,0,0,0,4,0,0,0,0,0,0,0,0,0,0,55.20282186948854,1.9169329073482428,98.08306709265176,24.9185667752443,5.863192182410423,21.172638436482085,14.006514657980457,26.710097719869708,4.5602605863192185,0.0,2.1172638436482085,0.0,0.0,0.0,0.6514657980456027,0.0,0.0,0.0,0.0,0.0,0.0,0.0,0.0,0.0,0.0
05122,05,122,818,618,200,0,353,3,351,2,89,11,80,44,110,7,0,9,0,0,0,1,0,0,0,0,0,0,0,0,0,0,43.15403422982885,0.56657223796034,99.43342776203966,25.356125356125357,3.133903133903134,22.79202279202279,12.535612535612536,31.339031339031337,1.9943019943019942,0.0,2.564102564102564,0.0,0.0,0.0,0.2849002849002849,0.0,0.0,0.0,0.0,0.0,0.0,0.0,0.0,0.0,0.0
05123,05,123,713,523,190,0,388,4,383,5,126,23,95,25,99,10,0,3,0,0,0,2,0,0,0,0,0,0,0,0,0,0,54.4179523141655,1.2886597938144329,98.71134020618557,32.89817232375979,6.005221932114883,24.804177545691903,6.527415143603134,25.848563968668408,2.610966057441253,0.0,0.7832898172323759,0.0,0.0,0.0,0.5221932114882507,0.0,0.0,0.0,0.0,0.0,0.0,0.0,0.0,0.0,0.0
05124,05,124,1241,931,310,0,677,4,669,8,190,22,139,95,195,16,0,10,0,0,0,2,0,0,0,0,0,0,0,0,0,0,54.55278001611603,1.1816838995568686,98.81831610044313,28.400597907324364,3.288490284005979,20.777279521674142,14.200298953662182,29.14798206278027,2.391629297458894,0.0,1.4947683109118086,0.0,0.0,0.0,0.29895366218236175,0.0,0.0,0.0,0.0,0.0,0.0,0.0,0.0,0.0,0.0
05125,05,125,917,757,160,0,487,4,478,9,115,17,80,71,175,4,0,16,0,0,0,0,0,0,0,0,0,0,0,0,0,0,53.10796074154853,1.8480492813141685,98.15195071868584,24.05857740585774,3.556485355648536,16.736401673640167,14.853556485355648,36.61087866108787,0.8368200836820083,0.0,3.3472803347280333,0.0,0.0,0.0,0.0,0.0,0.0,0.0,0.0,0.0,0.0,0.0,0.0,0.0,0.0
05126,05,126,1055,814,241,0,453,1,440,13,109,23,67,74,144,12,0,8,0,0,0,3,0,0,0,0,0,0,0,0,0,0,42.93838862559242,2.869757174392936,97.13024282560706,24.772727272727273,5.227272727272727,15.227272727272728,16.818181818181817,32.72727272727273,2.727272727272727,0.0,1.8181818181818181,0.0,0.0,0.0,0.6818181818181818,0.0,0.0,0.0,0.0,0.0,0.0,0.0,0.0,0.0,0.0
05127,05,127,859,694,165,0,430,0,422,8,143,13,69,62,125,3,0,6,0,0,0,1,0,0,0,0,0,0,0,0,0,0,50.05820721769499,1.8604651162790697,98.13953488372093,33.88625592417062,3.080568720379147,16.350710900473935,14.691943127962084,29.620853080568722,0.7109004739336493,0.0,1.4218009478672986,0.0,0.0,0.0,0.23696682464454977,0.0,0.0,0.0,0.0,0.0,0.0,0.0,0.0,0.0,0.0
05128,05,128,867,647,220,0,239,2,235,4,57,20,46,20,79,7,0,6,0,0,0,0,0,0,0,0,0,0,0,0,0,0,27.566320645905424,1.6736401673640167,98.32635983263597,24.25531914893617,8.51063829787234,19.574468085106382,8.51063829787234,33.61702127659574,2.9787234042553195,0.0,2.553191489361702,0.0,0.0,0.0,0.0,0.0,0.0,0.0,0.0,0.0,0.0,0.0,0.0,0.0,0.0
05129,05,129,924,723,201,0,479,1,474,5,106,21,102,58,162,10,0,15,0,0,0,0,0,0,0,0,0,0,0,0,0,0,51.83982683982684,1.0438413361169103,98.95615866388309,22.362869198312236,4.430379746835443,21.518987341772153,12.236286919831224,34.177215189873415,2.109704641350211,0.0,3.1645569620253164,0.0,0.0,0.0,0.0,0.0,0.0,0.0,0.0,0.0,0.0,0.0,0.0,0.0,0.0
05130,05,130,1078,913,165,0,582,0,573,9,125,23,103,78,223,8,0,11,0,0,0,2,0,0,0,0,0,0,0,0,0,0,53.98886827458256,1.5463917525773196,98.4536082474227,21.81500872600349,4.013961605584642,17.975567190226876,13.612565445026178,38.917975567190226,1.3961605584642234,0.0,1.9197207678883073,0.0,0.0,0.0,0.34904013961605584,0.0,0.0,0.0,0.0,0.0,0.0,0.0,0.0,0.0,0.0
05131,05,131,568,373,195,0,287,6,287,0,66,45,64,41,51,13,0,6,0,0,0,1,0,0,0,0,0,0,0,0,0,0,50.52816901408451,0.0,100.0,22.99651567944251,15.6794425087108,22.299651567944252,14.285714285714285,17.770034843205575,4.529616724738676,0.0,2.0905923344947737,0.0,0.0,0.0,0.34843205574912894,0.0,0.0,0.0,0.0,0.0,0.0,0.0,0.0,0.0,0.0
05132,05,132,865,690,175,0,397,1,382,15,91,17,67,82,101,10,0,12,0,0,0,2,0,0,0,0,0,0,0,0,0,0,45.895953757225435,3.7783375314861463,96.22166246851386,23.82198952879581,4.450261780104712,17.539267015706805,21.465968586387437,26.439790575916227,2.6178010471204187,0.0,3.1413612565445024,0.0,0.0,0.0,0.5235602094240838,0.0,0.0,0.0,0.0,0.0,0.0,0.0,0.0,0.0,0.0
05133,05,133,1179,885,294,0,658,8,646,12,182,42,137,90,139,32,0,23,0,0,0,1,0,0,0,0,0,0,0,0,0,0,55.81000848176421,1.82370820668693,98.17629179331307,28.173374613003094,6.5015479876160995,21.207430340557277,13.93188854489164,21.517027863777088,4.953560371517028,0.0,3.560371517027864,0.0,0.0,0.0,0.15479876160990713,0.0,0.0,0.0,0.0,0.0,0.0,0.0,0.0,0.0,0.0
05134,05,134,461,347,114,0,201,4,195,6,70,6,29,44,38,7,0,1,0,0,0,0,0,0,0,0,0,0,0,0,0,0,43.600867678958785,2.9850746268656714,97.01492537313433,35.8974358974359,3.076923076923077,14.871794871794872,22.564102564102566,19.48717948717949,3.5897435897435894,0.0,0.5128205128205128,0.0,0.0,0.0,0.0,0.0,0.0,0.0,0.0,0.0,0.0,0.0,0.0,0.0,0.0
05135,05,135,508,407,101,0,259,1,251,8,76,34,60,38,32,7,0,4,0,0,0,0,0,0,0,0,0,0,0,0,0,0,50.98425196850393,3.088803088803089,96.91119691119691,30.278884462151396,13.545816733067728,23.904382470119522,15.139442231075698,12.749003984063744,2.788844621513944,0.0,1.593625498007968,0.0,0.0,0.0,0.0,0.0,0.0,0.0,0.0,0.0,0.0,0.0,0.0,0.0,0.0
051A,05,1A,0,0,0,0,452,452,449,3,175,53,141,23,28,15,0,14,0,0,0,0,0,0,0,0,0,0,0,0,0,0,inf,0.6637168141592921,99.33628318584071,38.97550111358575,11.804008908685969,31.403118040089083,5.122494432071269,6.23608017817372,3.34075723830735,0.0,3.11804008908686,0.0,0.0,0.0,0.0,0.0,0.0,0.0,0.0,0.0,0.0,0.0,0.0,0.0,0.0
051B,05,1B,0,0,0,0,611,611,604,7,166,72,209,48,78,16,0,12,0,0,0,3,0,0,0,0,0,0,0,0,0,0,inf,1.1456628477905073,98.8543371522095,27.483443708609272,11.920529801324504,34.602649006622514,7.9470198675496695,12.91390728476821,2.6490066225165565,0.0,1.9867549668874174,0.0,0.0,0.0,0.49668874172185434,0.0,0.0,0.0,0.0,0.0,0.0,0.0,0.0,0.0,0.0
051C,05,1C,0,0,0,0,463,463,457,6,119,52,130,62,56,20,0,17,0,0,0,1,0,0,0,0,0,0,0,0,0,0,inf,1.2958963282937366,98.70410367170626,26.039387308533918,11.37855579868709,28.44638949671772,13.566739606126916,12.25382932166302,4.3763676148796495,0.0,3.7199124726477026,0.0,0.0,0.0,0.2188183807439825,0.0,0.0,0.0,0.0,0.0,0.0,0.0,0.0,0.0,0.0
051D,05,1D,0,0,0,0,444,444,435,9,132,34,124,52,72,14,0,7,0,0,0,0,0,0,0,0,0,0,0,0,0,0,inf,2.027027027027027,97.97297297297297,30.344827586206897,7.816091954022989,28.50574712643678,11.954022988505747,16.551724137931036,3.218390804597701,0.0,1.6091954022988506,0.0,0.0,0.0,0.0,0.0,0.0,0.0,0.0,0.0,0.0,0.0,0.0,0.0,0.0
051E,05,1E,0,0,0,0,399,399,392,7,124,46,84,51,62,10,0,14,0,0,0,1,0,0,0,0,0,0,0,0,0,0,inf,1.7543859649122806,98.24561403508771,31.63265306122449,11.73469387755102,21.428571428571427,13.010204081632654,15.816326530612246,2.5510204081632653,0.0,3.571428571428571,0.0,0.0,0.0,0.25510204081632654,0.0,0.0,0.0,0.0,0.0,0.0,0.0,0.0,0.0,0.0
051F,05,1F,0,0,0,0,320,320,315,5,96,23,112,30,39,6,0,8,0,0,0,1,0,0,0,0,0,0,0,0,0,0,inf,1.5625,98.4375,30.476190476190478,7.301587301587302,35.55555555555556,9.523809523809524,12.380952380952381,1.9047619047619049,0.0,2.5396825396825395,0.0,0.0,0.0,0.31746031746031744,0.0,0.0,0.0,0.0,0.0,0.0,0.0,0.0,0.0,0.0
051G,05,1G,0,0,0,0,280,280,277,3,74,47,59,35,32,14,0,15,0,0,0,1,0,0,0,0,0,0,0,0,0,0,inf,1.0714285714285714,98.92857142857143,26.714801444043324,16.967509025270758,21.299638989169676,12.63537906137184,11.552346570397113,5.054151624548736,0.0,5.415162454873646,0.0,0.0,0.0,0.36101083032490977,0.0,0.0,0.0,0.0,0.0,0.0,0.0,0.0,0.0,0.0
051H,05,1H,0,0,0,0,469,469,468,1,129,55,138,48,75,14,0,8,0,0,0,1,0,0,0,0,0,0,0,0,0,0,inf,0.21321961620469082,99.7867803837953,27.564102564102566,11.752136752136751,29.48717948717949,10.256410256410255,16.025641025641026,2.9914529914529915,0.0,1.7094017094017095,0.0,0.0,0.0,0.2136752136752137,0.0,0.0,0.0,0.0,0.0,0.0,0.0,0.0,0.0,0.0
051J,05,1J,0,0,0,0,595,595,587,8,213,54,145,70,65,13,0,24,0,0,0,3,0,0,0,0,0,0,0,0,0,0,inf,1.3445378151260505,98.65546218487395,36.28620102214651,9.19931856899489,24.701873935264054,11.925042589437819,11.073253833049405,2.2146507666098807,0.0,4.088586030664395,0.0,0.0,0.0,0.5110732538330494,0.0,0.0,0.0,0.0,0.0,0.0,0.0,0.0,0.0,0.0
051K,05,1K,0,0,0,0,664,664,660,4,183,51,200,57,124,18,0,27,0,0,0,0,0,0,0,0,0,0,0,0,0,0,inf,0.6024096385542169,99.3975903614458,27.727272727272727,7.727272727272727,30.303030303030305,8.636363636363637,18.787878787878785,2.727272727272727,0.0,4.090909090909091,0.0,0.0,0.0,0.0,0.0,0.0,0.0,0.0,0.0,0.0,0.0,0.0,0.0,0.0
051L,05,1L,0,0,0,0,555,555,547,8,153,48,172,64,80,16,0,12,0,0,0,2,0,0,0,0,0,0,0,0,0,0,inf,1.4414414414414414,98.55855855855856,27.97074954296161,8.775137111517367,31.444241316270567,11.70018281535649,14.625228519195613,2.9250457038391224,0.0,2.1937842778793417,0.0,0.0,0.0,0.3656307129798903,0.0,0.0,0.0,0.0,0.0,0.0,0.0,0.0,0.0,0.0
051M,05,1M,0,0,0,0,735,735,730,5,226,79,265,30,91,27,0,11,0,0,0,1,0,0,0,0,0,0,0,0,0,0,inf,0.6802721088435374,99.31972789115646,30.958904109589042,10.821917808219178,36.3013698630137,4.10958904109589,12.465753424657535,3.6986301369863015,0.0,1.5068493150684932,0.0,0.0,0.0,0.136986301369863,0.0,0.0,0.0,0.0,0.0,0.0,0.0,0.0,0.0,0.0
051N,05,1N,0,0,0,0,439,439,436,3,125,37,127,55,65,13,0,13,0,0,0,1,0,0,0,0,0,0,0,0,0,0,inf,0.683371298405467,99.31662870159454,28.6697247706422,8.486238532110093,29.128440366972473,12.614678899082568,14.908256880733944,2.981651376146789,0.0,2.981651376146789,0.0,0.0,0.0,0.22935779816513763,0.0,0.0,0.0,0.0,0.0,0.0,0.0,0.0,0.0,0.0
051P,05,1P,0,0,0,0,364,364,363,1,131,34,71,39,67,11,0,9,0,0,0,1,0,0,0,0,0,0,0,0,0,0,inf,0.27472527472527475,99.72527472527473,36.08815426997245,9.366391184573002,19.55922865013774,10.743801652892563,18.457300275482094,3.0303030303030303,0.0,2.479338842975207,0.0,0.0,0.0,0.27548209366391185,0.0,0.0,0.0,0.0,0.0,0.0,0.0,0.0,0.0,0.0
051Q,05,1Q,0,0,0,0,314,314,309,5,94,12,84,30,60,12,0,17,0,0,0,0,0,0,0,0,0,0,0,0,0,0,inf,1.5923566878980893,98.40764331210191,30.42071197411003,3.8834951456310676,27.184466019417474,9.70873786407767,19.41747572815534,3.8834951456310676,0.0,5.501618122977346,0.0,0.0,0.0,0.0,0.0,0.0,0.0,0.0,0.0,0.0,0.0,0.0,0.0,0.0
051R,05,1R,0,0,0,0,469,469,464,5,169,20,168,35,47,11,0,12,0,0,0,2,0,0,0,0,0,0,0,0,0,0,inf,1.0660980810234542,98.93390191897655,36.422413793103445,4.310344827586207,36.206896551724135,7.543103448275862,10.129310344827585,2.3706896551724137,0.0,2.586206896551724,0.0,0.0,0.0,0.43103448275862066,0.0,0.0,0.0,0.0,0.0,0.0,0.0,0.0,0.0,0.0
051S,05,1S,0,0,0,0,364,364,362,2,117,21,114,40,46,17,0,7,0,0,0,0,0,0,0,0,0,0,0,0,0,0,inf,0.5494505494505495,99.45054945054946,32.32044198895028,5.801104972375691,31.491712707182316,11.049723756906078,12.70718232044199,4.696132596685083,0.0,1.9337016574585635,0.0,0.0,0.0,0.0,0.0,0.0,0.0,0.0,0.0,0.0,0.0,0.0,0.0,0.0
051T,05,1T,0,0,0,0,353,353,348,5,111,30,92,33,60,16,0,6,0,0,0,0,0,0,0,0,0,0,0,0,0,0,inf,1.41643059490085,98.58356940509914,31.896551724137932,8.620689655172415,26.436781609195403,9.482758620689655,17.24137931034483,4.597701149425287,0.0,1.7241379310344827,0.0,0.0,0.0,0.0,0.0,0.0,0.0,0.0,0.0,0.0,0.0,0.0,0.0,0.0
05201,05,201,1173,850,323,0,566,1,555,11,156,32,139,53,139,11,0,21,0,0,0,4,0,0,0,0,0,0,0,0,0,0,48.252344416027285,1.9434628975265018,98.0565371024735,28.10810810810811,5.7657657657657655,25.045045045045043,9.54954954954955,25.045045045045043,1.981981981981982,0.0,3.783783783783784,0.0,0.0,0.0,0.7207207207207207,0.0,0.0,0.0,0.0,0.0,0.0,0.0,0.0,0.0,0.0
05202,05,202,1055,753,302,0,492,3,481,11,115,28,78,68,178,5,0,9,0,0,0,0,0,0,0,0,0,0,0,0,0,0,46.63507109004739,2.2357723577235773,97.76422764227642,23.90852390852391,5.8212058212058215,16.216216216216218,14.137214137214137,37.00623700623701,1.0395010395010396,0.0,1.8711018711018712,0.0,0.0,0.0,0.0,0.0,0.0,0.0,0.0,0.0,0.0,0.0,0.0,0.0,0.0
05203,05,203,1108,902,206,0,526,5,516,10,153,26,93,70,147,12,0,14,0,0,0,1,0,0,0,0,0,0,0,0,0,0,47.47292418772563,1.9011406844106464,98.09885931558935,29.651162790697676,5.038759689922481,18.023255813953487,13.565891472868216,28.488372093023255,2.3255813953488373,0.0,2.7131782945736433,0.0,0.0,0.0,0.1937984496124031,0.0,0.0,0.0,0.0,0.0,0.0,0.0,0.0,0.0,0.0
05204,05,204,850,666,184,0,421,1,415,6,121,30,71,55,118,8,0,9,0,0,0,3,0,0,0,0,0,0,0,0,0,0,49.529411764705884,1.4251781472684086,98.57482185273159,29.156626506024097,7.228915662650602,17.10843373493976,13.253012048192772,28.433734939759038,1.9277108433734942,0.0,2.1686746987951806,0.0,0.0,0.0,0.7228915662650602,0.0,0.0,0.0,0.0,0.0,0.0,0.0,0.0,0.0,0.0
05205,05,205,963,694,269,0,422,4,415,7,98,24,90,55,126,15,0,7,0,0,0,0,0,0,0,0,0,0,0,0,0,0,43.821391484942886,1.6587677725118484,98.34123222748815,23.6144578313253,5.783132530120482,21.686746987951807,13.253012048192772,30.361445783132528,3.614457831325301,0.0,1.6867469879518073,0.0,0.0,0.0,0.0,0.0,0.0,0.0,0.0,0.0,0.0,0.0,0.0,0.0,0.0
05206,05,206,628,441,187,0,251,6,251,0,68,22,48,34,62,5,0,8,0,0,0,4,0,0,0,0,0,0,0,0,0,0,39.96815286624204,0.0,100.0,27.091633466135455,8.764940239043826,19.12350597609562,13.545816733067728,24.701195219123505,1.9920318725099602,0.0,3.187250996015936,0.0,0.0,0.0,1.593625498007968,0.0,0.0,0.0,0.0,0.0,0.0,0.0,0.0,0.0,0.0
05207,05,207,997,821,176,0,440,3,423,17,93,14,81,46,169,10,0,7,0,0,0,3,0,0,0,0,0,0,0,0,0,0,44.132397191574725,3.8636363636363633,96.13636363636363,21.98581560283688,3.309692671394799,19.148936170212767,10.874704491725769,39.952718676122934,2.3640661938534278,0.0,1.6548463356973995,0.0,0.0,0.0,0.7092198581560284,0.0,0.0,0.0,0.0,0.0,0.0,0.0,0.0,0.0,0.0
05208,05,208,1197,957,240,0,598,9,592,6,155,50,99,111,142,17,0,16,0,0,0,2,0,0,0,0,0,0,0,0,0,0,49.95822890559732,1.0033444816053512,98.99665551839465,26.182432432432435,8.445945945945946,16.722972972972975,18.75,23.986486486486484,2.871621621621622,0.0,2.7027027027027026,0.0,0.0,0.0,0.33783783783783783,0.0,0.0,0.0,0.0,0.0,0.0,0.0,0.0,0.0,0.0
05209,05,209,951,677,274,0,479,3,472,7,121,37,99,62,112,18,0,20,0,0,0,3,0,0,0,0,0,0,0,0,0,0,50.36803364879074,1.4613778705636742,98.53862212943632,25.635593220338983,7.838983050847458,20.97457627118644,13.135593220338984,23.728813559322035,3.8135593220338984,0.0,4.23728813559322,0.0,0.0,0.0,0.6355932203389831,0.0,0.0,0.0,0.0,0.0,0.0,0.0,0.0,0.0,0.0
05210,05,210,901,715,186,0,413,10,405,8,119,31,55,88,81,11,0,20,0,0,0,0,0,0,0,0,0,0,0,0,0,0,45.83795782463929,1.937046004842615,98.06295399515739,29.38271604938272,7.654320987654321,13.580246913580247,21.728395061728396,20.0,2.7160493827160495,0.0,4.938271604938271,0.0,0.0,0.0,0.0,0.0,0.0,0.0,0.0,0.0,0.0,0.0,0.0,0.0,0.0
05211,05,211,765,564,201,0,398,2,388,10,134,21,80,47,85,12,0,7,0,0,0,2,0,0,0,0,0,0,0,0,0,0,52.02614379084968,2.512562814070352,97.48743718592965,34.5360824742268,5.412371134020619,20.618556701030926,12.11340206185567,21.90721649484536,3.0927835051546393,0.0,1.804123711340206,0.0,0.0,0.0,0.5154639175257731,0.0,0.0,0.0,0.0,0.0,0.0,0.0,0.0,0.0,0.0
05212,05,212,873,672,201,0,476,6,467,9,101,35,104,62,135,14,0,13,0,0,0,3,0,0,0,0,0,0,0,0,0,0,54.52462772050401,1.8907563025210083,98.10924369747899,21.627408993576015,7.494646680942184,22.269807280513916,13.276231263383298,28.90792291220557,2.9978586723768736,0.0,2.7837259100642395,0.0,0.0,0.0,0.6423982869379015,0.0,0.0,0.0,0.0,0.0,0.0,0.0,0.0,0.0,0.0
05213,05,213,938,661,277,0,522,3,511,11,132,48,156,37,105,21,0,9,0,0,0,3,0,0,0,0,0,0,0,0,0,0,55.65031982942431,2.10727969348659,97.89272030651341,25.83170254403131,9.393346379647749,30.528375733855185,7.240704500978473,20.54794520547945,4.10958904109589,0.0,1.761252446183953,0.0,0.0,0.0,0.5870841487279843,0.0,0.0,0.0,0.0,0.0,0.0,0.0,0.0,0.0,0.0
05214,05,214,1107,899,208,0,546,1,525,21,130,13,83,63,210,12,0,12,0,0,0,2,0,0,0,0,0,0,0,0,0,0,49.32249322493225,3.8461538461538463,96.15384615384616,24.761904761904763,2.4761904761904763,15.80952380952381,12.0,40.0,2.2857142857142856,0.0,2.2857142857142856,0.0,0.0,0.0,0.38095238095238093,0.0,0.0,0.0,0.0,0.0,0.0,0.0,0.0,0.0,0.0
05215,05,215,1004,763,241,0,431,5,423,8,92,25,67,61,149,10,0,19,0,0,0,0,0,0,0,0,0,0,0,0,0,0,42.92828685258964,1.8561484918793503,98.14385150812065,21.749408983451538,5.91016548463357,15.839243498817968,14.420803782505912,35.22458628841608,2.3640661938534278,0.0,4.491725768321513,0.0,0.0,0.0,0.0,0.0,0.0,0.0,0.0,0.0,0.0,0.0,0.0,0.0,0.0
05216,05,216,900,547,353,0,366,1,362,4,84,34,68,40,111,11,0,10,0,0,0,4,0,0,0,0,0,0,0,0,0,0,40.666666666666664,1.092896174863388,98.90710382513662,23.204419889502763,9.392265193370166,18.784530386740332,11.049723756906078,30.662983425414364,3.0386740331491713,0.0,2.7624309392265194,0.0,0.0,0.0,1.1049723756906076,0.0,0.0,0.0,0.0,0.0,0.0,0.0,0.0,0.0,0.0
05217,05,217,699,511,188,0,324,0,321,3,93,9,84,36,83,7,0,8,0,0,0,1,0,0,0,0,0,0,0,0,0,0,46.3519313304721,0.9259259259259258,99.07407407407408,28.971962616822427,2.803738317757009,26.168224299065418,11.214953271028037,25.85669781931464,2.1806853582554515,0.0,2.4922118380062304,0.0,0.0,0.0,0.3115264797507788,0.0,0.0,0.0,0.0,0.0,0.0,0.0,0.0,0.0,0.0
05218,05,218,1004,752,252,0,555,1,545,10,161,47,104,95,105,14,0,18,0,0,0,1,0,0,0,0,0,0,0,0,0,0,55.27888446215139,1.8018018018018018,98.1981981981982,29.541284403669728,8.623853211009175,19.08256880733945,17.431192660550458,19.26605504587156,2.5688073394495414,0.0,3.302752293577982,0.0,0.0,0.0,0.1834862385321101,0.0,0.0,0.0,0.0,0.0,0.0,0.0,0.0,0.0,0.0
05219,05,219,1211,884,327,0,650,7,637,13,189,52,124,97,141,19,0,14,0,0,0,1,0,0,0,0,0,0,0,0,0,0,53.67464905037159,2.0,98.0,29.67032967032967,8.16326530612245,19.46624803767661,15.2276295133438,22.135007849293565,2.9827315541601256,0.0,2.197802197802198,0.0,0.0,0.0,0.15698587127158556,0.0,0.0,0.0,0.0,0.0,0.0,0.0,0.0,0.0,0.0
05220,05,220,1011,735,276,0,497,3,491,6,124,32,130,56,127,8,0,13,0,0,0,1,0,0,0,0,0,0,0,0,0,0,49.15924826904055,1.2072434607645874,98.79275653923541,25.254582484725052,6.517311608961303,26.476578411405292,11.405295315682281,25.865580448065174,1.6293279022403258,0.0,2.6476578411405294,0.0,0.0,0.0,0.20366598778004072,0.0,0.0,0.0,0.0,0.0,0.0,0.0,0.0,0.0,0.0
05221,05,221,776,549,227,0,372,3,368,4,97,27,76,54,86,16,0,11,0,0,0,1,0,0,0,0,0,0,0,0,0,0,47.93814432989691,1.0752688172043012,98.9247311827957,26.358695652173914,7.336956521739131,20.652173913043477,14.673913043478262,23.369565217391305,4.3478260869565215,0.0,2.989130434782609,0.0,0.0,0.0,0.2717391304347826,0.0,0.0,0.0,0.0,0.0,0.0,0.0,0.0,0.0,0.0
05222,05,222,822,572,250,0,394,4,387,7,97,37,78,69,78,22,0,6,0,0,0,0,0,0,0,0,0,0,0,0,0,0,47.93187347931874,1.7766497461928936,98.22335025380711,25.064599483204137,9.560723514211885,20.155038759689923,17.829457364341085,20.155038759689923,5.684754521963824,0.0,1.550387596899225,0.0,0.0,0.0,0.0,0.0,0.0,0.0,0.0,0.0,0.0,0.0,0.0,0.0,0.0
05223,05,223,996,740,256,0,494,3,481,13,125,29,72,57,161,20,0,14,0,0,0,3,0,0,0,0,0,0,0,0,0,0,49.59839357429719,2.631578947368421,97.36842105263158,25.987525987525988,6.029106029106029,14.96881496881497,11.85031185031185,33.471933471933475,4.158004158004158,0.0,2.9106029106029108,0.0,0.0,0.0,0.6237006237006237,0.0,0.0,0.0,0.0,0.0,0.0,0.0,0.0,0.0,0.0
05224,05,224,856,678,178,0,446,2,437,9,104,23,63,56,170,7,0,12,0,0,0,2,0,0,0,0,0,0,0,0,0,0,52.10280373831776,2.0179372197309418,97.98206278026906,23.79862700228833,5.263157894736842,14.416475972540047,12.814645308924485,38.901601830663616,1.6018306636155606,0.0,2.745995423340961,0.0,0.0,0.0,0.4576659038901602,0.0,0.0,0.0,0.0,0.0,0.0,0.0,0.0,0.0,0.0
05225,05,225,912,740,172,0,466,4,456,10,116,29,72,87,125,7,0,17,0,0,0,3,0,0,0,0,0,0,0,0,0,0,51.09649122807017,2.1459227467811157,97.85407725321889,25.438596491228072,6.359649122807018,15.789473684210526,19.078947368421055,27.412280701754387,1.5350877192982455,0.0,3.7280701754385963,0.0,0.0,0.0,0.6578947368421052,0.0,0.0,0.0,0.0,0.0,0.0,0.0,0.0,0.0,0.0
05226,05,226,966,640,326,0,430,6,423,7,97,38,102,56,100,19,0,10,0,0,0,1,0,0,0,0,0,0,0,0,0,0,44.51345755693582,1.627906976744186,98.37209302325581,22.93144208037825,8.983451536643026,24.113475177304963,13.238770685579196,23.64066193853428,4.491725768321513,0.0,2.3640661938534278,0.0,0.0,0.0,0.2364066193853428,0.0,0.0,0.0,0.0,0.0,0.0,0.0,0.0,0.0,0.0
05227,05,227,1223,924,299,0,581,4,572,9,163,46,131,98,104,14,0,15,0,0,0,1,0,0,0,0,0,0,0,0,0,0,47.50613246116108,1.549053356282272,98.45094664371773,28.496503496503493,8.041958041958042,22.9020979020979,17.132867132867133,18.181818181818183,2.4475524475524475,0.0,2.6223776223776225,0.0,0.0,0.0,0.17482517482517482,0.0,0.0,0.0,0.0,0.0,0.0,0.0,0.0,0.0,0.0
05228,05,228,678,474,204,0,331,0,325,6,90,17,106,29,65,8,0,9,0,0,0,1,0,0,0,0,0,0,0,0,0,0,48.82005899705015,1.812688821752266,98.18731117824774,27.692307692307693,5.230769230769231,32.61538461538461,8.923076923076923,20.0,2.4615384615384617,0.0,2.769230769230769,0.0,0.0,0.0,0.3076923076923077,0.0,0.0,0.0,0.0,0.0,0.0,0.0,0.0,0.0,0.0
05229,05,229,925,641,284,0,348,3,344,4,70,16,56,53,127,7,0,14,0,0,0,1,0,0,0,0,0,0,0,0,0,0,37.62162162162162,1.1494252873563218,98.85057471264368,20.348837209302324,4.651162790697675,16.27906976744186,15.406976744186046,36.91860465116279,2.0348837209302326,0.0,4.069767441860465,0.0,0.0,0.0,0.29069767441860467,0.0,0.0,0.0,0.0,0.0,0.0,0.0,0.0,0.0,0.0
05230,05,230,606,466,140,0,304,3,299,5,69,22,67,45,83,3,0,9,0,0,0,1,0,0,0,0,0,0,0,0,0,0,50.165016501650165,1.644736842105263,98.35526315789474,23.076923076923077,7.357859531772576,22.40802675585284,15.050167224080269,27.759197324414714,1.0033444816053512,0.0,3.0100334448160537,0.0,0.0,0.0,0.33444816053511706,0.0,0.0,0.0,0.0,0.0,0.0,0.0,0.0,0.0,0.0
052A,05,2A,0,0,0,0,385,385,382,3,127,38,100,52,48,7,0,9,0,0,0,1,0,0,0,0,0,0,0,0,0,0,inf,0.7792207792207793,99.22077922077922,33.246073298429316,9.947643979057592,26.17801047120419,13.612565445026178,12.56544502617801,1.832460732984293,0.0,2.356020942408377,0.0,0.0,0.0,0.2617801047120419,0.0,0.0,0.0,0.0,0.0,0.0,0.0,0.0,0.0,0.0
052B,05,2B,0,0,0,0,342,342,336,6,115,38,77,42,46,6,0,12,0,0,0,0,0,0,0,0,0,0,0,0,0,0,inf,1.7543859649122806,98.24561403508771,34.226190476190474,11.30952380952381,22.916666666666664,12.5,13.690476190476192,1.7857142857142856,0.0,3.571428571428571,0.0,0.0,0.0,0.0,0.0,0.0,0.0,0.0,0.0,0.0,0.0,0.0,0.0,0.0
052C,05,2C,0,0,0,0,426,426,420,6,130,65,108,47,41,12,0,16,0,0,0,1,0,0,0,0,0,0,0,0,0,0,inf,1.4084507042253522,98.59154929577466,30.952380952380953,15.476190476190476,25.71428571428571,11.190476190476192,9.761904761904763,2.857142857142857,0.0,3.8095238095238098,0.0,0.0,0.0,0.2380952380952381,0.0,0.0,0.0,0.0,0.0,0.0,0.0,0.0,0.0,0.0
052D,05,2D,0,0,0,0,508,508,499,9,170,68,101,84,59,7,0,8,0,0,0,2,0,0,0,0,0,0,0,0,0,0,inf,1.7716535433070866,98.22834645669292,34.06813627254509,13.627254509018035,20.240480961923847,16.83366733466934,11.823647294589177,1.402805611222445,0.0,1.6032064128256511,0.0,0.0,0.0,0.4008016032064128,0.0,0.0,0.0,0.0,0.0,0.0,0.0,0.0,0.0,0.0
052E,05,2E,0,0,0,0,478,478,475,3,153,73,112,51,50,18,0,16,0,0,0,2,0,0,0,0,0,0,0,0,0,0,inf,0.6276150627615062,99.3723849372385,32.21052631578947,15.368421052631579,23.57894736842105,10.73684210526316,10.526315789473683,3.7894736842105265,0.0,3.3684210526315788,0.0,0.0,0.0,0.42105263157894735,0.0,0.0,0.0,0.0,0.0,0.0,0.0,0.0,0.0,0.0
052F,05,2F,0,0,0,0,446,446,441,5,157,38,124,46,59,6,0,9,0,0,0,2,0,0,0,0,0,0,0,0,0,0,inf,1.1210762331838564,98.87892376681614,35.600907029478456,8.616780045351474,28.117913832199548,10.430839002267573,13.378684807256235,1.3605442176870748,0.0,2.0408163265306123,0.0,0.0,0.0,0.45351473922902497,0.0,0.0,0.0,0.0,0.0,0.0,0.0,0.0,0.0,0.0
052G,05,2G,0,0,0,0,504,504,502,2,163,42,142,43,82,13,0,16,0,0,0,1,0,0,0,0,0,0,0,0,0,0,inf,0.3968253968253968,99.60317460317461,32.47011952191235,8.366533864541832,28.286852589641438,8.565737051792828,16.334661354581673,2.589641434262948,0.0,3.187250996015936,0.0,0.0,0.0,0.199203187250996,0.0,0.0,0.0,0.0,0.0,0.0,0.0,0.0,0.0,0.0
052H,05,2H,0,0,0,0,471,471,469,2,138,38,117,45,101,10,0,13,0,0,0,7,0,0,0,0,0,0,0,0,0,0,inf,0.42462845010615713,99.57537154989384,29.42430703624733,8.102345415778252,24.946695095948826,9.594882729211088,21.535181236673772,2.1321961620469083,0.0,2.771855010660981,0.0,0.0,0.0,1.4925373134328357,0.0,0.0,0.0,0.0,0.0,0.0,0.0,0.0,0.0,0.0
052J,05,2J,0,0,0,0,424,424,417,7,143,26,104,47,76,8,0,10,0,0,0,3,0,0,0,0,0,0,0,0,0,0,inf,1.650943396226415,98.34905660377359,34.2925659472422,6.235011990407674,24.940047961630697,11.270983213429256,18.225419664268586,1.9184652278177456,0.0,2.3980815347721824,0.0,0.0,0.0,0.7194244604316548,0.0,0.0,0.0,0.0,0.0,0.0,0.0,0.0,0.0,0.0
052K,05,2K,0,0,0,0,442,442,435,7,136,27,161,28,52,16,0,11,0,0,0,4,0,0,0,0,0,0,0,0,0,0,inf,1.583710407239819,98.41628959276018,31.264367816091955,6.206896551724138,37.01149425287356,6.436781609195402,11.954022988505747,3.67816091954023,0.0,2.528735632183908,0.0,0.0,0.0,0.9195402298850575,0.0,0.0,0.0,0.0,0.0,0.0,0.0,0.0,0.0,0.0
052L,05,2L,0,0,0,0,475,475,468,7,141,47,127,46,76,11,0,15,0,0,0,5,0,0,0,0,0,0,0,0,0,0,inf,1.4736842105263157,98.52631578947368,30.128205128205128,10.042735042735043,27.136752136752136,9.82905982905983,16.23931623931624,2.3504273504273505,0.0,3.205128205128205,0.0,0.0,0.0,1.0683760683760684,0.0,0.0,0.0,0.0,0.0,0.0,0.0,0.0,0.0,0.0
052M,05,2M,0,0,0,0,423,423,419,4,122,59,103,54,51,19,0,9,0,0,0,2,0,0,0,0,0,0,0,0,0,0,inf,0.9456264775413712,99.05437352245863,29.116945107398568,14.081145584725538,24.58233890214797,12.887828162291171,12.17183770883055,4.534606205250596,0.0,2.1479713603818613,0.0,0.0,0.0,0.47732696897374705,0.0,0.0,0.0,0.0,0.0,0.0,0.0,0.0,0.0,0.0
052N,05,2N,0,0,0,0,488,488,486,2,142,49,153,53,63,14,0,10,0,0,0,2,0,0,0,0,0,0,0,0,0,0,inf,0.4098360655737705,99.59016393442623,29.218106995884774,10.08230452674897,31.48148148148148,10.905349794238683,12.962962962962962,2.880658436213992,0.0,2.05761316872428,0.0,0.0,0.0,0.411522633744856,0.0,0.0,0.0,0.0,0.0,0.0,0.0,0.0,0.0,0.0
052P,05,2P,0,0,0,0,418,418,412,6,110,48,132,39,54,18,0,10,0,0,0,1,0,0,0,0,0,0,0,0,0,0,inf,1.4354066985645932,98.56459330143541,26.699029126213592,11.650485436893204,32.038834951456316,9.466019417475728,13.106796116504855,4.368932038834951,0.0,2.4271844660194173,0.0,0.0,0.0,0.24271844660194172,0.0,0.0,0.0,0.0,0.0,0.0,0.0,0.0,0.0,0.0
052Q,05,2Q,0,0,0,0,360,360,351,9,107,24,105,43,49,9,0,13,0,0,0,1,0,0,0,0,0,0,0,0,0,0,inf,2.5,97.5,30.484330484330485,6.837606837606838,29.914529914529915,12.250712250712251,13.96011396011396,2.564102564102564,0.0,3.7037037037037033,0.0,0.0,0.0,0.2849002849002849,0.0,0.0,0.0,0.0,0.0,0.0,0.0,0.0,0.0,0.0
05301,05,301,1119,796,323,0,540,1,534,6,147,19,131,62,138,23,0,13,0,0,0,1,0,0,0,0,0,0,0,0,0,0,48.257372654155496,1.1111111111111112,98.88888888888889,27.52808988764045,3.5580524344569286,24.531835205992508,11.610486891385769,25.842696629213485,4.307116104868914,0.0,2.4344569288389515,0.0,0.0,0.0,0.18726591760299627,0.0,0.0,0.0,0.0,0.0,0.0,0.0,0.0,0.0,0.0
05302,05,302,897,745,152,0,466,5,454,12,132,22,104,91,86,15,0,3,0,0,0,1,0,0,0,0,0,0,0,0,0,0,51.95094760312151,2.575107296137339,97.42489270386267,29.074889867841406,4.845814977973569,22.90748898678414,20.044052863436125,18.94273127753304,3.303964757709251,0.0,0.6607929515418502,0.0,0.0,0.0,0.22026431718061676,0.0,0.0,0.0,0.0,0.0,0.0,0.0,0.0,0.0,0.0
05303,05,303,887,515,371,1,406,8,402,4,99,44,99,48,93,11,0,7,0,0,0,1,0,0,0,0,0,0,0,0,0,0,45.77226606538895,0.9852216748768473,99.01477832512316,24.62686567164179,10.945273631840797,24.62686567164179,11.940298507462686,23.134328358208954,2.736318407960199,0.0,1.7412935323383085,0.0,0.0,0.0,0.24875621890547264,0.0,0.0,0.0,0.0,0.0,0.0,0.0,0.0,0.0,0.0
05304,05,304,964,631,333,0,505,9,498,7,159,23,156,58,78,16,0,7,0,0,0,1,0,0,0,0,0,0,0,0,0,0,52.385892116182575,1.3861386138613863,98.61386138613861,31.92771084337349,4.618473895582329,31.32530120481928,11.646586345381527,15.66265060240964,3.2128514056224895,0.0,1.4056224899598393,0.0,0.0,0.0,0.2008032128514056,0.0,0.0,0.0,0.0,0.0,0.0,0.0,0.0,0.0,0.0
05305,05,305,1192,989,203,0,644,2,635,9,160,34,114,118,167,16,0,21,0,0,0,5,0,0,0,0,0,0,0,0,0,0,54.0268456375839,1.3975155279503106,98.6024844720497,25.196850393700785,5.354330708661418,17.95275590551181,18.58267716535433,26.299212598425196,2.5196850393700787,0.0,3.3070866141732282,0.0,0.0,0.0,0.7874015748031495,0.0,0.0,0.0,0.0,0.0,0.0,0.0,0.0,0.0,0.0
05306,05,306,772,452,320,0,309,2,308,1,96,22,79,37,53,12,0,9,0,0,0,0,0,0,0,0,0,0,0,0,0,0,40.02590673575129,0.3236245954692557,99.67637540453075,31.16883116883117,7.142857142857142,25.649350649350648,12.012987012987013,17.20779220779221,3.896103896103896,0.0,2.922077922077922,0.0,0.0,0.0,0.0,0.0,0.0,0.0,0.0,0.0,0.0,0.0,0.0,0.0,0.0
05307,05,307,1222,952,270,0,550,1,543,7,134,38,90,75,171,14,0,18,0,0,0,3,0,0,0,0,0,0,0,0,0,0,45.00818330605565,1.2727272727272727,98.72727272727273,24.677716390423573,6.998158379373849,16.574585635359114,13.812154696132598,31.491712707182316,2.578268876611418,0.0,3.314917127071823,0.0,0.0,0.0,0.5524861878453038,0.0,0.0,0.0,0.0,0.0,0.0,0.0,0.0,0.0,0.0
05308,05,308,1097,835,262,0,594,2,590,4,155,44,154,70,149,13,0,3,0,0,0,2,0,0,0,0,0,0,0,0,0,0,54.14767547857794,0.6734006734006733,99.32659932659934,26.27118644067797,7.457627118644068,26.101694915254235,11.864406779661017,25.254237288135595,2.2033898305084745,0.0,0.5084745762711864,0.0,0.0,0.0,0.3389830508474576,0.0,0.0,0.0,0.0,0.0,0.0,0.0,0.0,0.0,0.0
05309,05,309,1249,877,372,0,481,2,473,8,125,26,92,76,126,23,0,4,0,0,0,1,0,0,0,0,0,0,0,0,0,0,38.51080864691753,1.6632016632016633,98.33679833679834,26.42706131078224,5.496828752642706,19.45031712473573,16.0676532769556,26.6384778012685,4.862579281183932,0.0,0.8456659619450317,0.0,0.0,0.0,0.21141649048625794,0.0,0.0,0.0,0.0,0.0,0.0,0.0,0.0,0.0,0.0
05310,05,310,1153,784,369,0,495,2,487,8,143,44,82,80,108,13,0,12,0,0,0,5,0,0,0,0,0,0,0,0,0,0,42.93148308759757,1.6161616161616161,98.38383838383838,29.36344969199179,9.034907597535934,16.83778234086242,16.427104722792606,22.176591375770023,2.6694045174537986,0.0,2.4640657084188913,0.0,0.0,0.0,1.0266940451745379,0.0,0.0,0.0,0.0,0.0,0.0,0.0,0.0,0.0,0.0
05311,05,311,1098,801,297,0,582,5,578,4,143,59,131,98,116,16,0,14,0,0,0,1,0,0,0,0,0,0,0,0,0,0,53.00546448087432,0.6872852233676976,99.3127147766323,24.74048442906574,10.207612456747404,22.664359861591695,16.955017301038062,20.069204152249135,2.768166089965398,0.0,2.422145328719723,0.0,0.0,0.0,0.17301038062283738,0.0,0.0,0.0,0.0,0.0,0.0,0.0,0.0,0.0,0.0
05312,05,312,1086,771,315,0,524,2,513,11,133,39,123,75,104,20,0,13,0,0,0,6,0,0,0,0,0,0,0,0,0,0,48.25046040515654,2.099236641221374,97.90076335877863,25.925925925925924,7.602339181286549,23.976608187134502,14.619883040935672,20.2729044834308,3.898635477582846,0.0,2.53411306042885,0.0,0.0,0.0,1.1695906432748537,0.0,0.0,0.0,0.0,0.0,0.0,0.0,0.0,0.0,0.0
05313,05,313,1041,776,265,0,521,3,514,7,133,52,102,61,129,20,0,14,0,0,0,3,0,0,0,0,0,0,0,0,0,0,50.048030739673386,1.3435700575815739,98.65642994241843,25.87548638132296,10.116731517509727,19.844357976653697,11.86770428015564,25.09727626459144,3.8910505836575875,0.0,2.7237354085603114,0.0,0.0,0.0,0.5836575875486382,0.0,0.0,0.0,0.0,0.0,0.0,0.0,0.0,0.0,0.0
05314,05,314,1132,808,324,0,598,3,582,16,156,49,114,73,158,11,0,20,0,0,0,1,0,0,0,0,0,0,0,0,0,0,52.82685512367491,2.6755852842809364,97.32441471571906,26.804123711340207,8.419243986254296,19.587628865979383,12.542955326460481,27.147766323024054,1.8900343642611683,0.0,3.436426116838488,0.0,0.0,0.0,0.1718213058419244,0.0,0.0,0.0,0.0,0.0,0.0,0.0,0.0,0.0,0.0
05315,05,315,1138,713,425,0,606,14,602,4,177,102,135,77,76,15,0,19,0,0,0,1,0,0,0,0,0,0,0,0,0,0,53.25131810193322,0.6600660066006601,99.33993399339934,29.401993355481725,16.943521594684384,22.425249169435215,12.790697674418606,12.624584717607974,2.4916943521594686,0.0,3.1561461794019934,0.0,0.0,0.0,0.16611295681063123,0.0,0.0,0.0,0.0,0.0,0.0,0.0,0.0,0.0,0.0
05316,05,316,1252,889,363,0,614,6,605,9,164,54,108,97,149,16,0,14,0,0,0,3,0,0,0,0,0,0,0,0,0,0,49.04153354632588,1.4657980456026058,98.53420195439739,27.107438016528924,8.925619834710744,17.85123966942149,16.03305785123967,24.628099173553718,2.644628099173554,0.0,2.3140495867768593,0.0,0.0,0.0,0.49586776859504134,0.0,0.0,0.0,0.0,0.0,0.0,0.0,0.0,0.0,0.0
05317,05,317,1044,822,222,0,498,3,487,11,102,28,90,72,160,15,0,17,0,0,0,3,0,0,0,0,0,0,0,0,0,0,47.701149425287355,2.208835341365462,97.79116465863453,20.944558521560573,5.749486652977413,18.480492813141684,14.784394250513348,32.85420944558521,3.0800821355236137,0.0,3.4907597535934287,0.0,0.0,0.0,0.6160164271047228,0.0,0.0,0.0,0.0,0.0,0.0,0.0,0.0,0.0,0.0
05318,05,318,1145,774,371,0,541,8,534,7,161,56,103,88,104,10,0,10,0,0,0,2,0,0,0,0,0,0,0,0,0,0,47.248908296943235,1.2939001848428837,98.70609981515712,30.1498127340824,10.486891385767791,19.288389513108616,16.479400749063668,19.475655430711612,1.8726591760299627,0.0,1.8726591760299627,0.0,0.0,0.0,0.37453183520599254,0.0,0.0,0.0,0.0,0.0,0.0,0.0,0.0,0.0,0.0
05319,05,319,640,539,101,0,293,2,285,8,74,9,55,74,62,8,0,1,0,0,0,2,0,0,0,0,0,0,0,0,0,0,45.78125,2.7303754266211606,97.26962457337885,25.964912280701753,3.1578947368421053,19.298245614035086,25.964912280701753,21.75438596491228,2.807017543859649,0.0,0.3508771929824561,0.0,0.0,0.0,0.7017543859649122,0.0,0.0,0.0,0.0,0.0,0.0,0.0,0.0,0.0,0.0
05320,05,320,900,740,160,0,464,3,458,6,111,21,99,65,138,11,0,11,0,0,0,2,0,0,0,0,0,0,0,0,0,0,51.55555555555556,1.293103448275862,98.70689655172413,24.23580786026201,4.585152838427948,21.61572052401747,14.192139737991265,30.131004366812224,2.4017467248908297,0.0,2.4017467248908297,0.0,0.0,0.0,0.43668122270742354,0.0,0.0,0.0,0.0,0.0,0.0,0.0,0.0,0.0,0.0
05321,05,321,1058,746,312,0,473,3,463,10,135,28,74,92,117,6,0,9,0,0,0,2,0,0,0,0,0,0,0,0,0,0,44.7069943289225,2.1141649048625792,97.88583509513742,29.15766738660907,6.047516198704104,15.982721382289416,19.870410367170628,25.26997840172786,1.2958963282937366,0.0,1.9438444924406046,0.0,0.0,0.0,0.4319654427645789,0.0,0.0,0.0,0.0,0.0,0.0,0.0,0.0,0.0,0.0
05322,05,322,1040,768,272,0,513,8,506,7,137,47,94,67,126,16,0,17,0,0,0,2,0,0,0,0,0,0,0,0,0,0,49.32692307692308,1.364522417153996,98.635477582846,27.07509881422925,9.288537549407115,18.57707509881423,13.24110671936759,24.90118577075099,3.1620553359683794,0.0,3.3596837944664033,0.0,0.0,0.0,0.3952569169960474,0.0,0.0,0.0,0.0,0.0,0.0,0.0,0.0,0.0,0.0
05323,05,323,834,592,242,0,383,1,379,4,82,24,87,98,55,19,0,11,0,0,0,3,0,0,0,0,0,0,0,0,0,0,45.92326139088729,1.0443864229765014,98.9556135770235,21.63588390501319,6.33245382585752,22.95514511873351,25.857519788918204,14.511873350923482,5.013192612137203,0.0,2.9023746701846966,0.0,0.0,0.0,0.79155672823219,0.0,0.0,0.0,0.0,0.0,0.0,0.0,0.0,0.0,0.0
05324,05,324,815,650,165,0,414,4,405,9,110,27,77,68,101,5,0,17,0,0,0,0,0,0,0,0,0,0,0,0,0,0,50.79754601226993,2.1739130434782608,97.82608695652173,27.160493827160494,6.666666666666667,19.012345679012345,16.790123456790123,24.938271604938272,1.2345679012345678,0.0,4.197530864197531,0.0,0.0,0.0,0.0,0.0,0.0,0.0,0.0,0.0,0.0,0.0,0.0,0.0,0.0
05325,05,325,1186,846,340,0,586,8,585,1,157,50,140,94,101,18,0,22,0,0,0,3,0,0,0,0,0,0,0,0,0,0,49.4097807757167,0.17064846416382254,99.82935153583618,26.837606837606838,8.547008547008547,23.931623931623932,16.068376068376068,17.264957264957264,3.076923076923077,0.0,3.7606837606837606,0.0,0.0,0.0,0.5128205128205128,0.0,0.0,0.0,0.0,0.0,0.0,0.0,0.0,0.0,0.0
05326,05,326,1072,727,345,0,423,0,414,9,118,33,99,52,85,15,0,10,0,0,0,2,0,0,0,0,0,0,0,0,0,0,39.4589552238806,2.127659574468085,97.87234042553192,28.502415458937197,7.971014492753622,23.91304347826087,12.560386473429952,20.531400966183575,3.6231884057971016,0.0,2.4154589371980677,0.0,0.0,0.0,0.4830917874396135,0.0,0.0,0.0,0.0,0.0,0.0,0.0,0.0,0.0,0.0
05327,05,327,1015,699,316,0,536,13,531,5,141,66,113,74,98,20,0,14,0,0,0,5,0,0,0,0,0,0,0,0,0,0,52.80788177339901,0.9328358208955223,99.06716417910447,26.55367231638418,12.429378531073446,21.28060263653484,13.93596986817326,18.455743879472696,3.766478342749529,0.0,2.6365348399246704,0.0,0.0,0.0,0.9416195856873822,0.0,0.0,0.0,0.0,0.0,0.0,0.0,0.0,0.0,0.0
05328,05,328,1206,856,350,0,592,3,581,11,167,50,126,100,106,15,0,16,0,0,0,1,0,0,0,0,0,0,0,0,0,0,49.08789386401327,1.8581081081081081,98.1418918918919,28.74354561101549,8.605851979345955,21.686746987951807,17.21170395869191,18.244406196213426,2.5817555938037864,0.0,2.753872633390706,0.0,0.0,0.0,0.17211703958691912,0.0,0.0,0.0,0.0,0.0,0.0,0.0,0.0,0.0,0.0
05329,05,329,897,604,293,0,407,9,405,2,101,45,74,67,85,15,0,15,0,0,0,3,0,0,0,0,0,0,0,0,0,0,45.373467112597545,0.4914004914004914,99.5085995085995,24.938271604938272,11.11111111111111,18.271604938271604,16.543209876543212,20.98765432098765,3.7037037037037033,0.0,3.7037037037037033,0.0,0.0,0.0,0.7407407407407408,0.0,0.0,0.0,0.0,0.0,0.0,0.0,0.0,0.0,0.0
05330,05,330,703,498,205,0,311,5,304,7,75,32,54,56,66,10,0,11,0,0,0,0,0,0,0,0,0,0,0,0,0,0,44.23897581792319,2.2508038585209005,97.7491961414791,24.671052631578945,10.526315789473683,17.763157894736842,18.421052631578945,21.710526315789476,3.289473684210526,0.0,3.618421052631579,0.0,0.0,0.0,0.0,0.0,0.0,0.0,0.0,0.0,0.0,0.0,0.0,0.0,0.0
05331,05,331,718,527,191,0,360,1,352,8,101,25,66,87,52,14,0,7,0,0,0,0,0,0,0,0,0,0,0,0,0,0,50.13927576601671,2.2222222222222223,97.77777777777777,28.693181818181817,7.1022727272727275,18.75,24.71590909090909,14.772727272727273,3.977272727272727,0.0,1.9886363636363635,0.0,0.0,0.0,0.0,0.0,0.0,0.0,0.0,0.0,0.0,0.0,0.0,0.0,0.0
05332,05,332,382,258,124,0,173,4,171,2,43,13,24,37,41,7,0,6,0,0,0,0,0,0,0,0,0,0,0,0,0,0,45.287958115183244,1.1560693641618496,98.84393063583815,25.146198830409354,7.602339181286549,14.035087719298245,21.637426900584796,23.976608187134502,4.093567251461988,0.0,3.508771929824561,0.0,0.0,0.0,0.0,0.0,0.0,0.0,0.0,0.0,0.0,0.0,0.0,0.0,0.0
05333,05,333,682,482,200,0,323,3,321,2,86,31,53,64,66,15,0,6,0,0,0,0,0,0,0,0,0,0,0,0,0,0,47.360703812316714,0.6191950464396285,99.38080495356037,26.791277258566975,9.657320872274143,16.510903426791277,19.937694704049843,20.5607476635514,4.672897196261682,0.0,1.8691588785046727,0.0,0.0,0.0,0.0,0.0,0.0,0.0,0.0,0.0,0.0,0.0,0.0,0.0,0.0
053A,05,3A,0,0,0,0,651,651,641,10,204,72,175,52,92,20,0,25,0,0,0,1,0,0,0,0,0,0,0,0,0,0,inf,1.5360983102918586,98.46390168970814,31.825273010920434,11.23244929797192,27.301092043681745,8.11232449297972,14.35257410296412,3.1201248049921997,0.0,3.9001560062402496,0.0,0.0,0.0,0.15600624024961,0.0,0.0,0.0,0.0,0.0,0.0,0.0,0.0,0.0,0.0
053B,05,3B,0,0,0,0,682,682,677,5,226,90,159,70,88,18,0,26,0,0,0,0,0,0,0,0,0,0,0,0,0,0,inf,0.7331378299120235,99.26686217008798,33.382570162481535,13.293943870014772,23.485967503692763,10.3397341211226,12.998522895125554,2.658788774002954,0.0,3.8404726735598227,0.0,0.0,0.0,0.0,0.0,0.0,0.0,0.0,0.0,0.0,0.0,0.0,0.0,0.0
053C,05,3C,0,0,0,0,536,536,528,8,175,58,118,64,82,11,0,17,0,0,0,3,0,0,0,0,0,0,0,0,0,0,inf,1.4925373134328357,98.50746268656717,33.14393939393939,10.984848484848484,22.348484848484848,12.121212121212121,15.530303030303031,2.083333333333333,0.0,3.2196969696969697,0.0,0.0,0.0,0.5681818181818182,0.0,0.0,0.0,0.0,0.0,0.0,0.0,0.0,0.0,0.0
053D,05,3D,0,0,0,0,561,561,552,9,170,70,120,73,73,22,0,22,0,0,0,2,0,0,0,0,0,0,0,0,0,0,inf,1.6042780748663104,98.3957219251337,30.79710144927536,12.681159420289855,21.73913043478261,13.22463768115942,13.22463768115942,3.985507246376811,0.0,3.985507246376811,0.0,0.0,0.0,0.36231884057971014,0.0,0.0,0.0,0.0,0.0,0.0,0.0,0.0,0.0,0.0
053E,05,3E,0,0,0,0,613,613,612,1,173,69,211,52,68,17,0,21,0,0,0,1,0,0,0,0,0,0,0,0,0,0,inf,0.1631321370309951,99.836867862969,28.26797385620915,11.27450980392157,34.47712418300654,8.49673202614379,11.11111111111111,2.7777777777777777,0.0,3.431372549019608,0.0,0.0,0.0,0.16339869281045752,0.0,0.0,0.0,0.0,0.0,0.0,0.0,0.0,0.0,0.0
053F,05,3F,0,0,0,0,485,485,484,1,155,51,137,45,62,21,0,12,0,0,0,1,0,0,0,0,0,0,0,0,0,0,inf,0.2061855670103093,99.79381443298969,32.02479338842975,10.537190082644628,28.305785123966942,9.297520661157025,12.8099173553719,4.338842975206612,0.0,2.479338842975207,0.0,0.0,0.0,0.2066115702479339,0.0,0.0,0.0,0.0,0.0,0.0,0.0,0.0,0.0,0.0
053G,05,3G,0,0,0,0,453,453,448,5,134,48,97,51,75,22,0,19,0,0,0,2,0,0,0,0,0,0,0,0,0,0,inf,1.1037527593818985,98.89624724061811,29.910714285714285,10.714285714285714,21.651785714285715,11.383928571428571,16.741071428571427,4.910714285714286,0.0,4.241071428571429,0.0,0.0,0.0,0.4464285714285714,0.0,0.0,0.0,0.0,0.0,0.0,0.0,0.0,0.0,0.0
053H,05,3H,0,0,0,0,590,590,583,7,173,88,128,79,68,20,0,25,0,0,0,2,0,0,0,0,0,0,0,0,0,0,inf,1.1864406779661016,98.8135593220339,29.674099485420243,15.09433962264151,21.955403087478558,13.550600343053173,11.663807890222985,3.430531732418525,0.0,4.288164665523156,0.0,0.0,0.0,0.34305317324185247,0.0,0.0,0.0,0.0,0.0,0.0,0.0,0.0,0.0,0.0
053J,05,3J,0,0,0,0,603,603,600,3,196,89,139,71,68,23,0,13,0,0,0,1,0,0,0,0,0,0,0,0,0,0,inf,0.4975124378109453,99.50248756218906,32.666666666666664,14.833333333333334,23.166666666666664,11.833333333333334,11.333333333333332,3.833333333333333,0.0,2.166666666666667,0.0,0.0,0.0,0.16666666666666669,0.0,0.0,0.0,0.0,0.0,0.0,0.0,0.0,0.0,0.0
053K,05,3K,0,0,0,0,479,479,478,1,163,75,135,45,28,13,0,18,0,0,0,1,0,0,0,0,0,0,0,0,0,0,inf,0.20876826722338201,99.79123173277662,34.10041841004184,15.690376569037657,28.24267782426778,9.414225941422593,5.857740585774058,2.7196652719665275,0.0,3.765690376569038,0.0,0.0,0.0,0.20920502092050208,0.0,0.0,0.0,0.0,0.0,0.0,0.0,0.0,0.0,0.0
053L,05,3L,0,0,0,0,313,313,309,4,90,41,74,40,46,7,0,10,0,0,0,1,0,0,0,0,0,0,0,0,0,0,inf,1.2779552715654952,98.7220447284345,29.126213592233007,13.268608414239482,23.948220064724918,12.944983818770226,14.886731391585762,2.26537216828479,0.0,3.2362459546925564,0.0,0.0,0.0,0.3236245954692557,0.0,0.0,0.0,0.0,0.0,0.0,0.0,0.0,0.0,0.0
053M,05,3M,0,0,0,0,524,524,519,5,142,51,156,61,64,24,0,18,0,0,0,3,0,0,0,0,0,0,0,0,0,0,inf,0.9541984732824428,99.04580152671755,27.360308285163775,9.826589595375722,30.057803468208093,11.753371868978805,12.33140655105973,4.624277456647398,0.0,3.4682080924855487,0.0,0.0,0.0,0.5780346820809248,0.0,0.0,0.0,0.0,0.0,0.0,0.0,0.0,0.0,0.0
053N,05,3N,0,0,0,0,389,389,381,8,118,41,105,43,54,12,0,7,0,0,0,1,0,0,0,0,0,0,0,0,0,0,inf,2.056555269922879,97.94344473007712,30.971128608923888,10.761154855643044,27.559055118110237,11.286089238845145,14.173228346456693,3.149606299212598,0.0,1.837270341207349,0.0,0.0,0.0,0.26246719160104987,0.0,0.0,0.0,0.0,0.0,0.0,0.0,0.0,0.0,0.0
053P,05,3P,0,0,0,0,580,580,576,4,175,41,188,66,81,18,0,7,0,0,0,0,0,0,0,0,0,0,0,0,0,0,inf,0.6896551724137931,99.3103448275862,30.381944444444443,7.118055555555555,32.63888888888889,11.458333333333332,14.0625,3.125,0.0,1.215277777777778,0.0,0.0,0.0,0.0,0.0,0.0,0.0,0.0,0.0,0.0,0.0,0.0,0.0,0.0
053Q,05,3Q,0,0,0,0,479,479,473,6,128,51,158,47,61,20,0,8,0,0,0,0,0,0,0,0,0,0,0,0,0,0,inf,1.2526096033402923,98.74739039665971,27.061310782241016,10.782241014799155,33.40380549682875,9.936575052854122,12.896405919661733,4.2283298097251585,0.0,1.6913319238900635,0.0,0.0,0.0,0.0,0.0,0.0,0.0,0.0,0.0,0.0,0.0,0.0,0.0,0.0
053R,05,3R,0,0,0,0,471,471,470,1,116,53,104,86,65,25,0,19,0,0,0,2,0,0,0,0,0,0,0,0,0,0,inf,0.21231422505307856,99.78768577494692,24.680851063829788,11.27659574468085,22.127659574468083,18.29787234042553,13.829787234042554,5.319148936170213,0.0,4.042553191489362,0.0,0.0,0.0,0.425531914893617,0.0,0.0,0.0,0.0,0.0,0.0,0.0,0.0,0.0,0.0
05401,05,401,1338,905,433,0,686,8,677,9,188,55,202,64,140,21,0,7,0,0,0,0,0,0,0,0,0,0,0,0,0,0,51.270553064275035,1.3119533527696794,98.68804664723032,27.76957163958641,8.124076809453472,29.83751846381093,9.453471196454949,20.6794682422452,3.10192023633678,0.0,1.03397341211226,0.0,0.0,0.0,0.0,0.0,0.0,0.0,0.0,0.0,0.0,0.0,0.0,0.0,0.0
05402,05,402,698,469,229,0,367,10,363,4,108,37,111,34,57,12,0,4,0,0,0,0,0,0,0,0,0,0,0,0,0,0,52.57879656160458,1.08991825613079,98.9100817438692,29.75206611570248,10.192837465564738,30.57851239669421,9.366391184573002,15.702479338842975,3.3057851239669422,0.0,1.1019283746556474,0.0,0.0,0.0,0.0,0.0,0.0,0.0,0.0,0.0,0.0,0.0,0.0,0.0,0.0
05403,05,403,922,607,315,0,479,0,477,2,140,38,181,32,64,13,0,8,0,0,0,1,0,0,0,0,0,0,0,0,0,0,51.95227765726681,0.41753653444676403,99.58246346555325,29.350104821802937,7.966457023060797,37.9454926624738,6.708595387840671,13.417190775681343,2.7253668763102725,0.0,1.6771488469601679,0.0,0.0,0.0,0.20964360587002098,0.0,0.0,0.0,0.0,0.0,0.0,0.0,0.0,0.0,0.0
05404,05,404,1027,685,342,0,540,5,534,6,131,59,113,49,142,26,0,12,0,0,0,2,0,0,0,0,0,0,0,0,0,0,52.58033106134372,1.1111111111111112,98.88888888888889,24.531835205992508,11.04868913857678,21.161048689138575,9.176029962546817,26.591760299625467,4.868913857677903,0.0,2.247191011235955,0.0,0.0,0.0,0.37453183520599254,0.0,0.0,0.0,0.0,0.0,0.0,0.0,0.0,0.0,0.0
05405,05,405,1040,693,347,0,580,3,570,10,167,30,180,45,128,6,0,13,0,0,0,1,0,0,0,0,0,0,0,0,0,0,55.769230769230774,1.7241379310344827,98.27586206896551,29.29824561403509,5.263157894736842,31.57894736842105,7.894736842105263,22.45614035087719,1.0526315789473684,0.0,2.280701754385965,0.0,0.0,0.0,0.17543859649122806,0.0,0.0,0.0,0.0,0.0,0.0,0.0,0.0,0.0,0.0
05406,05,406,974,649,325,0,445,0,438,7,98,30,111,39,131,14,0,12,0,0,0,3,0,0,0,0,0,0,0,0,0,0,45.687885010266946,1.5730337078651686,98.42696629213484,22.37442922374429,6.8493150684931505,25.34246575342466,8.904109589041095,29.908675799086758,3.1963470319634704,0.0,2.73972602739726,0.0,0.0,0.0,0.684931506849315,0.0,0.0,0.0,0.0,0.0,0.0,0.0,0.0,0.0,0.0
05407,05,407,964,591,373,0,474,6,467,7,140,31,139,37,105,12,0,2,0,0,0,1,0,0,0,0,0,0,0,0,0,0,49.1701244813278,1.4767932489451476,98.52320675105484,29.978586723768736,6.638115631691649,29.764453961456105,7.922912205567452,22.483940042826553,2.569593147751606,0.0,0.4282655246252677,0.0,0.0,0.0,0.21413276231263384,0.0,0.0,0.0,0.0,0.0,0.0,0.0,0.0,0.0,0.0
05408,05,408,831,719,112,0,389,8,376,13,97,15,63,70,114,8,0,7,0,0,0,2,0,0,0,0,0,0,0,0,0,0,46.81107099879663,3.3419023136246784,96.65809768637533,25.79787234042553,3.9893617021276597,16.75531914893617,18.617021276595743,30.319148936170215,2.127659574468085,0.0,1.8617021276595744,0.0,0.0,0.0,0.5319148936170213,0.0,0.0,0.0,0.0,0.0,0.0,0.0,0.0,0.0,0.0
05409,05,409,1060,719,341,0,584,6,581,3,163,28,169,49,141,19,0,11,0,0,0,1,0,0,0,0,0,0,0,0,0,0,55.094339622641506,0.5136986301369862,99.48630136986301,28.055077452667813,4.819277108433735,29.08777969018933,8.433734939759036,24.268502581755595,3.2702237521514634,0.0,1.8932874354561102,0.0,0.0,0.0,0.17211703958691912,0.0,0.0,0.0,0.0,0.0,0.0,0.0,0.0,0.0,0.0
05410,05,410,1306,956,350,0,585,4,573,12,158,25,135,57,178,13,0,7,0,0,0,0,0,0,0,0,0,0,0,0,0,0,44.793261868300156,2.051282051282051,97.94871794871794,27.57417102966841,4.363001745200698,23.56020942408377,9.947643979057592,31.064572425828967,2.2687609075043627,0.0,1.2216404886561953,0.0,0.0,0.0,0.0,0.0,0.0,0.0,0.0,0.0,0.0,0.0,0.0,0.0,0.0
05411,05,411,951,726,225,0,495,2,490,5,99,23,120,55,168,6,0,18,0,0,0,1,0,0,0,0,0,0,0,0,0,0,52.05047318611987,1.0101010101010102,98.98989898989899,20.20408163265306,4.6938775510204085,24.489795918367346,11.224489795918368,34.285714285714285,1.2244897959183674,0.0,3.6734693877551026,0.0,0.0,0.0,0.20408163265306123,0.0,0.0,0.0,0.0,0.0,0.0,0.0,0.0,0.0,0.0
05412,05,412,1257,963,294,0,638,5,627,11,140,22,156,49,215,23,0,18,0,0,0,4,0,0,0,0,0,0,0,0,0,0,50.7557677008751,1.7241379310344827,98.27586206896551,22.328548644338117,3.508771929824561,24.880382775119617,7.814992025518341,34.29027113237639,3.6682615629984054,0.0,2.8708133971291865,0.0,0.0,0.0,0.6379585326953748,0.0,0.0,0.0,0.0,0.0,0.0,0.0,0.0,0.0,0.0
05413,05,413,1317,899,418,0,588,0,579,9,138,28,168,67,144,17,0,16,0,0,0,1,0,0,0,0,0,0,0,0,0,0,44.64692482915717,1.530612244897959,98.46938775510205,23.83419689119171,4.8359240069084635,29.015544041450774,11.57167530224525,24.870466321243523,2.936096718480138,0.0,2.763385146804836,0.0,0.0,0.0,0.17271157167530224,0.0,0.0,0.0,0.0,0.0,0.0,0.0,0.0,0.0,0.0
05414,05,414,785,624,161,0,422,2,416,6,86,7,101,45,156,9,0,9,0,0,0,3,0,0,0,0,0,0,0,0,0,0,53.75796178343949,1.4218009478672986,98.5781990521327,20.673076923076923,1.6826923076923077,24.278846153846153,10.817307692307693,37.5,2.1634615384615383,0.0,2.1634615384615383,0.0,0.0,0.0,0.7211538461538461,0.0,0.0,0.0,0.0,0.0,0.0,0.0,0.0,0.0,0.0
05415,05,415,1235,893,342,0,519,5,512,7,126,15,94,70,169,13,0,23,0,0,0,2,0,0,0,0,0,0,0,0,0,0,42.02429149797571,1.348747591522158,98.65125240847784,24.609375,2.9296875,18.359375,13.671875,33.0078125,2.5390625,0.0,4.4921875,0.0,0.0,0.0,0.390625,0.0,0.0,0.0,0.0,0.0,0.0,0.0,0.0,0.0,0.0
05416,05,416,1228,677,551,0,525,1,521,4,104,41,165,65,120,13,0,9,0,0,0,4,0,0,0,0,0,0,0,0,0,0,42.75244299674267,0.7619047619047619,99.23809523809524,19.961612284069098,7.869481765834934,31.669865642994242,12.476007677543185,23.032629558541267,2.495201535508637,0.0,1.727447216890595,0.0,0.0,0.0,0.7677543186180422,0.0,0.0,0.0,0.0,0.0,0.0,0.0,0.0,0.0,0.0
05417,05,417,957,639,318,0,527,8,520,7,134,54,150,54,107,16,0,4,0,0,0,1,0,0,0,0,0,0,0,0,0,0,55.067920585161964,1.3282732447817838,98.67172675521822,25.769230769230766,10.384615384615385,28.846153846153843,10.384615384615385,20.576923076923077,3.076923076923077,0.0,0.7692307692307693,0.0,0.0,0.0,0.19230769230769232,0.0,0.0,0.0,0.0,0.0,0.0,0.0,0.0,0.0,0.0
05418,05,418,688,554,134,0,311,1,305,6,68,14,71,34,110,1,0,6,0,0,0,1,0,0,0,0,0,0,0,0,0,0,45.20348837209303,1.929260450160772,98.07073954983923,22.295081967213115,4.590163934426229,23.278688524590162,11.147540983606557,36.0655737704918,0.32786885245901637,0.0,1.9672131147540985,0.0,0.0,0.0,0.32786885245901637,0.0,0.0,0.0,0.0,0.0,0.0,0.0,0.0,0.0,0.0
05419,05,419,1081,668,413,0,557,10,549,8,117,44,166,52,138,18,0,12,0,0,0,2,0,0,0,0,0,0,0,0,0,0,51.5263644773358,1.436265709156194,98.56373429084381,21.311475409836063,8.014571948998178,30.2367941712204,9.47176684881603,25.136612021857925,3.278688524590164,0.0,2.185792349726776,0.0,0.0,0.0,0.36429872495446264,0.0,0.0,0.0,0.0,0.0,0.0,0.0,0.0,0.0,0.0
05420,05,420,1062,612,450,0,511,3,504,7,134,51,159,38,93,22,0,6,0,0,0,1,0,0,0,0,0,0,0,0,0,0,48.11676082862524,1.36986301369863,98.63013698630137,26.58730158730159,10.119047619047619,31.547619047619047,7.5396825396825395,18.452380952380953,4.365079365079365,0.0,1.1904761904761905,0.0,0.0,0.0,0.1984126984126984,0.0,0.0,0.0,0.0,0.0,0.0,0.0,0.0,0.0,0.0
05421,05,421,1158,960,198,0,579,1,566,13,151,28,104,71,179,15,0,17,0,0,0,1,0,0,0,0,0,0,0,0,0,0,50.0,2.2452504317789295,97.75474956822107,26.67844522968198,4.946996466431095,18.374558303886925,12.54416961130742,31.62544169611308,2.65017667844523,0.0,3.0035335689045937,0.0,0.0,0.0,0.17667844522968199,0.0,0.0,0.0,0.0,0.0,0.0,0.0,0.0,0.0,0.0
05422,05,422,942,762,180,0,412,4,403,9,110,9,68,78,115,13,0,9,0,0,0,1,0,0,0,0,0,0,0,0,0,0,43.73673036093418,2.1844660194174756,97.81553398058253,27.29528535980149,2.2332506203473943,16.87344913151365,19.35483870967742,28.53598014888337,3.225806451612903,0.0,2.2332506203473943,0.0,0.0,0.0,0.24813895781637718,0.0,0.0,0.0,0.0,0.0,0.0,0.0,0.0,0.0,0.0
05423,05,423,770,566,204,0,380,4,374,6,96,15,114,53,83,6,0,5,0,0,0,2,0,0,0,0,0,0,0,0,0,0,49.35064935064935,1.5789473684210527,98.42105263157895,25.668449197860966,4.010695187165775,30.481283422459892,14.171122994652407,22.192513368983956,1.6042780748663104,0.0,1.3368983957219251,0.0,0.0,0.0,0.53475935828877,0.0,0.0,0.0,0.0,0.0,0.0,0.0,0.0,0.0,0.0
05424,05,424,1176,892,284,0,597,2,592,5,163,36,146,67,151,13,0,13,0,0,0,3,0,0,0,0,0,0,0,0,0,0,50.76530612244898,0.8375209380234505,99.16247906197655,27.533783783783782,6.081081081081082,24.66216216216216,11.317567567567567,25.506756756756754,2.195945945945946,0.0,2.195945945945946,0.0,0.0,0.0,0.5067567567567568,0.0,0.0,0.0,0.0,0.0,0.0,0.0,0.0,0.0,0.0
05425,05,425,992,656,336,0,469,5,464,5,122,36,127,33,118,15,0,13,0,0,0,0,0,0,0,0,0,0,0,0,0,0,47.278225806451616,1.0660980810234542,98.93390191897655,26.29310344827586,7.758620689655173,27.370689655172413,7.112068965517242,25.43103448275862,3.2327586206896552,0.0,2.8017241379310347,0.0,0.0,0.0,0.0,0.0,0.0,0.0,0.0,0.0,0.0,0.0,0.0,0.0,0.0
05426,05,426,1116,770,346,0,581,8,574,7,138,49,169,53,121,29,0,15,0,0,0,0,0,0,0,0,0,0,0,0,0,0,52.060931899641574,1.2048192771084338,98.79518072289156,24.041811846689896,8.536585365853659,29.442508710801395,9.233449477351916,21.0801393728223,5.052264808362369,0.0,2.6132404181184667,0.0,0.0,0.0,0.0,0.0,0.0,0.0,0.0,0.0,0.0,0.0,0.0,0.0,0.0
05427,05,427,701,563,138,0,328,3,319,9,105,17,50,39,96,7,0,4,0,0,0,1,0,0,0,0,0,0,0,0,0,0,46.79029957203994,2.7439024390243905,97.2560975609756,32.9153605015674,5.329153605015674,15.673981191222571,12.225705329153605,30.094043887147336,2.19435736677116,0.0,1.2539184952978055,0.0,0.0,0.0,0.3134796238244514,0.0,0.0,0.0,0.0,0.0,0.0,0.0,0.0,0.0,0.0
05428,05,428,1078,732,346,0,605,2,599,6,196,32,158,28,150,10,0,20,0,0,0,5,0,0,0,0,0,0,0,0,0,0,56.12244897959183,0.9917355371900827,99.00826446280992,32.7212020033389,5.342237061769616,26.37729549248748,4.674457429048414,25.041736227045075,1.669449081803005,0.0,3.33889816360601,0.0,0.0,0.0,0.8347245409015025,0.0,0.0,0.0,0.0,0.0,0.0,0.0,0.0,0.0,0.0
05429,05,429,895,632,263,0,506,2,496,10,136,48,116,51,111,21,0,11,0,0,0,2,0,0,0,0,0,0,0,0,0,0,56.53631284916201,1.9762845849802373,98.02371541501977,27.419354838709676,9.67741935483871,23.387096774193548,10.28225806451613,22.379032258064516,4.233870967741935,0.0,2.217741935483871,0.0,0.0,0.0,0.4032258064516129,0.0,0.0,0.0,0.0,0.0,0.0,0.0,0.0,0.0,0.0
05430,05,430,1005,625,380,0,489,7,485,4,119,45,138,49,111,13,0,7,0,0,0,3,0,0,0,0,0,0,0,0,0,0,48.656716417910445,0.81799591002045,99.18200408997954,24.536082474226802,9.278350515463918,28.45360824742268,10.103092783505154,22.88659793814433,2.6804123711340204,0.0,1.443298969072165,0.0,0.0,0.0,0.6185567010309279,0.0,0.0,0.0,0.0,0.0,0.0,0.0,0.0,0.0,0.0
054A,05,4A,0,0,0,0,313,313,304,9,94,22,95,31,48,5,0,8,0,0,0,1,0,0,0,0,0,0,0,0,0,0,inf,2.8753993610223643,97.12460063897763,30.92105263157895,7.236842105263158,31.25,10.197368421052632,15.789473684210526,1.644736842105263,0.0,2.631578947368421,0.0,0.0,0.0,0.3289473684210526,0.0,0.0,0.0,0.0,0.0,0.0,0.0,0.0,0.0,0.0
054B,05,4B,0,0,0,0,592,592,582,10,206,46,175,37,85,17,0,14,0,0,0,2,0,0,0,0,0,0,0,0,0,0,inf,1.6891891891891893,98.3108108108108,35.39518900343643,7.903780068728522,30.06872852233677,6.357388316151202,14.604810996563575,2.9209621993127146,0.0,2.405498281786942,0.0,0.0,0.0,0.3436426116838488,0.0,0.0,0.0,0.0,0.0,0.0,0.0,0.0,0.0,0.0
054C,05,4C,0,0,0,0,707,707,704,3,210,56,265,53,92,18,0,9,0,0,0,1,0,0,0,0,0,0,0,0,0,0,inf,0.4243281471004243,99.57567185289957,29.829545454545453,7.954545454545454,37.64204545454545,7.528409090909091,13.068181818181818,2.556818181818182,0.0,1.278409090909091,0.0,0.0,0.0,0.14204545454545456,0.0,0.0,0.0,0.0,0.0,0.0,0.0,0.0,0.0,0.0
054D,05,4D,0,0,0,0,576,576,570,6,175,51,190,35,83,23,0,13,0,0,0,0,0,0,0,0,0,0,0,0,0,0,inf,1.0416666666666665,98.95833333333334,30.701754385964914,8.947368421052632,33.33333333333333,6.140350877192982,14.561403508771932,4.035087719298246,0.0,2.280701754385965,0.0,0.0,0.0,0.0,0.0,0.0,0.0,0.0,0.0,0.0,0.0,0.0,0.0,0.0
054E,05,4E,0,0,0,0,580,580,573,7,147,47,245,31,71,14,0,18,0,0,0,0,0,0,0,0,0,0,0,0,0,0,inf,1.206896551724138,98.79310344827587,25.654450261780106,8.202443280977311,42.75741710296684,5.4101221640488655,12.390924956369982,2.4432809773123907,0.0,3.1413612565445024,0.0,0.0,0.0,0.0,0.0,0.0,0.0,0.0,0.0,0.0,0.0,0.0,0.0,0.0
054F,05,4F,0,0,0,0,408,408,408,0,115,30,130,35,76,20,0,2,0,0,0,0,0,0,0,0,0,0,0,0,0,0,inf,0.0,100.0,28.186274509803923,7.352941176470589,31.862745098039213,8.57843137254902,18.627450980392158,4.901960784313726,0.0,0.49019607843137253,0.0,0.0,0.0,0.0,0.0,0.0,0.0,0.0,0.0,0.0,0.0,0.0,0.0,0.0
054G,05,4G,0,0,0,0,299,299,297,2,90,23,80,30,57,10,0,5,0,0,0,2,0,0,0,0,0,0,0,0,0,0,inf,0.6688963210702341,99.33110367892976,30.303030303030305,7.744107744107744,26.936026936026934,10.1010101010101,19.19191919191919,3.3670033670033668,0.0,1.6835016835016834,0.0,0.0,0.0,0.6734006734006733,0.0,0.0,0.0,0.0,0.0,0.0,0.0,0.0,0.0,0.0
054H,05,4H,0,0,0,0,520,520,511,9,145,28,180,34,97,13,0,13,0,0,0,1,0,0,0,0,0,0,0,0,0,0,inf,1.7307692307692308,98.26923076923076,28.37573385518591,5.47945205479452,35.22504892367906,6.653620352250488,18.98238747553816,2.5440313111545985,0.0,2.5440313111545985,0.0,0.0,0.0,0.19569471624266144,0.0,0.0,0.0,0.0,0.0,0.0,0.0,0.0,0.0,0.0
054J,05,4J,0,0,0,0,418,418,411,7,121,18,123,30,94,13,0,11,0,0,0,1,0,0,0,0,0,0,0,0,0,0,inf,1.674641148325359,98.32535885167464,29.44038929440389,4.37956204379562,29.927007299270077,7.2992700729927,22.871046228710462,3.1630170316301705,0.0,2.67639902676399,0.0,0.0,0.0,0.24330900243309003,0.0,0.0,0.0,0.0,0.0,0.0,0.0,0.0,0.0,0.0
054K,05,4K,0,0,0,0,504,504,498,6,140,35,156,45,90,18,0,14,0,0,0,0,0,0,0,0,0,0,0,0,0,0,inf,1.1904761904761905,98.80952380952381,28.11244979919679,7.028112449799197,31.32530120481928,9.036144578313253,18.072289156626507,3.614457831325301,0.0,2.8112449799196786,0.0,0.0,0.0,0.0,0.0,0.0,0.0,0.0,0.0,0.0,0.0,0.0,0.0,0.0
054L,05,4L,0,0,0,0,658,658,655,3,189,46,220,53,112,13,0,16,0,0,0,6,0,0,0,0,0,0,0,0,0,0,inf,0.4559270516717325,99.54407294832826,28.854961832061072,7.022900763358779,33.587786259541986,8.091603053435115,17.099236641221374,1.984732824427481,0.0,2.4427480916030535,0.0,0.0,0.0,0.9160305343511451,0.0,0.0,0.0,0.0,0.0,0.0,0.0,0.0,0.0,0.0
054M,05,4M,0,0,0,0,623,623,619,4,160,43,232,40,92,37,0,12,0,0,0,3,0,0,0,0,0,0,0,0,0,0,inf,0.6420545746388443,99.35794542536117,25.848142164781905,6.946688206785137,37.47980613893376,6.462035541195476,14.862681744749596,5.977382875605816,0.0,1.938610662358643,0.0,0.0,0.0,0.48465266558966075,0.0,0.0,0.0,0.0,0.0,0.0,0.0,0.0,0.0,0.0
054N,05,4N,0,0,0,0,620,620,616,4,163,70,214,49,72,25,0,17,0,0,0,6,0,0,0,0,0,0,0,0,0,0,inf,0.6451612903225806,99.35483870967742,26.461038961038962,11.363636363636363,34.74025974025974,7.954545454545454,11.688311688311687,4.058441558441558,0.0,2.75974025974026,0.0,0.0,0.0,0.974025974025974,0.0,0.0,0.0,0.0,0.0,0.0,0.0,0.0,0.0,0.0
054P,05,4P,0,0,0,0,707,707,701,6,219,59,233,50,94,26,0,17,0,0,0,3,0,0,0,0,0,0,0,0,0,0,inf,0.8486562942008486,99.15134370579915,31.24108416547789,8.416547788873038,33.238231098430816,7.132667617689016,13.40941512125535,3.7089871611982885,0.0,2.4251069900142657,0.0,0.0,0.0,0.42796005706134094,0.0,0.0,0.0,0.0,0.0,0.0,0.0,0.0,0.0,0.0
054Q,05,4Q,0,0,0,0,954,954,946,8,243,117,362,53,125,33,0,12,0,0,0,1,0,0,0,0,0,0,0,0,0,0,inf,0.8385744234800839,99.16142557651992,25.68710359408034,12.367864693446089,38.266384778012686,5.602536997885835,13.21353065539112,3.488372093023256,0.0,1.2684989429175475,0.0,0.0,0.0,0.10570824524312897,0.0,0.0,0.0,0.0,0.0,0.0,0.0,0.0,0.0,0.0
05501,05,501,971,701,270,0,488,2,479,9,114,47,119,58,115,11,0,14,0,0,0,1,0,0,0,0,0,0,0,0,0,0,50.25746652935118,1.8442622950819672,98.15573770491804,23.799582463465555,9.812108559498958,24.843423799582464,12.10855949895616,24.008350730688935,2.2964509394572024,0.0,2.9227557411273484,0.0,0.0,0.0,0.20876826722338201,0.0,0.0,0.0,0.0,0.0,0.0,0.0,0.0,0.0,0.0
05502,05,502,1155,790,365,0,567,9,562,5,162,66,144,47,122,15,0,5,0,0,0,1,0,0,0,0,0,0,0,0,0,0,49.09090909090909,0.8818342151675485,99.11816578483244,28.825622775800714,11.743772241992882,25.622775800711743,8.362989323843415,21.70818505338078,2.6690391459074734,0.0,0.8896797153024912,0.0,0.0,0.0,0.1779359430604982,0.0,0.0,0.0,0.0,0.0,0.0,0.0,0.0,0.0,0.0
05503,05,503,791,544,247,0,473,5,469,4,139,50,155,24,79,21,0,1,0,0,0,0,0,0,0,0,0,0,0,0,0,0,59.797724399494314,0.8456659619450317,99.15433403805497,29.637526652452024,10.660980810234541,33.04904051172708,5.11727078891258,16.844349680170577,4.477611940298507,0.0,0.21321961620469082,0.0,0.0,0.0,0.0,0.0,0.0,0.0,0.0,0.0,0.0,0.0,0.0,0.0,0.0
05504,05,504,891,562,329,0,464,4,460,4,139,61,143,27,55,24,0,9,0,0,0,2,0,0,0,0,0,0,0,0,0,0,52.07631874298541,0.8620689655172413,99.13793103448276,30.217391304347824,13.260869565217392,31.08695652173913,5.869565217391305,11.956521739130435,5.217391304347826,0.0,1.956521739130435,0.0,0.0,0.0,0.43478260869565216,0.0,0.0,0.0,0.0,0.0,0.0,0.0,0.0,0.0,0.0
05505,05,505,1072,615,457,0,481,7,477,4,131,43,169,29,81,21,0,3,0,0,0,0,0,0,0,0,0,0,0,0,0,0,44.86940298507462,0.8316008316008316,99.16839916839916,27.463312368972748,9.014675052410901,35.42976939203354,6.079664570230608,16.9811320754717,4.40251572327044,0.0,0.628930817610063,0.0,0.0,0.0,0.0,0.0,0.0,0.0,0.0,0.0,0.0,0.0,0.0,0.0,0.0
05506,05,506,1040,721,319,0,598,6,593,5,179,55,185,43,96,24,0,11,0,0,0,0,0,0,0,0,0,0,0,0,0,0,57.49999999999999,0.8361204013377926,99.1638795986622,30.185497470489036,9.27487352445194,31.197301854974707,7.251264755480608,16.188870151770658,4.0472175379426645,0.0,1.854974704890388,0.0,0.0,0.0,0.0,0.0,0.0,0.0,0.0,0.0,0.0,0.0,0.0,0.0,0.0
05507,05,507,979,639,340,0,530,8,530,0,158,70,167,22,80,29,0,4,0,0,0,0,0,0,0,0,0,0,0,0,0,0,54.13687436159347,0.0,100.0,29.81132075471698,13.20754716981132,31.50943396226415,4.150943396226415,15.09433962264151,5.471698113207547,0.0,0.7547169811320755,0.0,0.0,0.0,0.0,0.0,0.0,0.0,0.0,0.0,0.0,0.0,0.0,0.0,0.0
05508,05,508,930,628,302,0,542,8,533,9,131,73,189,24,79,30,0,6,0,0,0,1,0,0,0,0,0,0,0,0,0,0,58.27956989247311,1.6605166051660518,98.33948339483395,24.577861163227016,13.696060037523452,35.45966228893058,4.50281425891182,14.821763602251407,5.628517823639775,0.0,1.125703564727955,0.0,0.0,0.0,0.18761726078799248,0.0,0.0,0.0,0.0,0.0,0.0,0.0,0.0,0.0,0.0
05509,05,509,767,493,274,0,419,10,415,4,91,63,131,30,65,27,0,7,0,0,0,1,0,0,0,0,0,0,0,0,0,0,54.628422425032596,0.9546539379474941,99.0453460620525,21.927710843373493,15.180722891566264,31.566265060240962,7.228915662650602,15.66265060240964,6.506024096385541,0.0,1.6867469879518073,0.0,0.0,0.0,0.24096385542168677,0.0,0.0,0.0,0.0,0.0,0.0,0.0,0.0,0.0,0.0
05510,05,510,970,642,328,0,531,6,530,1,139,61,176,32,85,27,0,10,0,0,0,0,0,0,0,0,0,0,0,0,0,0,54.74226804123712,0.18832391713747645,99.81167608286252,26.22641509433962,11.50943396226415,33.20754716981132,6.037735849056604,16.037735849056602,5.09433962264151,0.0,1.8867924528301887,0.0,0.0,0.0,0.0,0.0,0.0,0.0,0.0,0.0,0.0,0.0,0.0,0.0,0.0
05511,05,511,903,563,340,0,485,7,476,9,119,54,180,27,70,25,0,1,0,0,0,0,0,0,0,0,0,0,0,0,0,0,53.70985603543743,1.8556701030927836,98.14432989690721,25.0,11.344537815126051,37.81512605042017,5.6722689075630255,14.705882352941178,5.2521008403361344,0.0,0.21008403361344538,0.0,0.0,0.0,0.0,0.0,0.0,0.0,0.0,0.0,0.0,0.0,0.0,0.0,0.0
05512,05,512,847,516,331,0,447,6,446,1,101,46,186,12,67,27,0,7,0,0,0,0,0,0,0,0,0,0,0,0,0,0,52.77449822904369,0.22371364653243847,99.77628635346755,22.6457399103139,10.31390134529148,41.70403587443946,2.690582959641256,15.022421524663676,6.053811659192825,0.0,1.5695067264573992,0.0,0.0,0.0,0.0,0.0,0.0,0.0,0.0,0.0,0.0,0.0,0.0,0.0,0.0
05513,05,513,1006,728,278,0,640,4,636,4,188,47,225,36,94,36,0,8,0,0,0,2,0,0,0,0,0,0,0,0,0,0,63.618290258449306,0.625,99.375,29.559748427672954,7.3899371069182385,35.37735849056604,5.660377358490567,14.779874213836477,5.660377358490567,0.0,1.257861635220126,0.0,0.0,0.0,0.3144654088050315,0.0,0.0,0.0,0.0,0.0,0.0,0.0,0.0,0.0,0.0
05514,05,514,955,771,184,0,434,2,420,14,86,9,82,66,156,12,0,8,0,0,0,1,0,0,0,0,0,0,0,0,0,0,45.44502617801047,3.225806451612903,96.7741935483871,20.476190476190474,2.142857142857143,19.523809523809526,15.714285714285714,37.142857142857146,2.857142857142857,0.0,1.9047619047619049,0.0,0.0,0.0,0.2380952380952381,0.0,0.0,0.0,0.0,0.0,0.0,0.0,0.0,0.0,0.0
05515,05,515,1038,642,396,0,519,10,510,9,138,44,168,37,85,29,0,9,0,0,0,0,0,0,0,0,0,0,0,0,0,0,50.0,1.7341040462427744,98.26589595375722,27.058823529411764,8.627450980392156,32.94117647058823,7.254901960784315,16.666666666666664,5.686274509803922,0.0,1.7647058823529411,0.0,0.0,0.0,0.0,0.0,0.0,0.0,0.0,0.0,0.0,0.0,0.0,0.0,0.0
05516,05,516,1188,789,399,0,618,7,610,8,175,68,200,30,99,32,0,5,0,0,0,1,0,0,0,0,0,0,0,0,0,0,52.02020202020202,1.2944983818770228,98.70550161812298,28.688524590163933,11.147540983606557,32.78688524590164,4.918032786885246,16.229508196721312,5.245901639344262,0.0,0.819672131147541,0.0,0.0,0.0,0.16393442622950818,0.0,0.0,0.0,0.0,0.0,0.0,0.0,0.0,0.0,0.0
05517,05,517,982,732,250,0,496,8,482,14,138,32,110,54,126,6,0,14,0,0,0,2,0,0,0,0,0,0,0,0,0,0,50.509164969450104,2.82258064516129,97.17741935483872,28.63070539419087,6.639004149377594,22.821576763485478,11.20331950207469,26.141078838174277,1.2448132780082988,0.0,2.904564315352697,0.0,0.0,0.0,0.4149377593360996,0.0,0.0,0.0,0.0,0.0,0.0,0.0,0.0,0.0,0.0
05518,05,518,898,531,367,0,469,10,465,4,102,54,173,25,78,24,0,9,0,0,0,0,0,0,0,0,0,0,0,0,0,0,52.2271714922049,0.8528784648187633,99.14712153518124,21.935483870967744,11.612903225806452,37.204301075268816,5.376344086021505,16.7741935483871,5.161290322580645,0.0,1.935483870967742,0.0,0.0,0.0,0.0,0.0,0.0,0.0,0.0,0.0,0.0,0.0,0.0,0.0,0.0
05519,05,519,948,678,270,0,474,6,470,4,111,24,142,48,115,20,0,9,0,0,0,1,0,0,0,0,0,0,0,0,0,0,50.0,0.8438818565400843,99.15611814345992,23.617021276595747,5.106382978723404,30.21276595744681,10.212765957446807,24.46808510638298,4.25531914893617,0.0,1.9148936170212765,0.0,0.0,0.0,0.2127659574468085,0.0,0.0,0.0,0.0,0.0,0.0,0.0,0.0,0.0,0.0
05520,05,520,1118,850,268,0,549,3,543,6,143,20,153,67,139,10,0,8,0,0,0,3,0,0,0,0,0,0,0,0,0,0,49.105545617173526,1.092896174863388,98.90710382513662,26.335174953959484,3.683241252302026,28.176795580110497,12.338858195211786,25.59852670349908,1.841620626151013,0.0,1.4732965009208103,0.0,0.0,0.0,0.5524861878453038,0.0,0.0,0.0,0.0,0.0,0.0,0.0,0.0,0.0,0.0
05521,05,521,1097,872,225,0,474,5,460,14,104,16,69,94,152,11,0,11,0,0,0,3,0,0,0,0,0,0,0,0,0,0,43.20875113947128,2.9535864978902953,97.0464135021097,22.608695652173914,3.4782608695652173,15.0,20.434782608695652,33.04347826086956,2.391304347826087,0.0,2.391304347826087,0.0,0.0,0.0,0.6521739130434783,0.0,0.0,0.0,0.0,0.0,0.0,0.0,0.0,0.0,0.0
05522,05,522,944,628,316,0,521,4,513,8,177,59,152,32,76,10,0,7,0,0,0,0,0,0,0,0,0,0,0,0,0,0,55.190677966101696,1.5355086372360844,98.46449136276392,34.50292397660819,11.500974658869396,29.629629629629626,6.237816764132553,14.814814814814813,1.949317738791423,0.0,1.364522417153996,0.0,0.0,0.0,0.0,0.0,0.0,0.0,0.0,0.0,0.0,0.0,0.0,0.0,0.0
05523,05,523,963,600,363,0,515,8,511,4,142,53,191,17,76,29,0,3,0,0,0,0,0,0,0,0,0,0,0,0,0,0,53.47871235721703,0.7766990291262136,99.22330097087378,27.788649706457925,10.371819960861057,37.37769080234833,3.326810176125244,14.87279843444227,5.6751467710371815,0.0,0.5870841487279843,0.0,0.0,0.0,0.0,0.0,0.0,0.0,0.0,0.0,0.0,0.0,0.0,0.0,0.0
05524,05,524,975,593,382,0,534,5,526,8,178,67,166,16,66,24,0,6,0,0,0,3,0,0,0,0,0,0,0,0,0,0,54.769230769230774,1.4981273408239701,98.50187265917603,33.840304182509506,12.737642585551331,31.55893536121673,3.041825095057034,12.547528517110266,4.562737642585551,0.0,1.1406844106463878,0.0,0.0,0.0,0.5703422053231939,0.0,0.0,0.0,0.0,0.0,0.0,0.0,0.0,0.0,0.0
05525,05,525,795,488,307,0,422,7,418,4,115,55,122,22,67,25,0,12,0,0,0,0,0,0,0,0,0,0,0,0,0,0,53.081761006289305,0.9478672985781991,99.0521327014218,27.51196172248804,13.157894736842104,29.1866028708134,5.263157894736842,16.028708133971293,5.980861244019139,0.0,2.8708133971291865,0.0,0.0,0.0,0.0,0.0,0.0,0.0,0.0,0.0,0.0,0.0,0.0,0.0,0.0
05526,05,526,1099,771,328,0,583,5,579,4,149,33,165,56,148,21,0,6,0,0,0,1,0,0,0,0,0,0,0,0,0,0,53.04822565969063,0.6861063464837049,99.31389365351629,25.734024179620036,5.699481865284974,28.497409326424872,9.671848013816927,25.561312607944732,3.6269430051813467,0.0,1.0362694300518136,0.0,0.0,0.0,0.17271157167530224,0.0,0.0,0.0,0.0,0.0,0.0,0.0,0.0,0.0,0.0
05527,05,527,1396,1169,227,0,568,4,556,12,122,13,78,104,212,15,0,10,0,0,0,2,0,0,0,0,0,0,0,0,0,0,40.68767908309456,2.112676056338028,97.88732394366197,21.942446043165468,2.338129496402878,14.028776978417264,18.705035971223023,38.1294964028777,2.697841726618705,0.0,1.7985611510791366,0.0,0.0,0.0,0.3597122302158274,0.0,0.0,0.0,0.0,0.0,0.0,0.0,0.0,0.0,0.0
05528,05,528,886,614,272,0,479,3,474,5,116,80,167,32,57,13,0,8,0,0,0,1,0,0,0,0,0,0,0,0,0,0,54.06320541760722,1.0438413361169103,98.95615866388309,24.47257383966245,16.877637130801688,35.232067510548525,6.751054852320674,12.025316455696203,2.7426160337552745,0.0,1.6877637130801686,0.0,0.0,0.0,0.21097046413502107,0.0,0.0,0.0,0.0,0.0,0.0,0.0,0.0,0.0,0.0
05529,05,529,891,552,339,0,492,16,490,2,124,62,197,23,48,28,0,7,0,0,0,1,0,0,0,0,0,0,0,0,0,0,55.218855218855225,0.40650406504065045,99.59349593495935,25.30612244897959,12.653061224489795,40.20408163265306,4.6938775510204085,9.795918367346939,5.714285714285714,0.0,1.4285714285714286,0.0,0.0,0.0,0.20408163265306123,0.0,0.0,0.0,0.0,0.0,0.0,0.0,0.0,0.0,0.0
05530,05,530,930,713,217,0,500,2,482,18,117,31,112,76,120,11,0,13,0,0,0,2,0,0,0,0,0,0,0,0,0,0,53.76344086021505,3.5999999999999996,96.39999999999999,24.273858921161825,6.431535269709543,23.236514522821576,15.767634854771783,24.896265560165975,2.2821576763485476,0.0,2.6970954356846475,0.0,0.0,0.0,0.4149377593360996,0.0,0.0,0.0,0.0,0.0,0.0,0.0,0.0,0.0,0.0
05531,05,531,810,533,277,0,461,9,458,3,108,43,122,34,121,16,0,13,0,0,0,1,0,0,0,0,0,0,0,0,0,0,56.913580246913575,0.6507592190889371,99.34924078091106,23.580786026200872,9.388646288209607,26.637554585152838,7.423580786026202,26.419213973799128,3.4934497816593884,0.0,2.8384279475982535,0.0,0.0,0.0,0.21834061135371177,0.0,0.0,0.0,0.0,0.0,0.0,0.0,0.0,0.0,0.0
05532,05,532,1007,749,258,0,693,8,684,9,179,73,237,36,112,40,0,7,0,0,0,0,0,0,0,0,0,0,0,0,0,0,68.81827209533267,1.2987012987012987,98.7012987012987,26.169590643274855,10.67251461988304,34.64912280701755,5.263157894736842,16.374269005847953,5.847953216374268,0.0,1.023391812865497,0.0,0.0,0.0,0.0,0.0,0.0,0.0,0.0,0.0,0.0,0.0,0.0,0.0,0.0
055A,05,5A,0,0,0,0,489,489,481,8,158,29,167,34,64,16,0,13,0,0,0,0,0,0,0,0,0,0,0,0,0,0,inf,1.6359918200409,98.3640081799591,32.84823284823285,6.029106029106029,34.71933471933472,7.0686070686070686,13.305613305613306,3.3264033264033266,0.0,2.7027027027027026,0.0,0.0,0.0,0.0,0.0,0.0,0.0,0.0,0.0,0.0,0.0,0.0,0.0,0.0
055B,05,5B,0,0,0,0,597,597,591,6,184,44,240,23,72,18,0,10,0,0,0,0,0,0,0,0,0,0,0,0,0,0,inf,1.0050251256281406,98.99497487437185,31.1336717428088,7.4450084602368864,40.609137055837564,3.8917089678511,12.18274111675127,3.0456852791878175,0.0,1.6920473773265652,0.0,0.0,0.0,0.0,0.0,0.0,0.0,0.0,0.0,0.0,0.0,0.0,0.0,0.0
055C,05,5C,0,0,0,0,570,570,567,3,201,36,137,47,114,12,0,19,0,0,0,1,0,0,0,0,0,0,0,0,0,0,inf,0.5263157894736842,99.47368421052632,35.44973544973545,6.349206349206349,24.16225749559083,8.289241622574956,20.105820105820104,2.1164021164021163,0.0,3.3509700176366843,0.0,0.0,0.0,0.1763668430335097,0.0,0.0,0.0,0.0,0.0,0.0,0.0,0.0,0.0,0.0
055D,05,5D,0,0,0,0,451,451,445,6,151,37,117,50,61,14,0,14,0,0,0,1,0,0,0,0,0,0,0,0,0,0,inf,1.3303769401330376,98.66962305986696,33.93258426966292,8.314606741573034,26.29213483146067,11.235955056179774,13.707865168539326,3.146067415730337,0.0,3.146067415730337,0.0,0.0,0.0,0.22471910112359553,0.0,0.0,0.0,0.0,0.0,0.0,0.0,0.0,0.0,0.0
055E,05,5E,0,0,0,0,553,553,547,6,174,57,166,52,68,13,0,16,0,0,0,1,0,0,0,0,0,0,0,0,0,0,inf,1.0849909584086799,98.91500904159132,31.809872029250457,10.420475319926874,30.347349177330894,9.506398537477148,12.431444241316271,2.376599634369287,0.0,2.9250457038391224,0.0,0.0,0.0,0.18281535648994515,0.0,0.0,0.0,0.0,0.0,0.0,0.0,0.0,0.0,0.0
055F,05,5F,0,0,0,0,786,786,780,6,232,87,314,35,64,32,0,13,0,0,0,3,0,0,0,0,0,0,0,0,0,0,inf,0.7633587786259541,99.23664122137404,29.743589743589745,11.153846153846155,40.256410256410255,4.487179487179487,8.205128205128204,4.102564102564102,0.0,1.6666666666666667,0.0,0.0,0.0,0.38461538461538464,0.0,0.0,0.0,0.0,0.0,0.0,0.0,0.0,0.0,0.0
055G,05,5G,0,0,0,0,530,530,527,3,141,64,215,21,56,22,0,8,0,0,0,0,0,0,0,0,0,0,0,0,0,0,inf,0.5660377358490566,99.43396226415095,26.755218216318788,12.144212523719165,40.79696394686907,3.984819734345351,10.62618595825427,4.174573055028463,0.0,1.5180265654648957,0.0,0.0,0.0,0.0,0.0,0.0,0.0,0.0,0.0,0.0,0.0,0.0,0.0,0.0
055H,05,5H,0,0,0,0,626,626,620,6,159,81,283,31,40,17,0,8,0,0,0,1,0,0,0,0,0,0,0,0,0,0,inf,0.9584664536741214,99.04153354632588,25.645161290322584,13.064516129032258,45.645161290322584,5.0,6.451612903225806,2.741935483870968,0.0,1.2903225806451613,0.0,0.0,0.0,0.16129032258064516,0.0,0.0,0.0,0.0,0.0,0.0,0.0,0.0,0.0,0.0
055J,05,5J,0,0,0,0,817,817,811,6,232,84,319,47,66,51,0,8,0,0,0,4,0,0,0,0,0,0,0,0,0,0,inf,0.7343941248470013,99.265605875153,28.606658446362516,10.35758323057953,39.33415536374846,5.7953144266337855,8.138101109741061,6.288532675709001,0.0,0.9864364981504316,0.0,0.0,0.0,0.4932182490752158,0.0,0.0,0.0,0.0,0.0,0.0,0.0,0.0,0.0,0.0
055K,05,5K,0,0,0,0,590,590,589,1,152,78,243,21,54,28,0,11,0,0,0,2,0,0,0,0,0,0,0,0,0,0,inf,0.1694915254237288,99.83050847457628,25.806451612903224,13.242784380305602,41.25636672325976,3.5653650254668934,9.168081494057725,4.753820033955857,0.0,1.8675721561969438,0.0,0.0,0.0,0.3395585738539898,0.0,0.0,0.0,0.0,0.0,0.0,0.0,0.0,0.0,0.0
055L,05,5L,0,0,0,0,619,619,615,4,190,79,227,29,57,24,0,9,0,0,0,0,0,0,0,0,0,0,0,0,0,0,inf,0.6462035541195477,99.35379644588045,30.89430894308943,12.845528455284553,36.91056910569105,4.715447154471545,9.268292682926829,3.902439024390244,0.0,1.4634146341463417,0.0,0.0,0.0,0.0,0.0,0.0,0.0,0.0,0.0,0.0,0.0,0.0,0.0,0.0
055M,05,5M,0,0,0,0,676,676,668,8,185,78,267,32,57,35,0,8,0,0,0,6,0,0,0,0,0,0,0,0,0,0,inf,1.183431952662722,98.81656804733728,27.694610778443113,11.676646706586826,39.970059880239525,4.790419161676647,8.532934131736528,5.239520958083832,0.0,1.1976047904191618,0.0,0.0,0.0,0.8982035928143712,0.0,0.0,0.0,0.0,0.0,0.0,0.0,0.0,0.0,0.0
055N,05,5N,0,0,0,0,657,657,649,8,165,83,292,20,49,34,0,5,0,0,0,1,0,0,0,0,0,0,0,0,0,0,inf,1.21765601217656,98.78234398782344,25.423728813559322,12.788906009244993,44.99229583975347,3.0816640986132513,7.550077041602465,5.238828967642527,0.0,0.7704160246533128,0.0,0.0,0.0,0.15408320493066258,0.0,0.0,0.0,0.0,0.0,0.0,0.0,0.0,0.0,0.0
055P,05,5P,0,0,0,0,503,503,501,2,136,60,193,34,42,28,0,7,0,0,0,1,0,0,0,0,0,0,0,0,0,0,inf,0.3976143141153081,99.60238568588468,27.14570858283433,11.976047904191617,38.522954091816366,6.786427145708583,8.383233532934131,5.588822355289421,0.0,1.3972055888223553,0.0,0.0,0.0,0.19960079840319359,0.0,0.0,0.0,0.0,0.0,0.0,0.0,0.0,0.0,0.0
055Q,05,5Q,0,0,0,0,584,584,579,5,159,81,215,24,66,17,0,16,0,0,0,1,0,0,0,0,0,0,0,0,0,0,inf,0.8561643835616438,99.14383561643835,27.461139896373055,13.989637305699482,37.13298791018998,4.145077720207254,11.398963730569948,2.936096718480138,0.0,2.763385146804836,0.0,0.0,0.0,0.17271157167530224,0.0,0.0,0.0,0.0,0.0,0.0,0.0,0.0,0.0,0.0
06101,06,101,1284,664,620,0,568,10,564,4,100,140,178,51,58,26,0,0,0,6,0,0,0,0,5,0,0,0,0,0,0,0,44.23676012461059,0.7042253521126761,99.29577464788733,17.73049645390071,24.822695035460992,31.560283687943265,9.042553191489363,10.28368794326241,4.609929078014184,0.0,0.0,0.0,1.0638297872340425,0.0,0.0,0.0,0.0,0.8865248226950355,0.0,0.0,0.0,0.0,0.0,0.0,0.0
06102,06,102,1284,625,659,0,519,8,518,1,111,140,123,64,53,21,0,0,0,5,0,0,0,0,1,0,0,0,0,0,0,0,40.42056074766355,0.1926782273603083,99.8073217726397,21.428571428571427,27.027027027027028,23.745173745173744,12.355212355212355,10.231660231660232,4.054054054054054,0.0,0.0,0.0,0.9652509652509652,0.0,0.0,0.0,0.0,0.19305019305019305,0.0,0.0,0.0,0.0,0.0,0.0,0.0
06103,06,103,1228,768,460,0,606,15,601,5,131,178,89,115,52,27,0,0,0,6,0,0,0,0,3,0,0,0,0,0,0,0,49.34853420195439,0.825082508250825,99.17491749174917,21.79700499168053,29.61730449251248,14.80865224625624,19.13477537437604,8.652246256239602,4.492512479201332,0.0,0.0,0.0,0.9983361064891847,0.0,0.0,0.0,0.0,0.49916805324459235,0.0,0.0,0.0,0.0,0.0,0.0,0.0
06104,06,104,1301,729,572,0,601,7,596,5,150,184,130,74,35,16,0,0,0,3,0,0,0,0,4,0,0,0,0,0,0,0,46.19523443504996,0.8319467554076538,99.16805324459234,25.16778523489933,30.87248322147651,21.812080536912752,12.416107382550337,5.87248322147651,2.684563758389262,0.0,0.0,0.0,0.5033557046979865,0.0,0.0,0.0,0.0,0.6711409395973155,0.0,0.0,0.0,0.0,0.0,0.0,0.0
06105,06,105,1160,661,499,0,508,13,505,3,144,113,86,71,59,22,0,0,0,5,0,0,0,0,5,0,0,0,0,0,0,0,43.79310344827586,0.5905511811023622,99.40944881889764,28.51485148514851,22.37623762376238,17.02970297029703,14.059405940594061,11.683168316831685,4.356435643564356,0.0,0.0,0.0,0.9900990099009901,0.0,0.0,0.0,0.0,0.9900990099009901,0.0,0.0,0.0,0.0,0.0,0.0,0.0
06106,06,106,1105,723,382,0,502,10,496,6,130,115,110,64,62,7,0,0,0,4,0,0,0,0,4,0,0,0,0,0,0,0,45.42986425339367,1.1952191235059761,98.80478087649402,26.209677419354836,23.18548387096774,22.177419354838708,12.903225806451612,12.5,1.411290322580645,0.0,0.0,0.0,0.8064516129032258,0.0,0.0,0.0,0.0,0.8064516129032258,0.0,0.0,0.0,0.0,0.0,0.0,0.0
06107,06,107,1190,735,455,0,597,4,588,9,149,138,114,73,79,20,0,0,0,11,0,0,0,0,4,0,0,0,0,0,0,0,50.168067226890756,1.507537688442211,98.49246231155779,25.34013605442177,23.46938775510204,19.387755102040817,12.414965986394558,13.435374149659864,3.4013605442176873,0.0,0.0,0.0,1.870748299319728,0.0,0.0,0.0,0.0,0.6802721088435374,0.0,0.0,0.0,0.0,0.0,0.0,0.0
06108,06,108,1282,690,592,0,583,9,578,5,125,181,136,62,47,19,0,0,0,5,0,0,0,0,3,0,0,0,0,0,0,0,45.47581903276131,0.8576329331046313,99.14236706689536,21.62629757785467,31.314878892733567,23.52941176470588,10.726643598615917,8.131487889273355,3.2871972318339098,0.0,0.0,0.0,0.8650519031141869,0.0,0.0,0.0,0.0,0.5190311418685121,0.0,0.0,0.0,0.0,0.0,0.0,0.0
06109,06,109,1272,778,494,0,601,14,590,11,130,172,131,76,54,17,0,0,0,6,0,0,0,0,4,0,0,0,0,0,0,0,47.24842767295597,1.8302828618968388,98.16971713810317,22.033898305084744,29.152542372881356,22.203389830508474,12.88135593220339,9.152542372881356,2.8813559322033897,0.0,0.0,0.0,1.0169491525423728,0.0,0.0,0.0,0.0,0.6779661016949152,0.0,0.0,0.0,0.0,0.0,0.0,0.0
06110,06,110,1156,681,475,0,527,11,525,2,118,137,110,69,52,29,0,0,0,5,0,0,0,0,5,0,0,0,0,0,0,0,45.588235294117645,0.3795066413662239,99.62049335863378,22.476190476190478,26.095238095238095,20.952380952380953,13.142857142857142,9.904761904761905,5.523809523809524,0.0,0.0,0.0,0.9523809523809524,0.0,0.0,0.0,0.0,0.9523809523809524,0.0,0.0,0.0,0.0,0.0,0.0,0.0
06111,06,111,1126,722,404,0,601,8,595,6,147,132,143,71,80,12,0,0,0,5,0,0,0,0,5,0,0,0,0,0,0,0,53.37477797513321,0.9983361064891847,99.00166389351082,24.705882352941178,22.18487394957983,24.03361344537815,11.932773109243698,13.445378151260504,2.0168067226890756,0.0,0.0,0.0,0.8403361344537815,0.0,0.0,0.0,0.0,0.8403361344537815,0.0,0.0,0.0,0.0,0.0,0.0,0.0
06112,06,112,1264,833,431,0,629,16,627,2,130,120,140,106,101,20,0,0,0,9,0,0,0,0,1,0,0,0,0,0,0,0,49.7626582278481,0.3179650238473768,99.68203497615262,20.73365231259968,19.138755980861244,22.328548644338117,16.905901116427433,16.108452950558213,3.1897926634768736,0.0,0.0,0.0,1.4354066985645932,0.0,0.0,0.0,0.0,0.1594896331738437,0.0,0.0,0.0,0.0,0.0,0.0,0.0
06113,06,113,1188,752,436,0,481,5,472,9,105,78,94,68,113,6,0,0,0,5,0,0,0,0,3,0,0,0,0,0,0,0,40.48821548821549,1.8711018711018712,98.12889812889813,22.245762711864405,16.52542372881356,19.915254237288135,14.40677966101695,23.940677966101696,1.2711864406779663,0.0,0.0,0.0,1.059322033898305,0.0,0.0,0.0,0.0,0.6355932203389831,0.0,0.0,0.0,0.0,0.0,0.0,0.0
06114,06,114,1233,672,561,0,500,12,493,7,76,133,154,49,43,30,0,0,0,6,0,0,0,0,2,0,0,0,0,0,0,0,40.55150040551501,1.4000000000000001,98.6,15.415821501014198,26.97768762677485,31.237322515212984,9.939148073022313,8.72210953346856,6.085192697768763,0.0,0.0,0.0,1.2170385395537524,0.0,0.0,0.0,0.0,0.4056795131845842,0.0,0.0,0.0,0.0,0.0,0.0,0.0
06115,06,115,1234,735,499,0,544,4,541,3,123,123,124,83,64,15,0,0,0,7,0,0,0,0,2,0,0,0,0,0,0,0,44.08427876823339,0.5514705882352942,99.44852941176471,22.73567467652495,22.73567467652495,22.920517560073936,15.341959334565619,11.829944547134936,2.7726432532347505,0.0,0.0,0.0,1.2939001848428837,0.0,0.0,0.0,0.0,0.36968576709796674,0.0,0.0,0.0,0.0,0.0,0.0,0.0
06116,06,116,1244,743,501,0,636,4,630,6,178,157,130,77,65,15,0,0,0,4,0,0,0,0,4,0,0,0,0,0,0,0,51.12540192926045,0.9433962264150944,99.05660377358491,28.253968253968253,24.92063492063492,20.634920634920633,12.222222222222221,10.317460317460316,2.380952380952381,0.0,0.0,0.0,0.6349206349206349,0.0,0.0,0.0,0.0,0.6349206349206349,0.0,0.0,0.0,0.0,0.0,0.0,0.0
06117,06,117,1194,582,612,0,465,13,463,2,105,108,135,34,57,18,0,0,0,4,0,0,0,0,2,0,0,0,0,0,0,0,38.94472361809046,0.43010752688172044,99.56989247311829,22.67818574514039,23.326133909287257,29.15766738660907,7.343412526997841,12.311015118790497,3.8876889848812093,0.0,0.0,0.0,0.8639308855291578,0.0,0.0,0.0,0.0,0.4319654427645789,0.0,0.0,0.0,0.0,0.0,0.0,0.0
06118,06,118,1226,705,521,0,576,8,570,6,150,142,158,52,56,8,0,0,0,3,0,0,0,0,1,0,0,0,0,0,0,0,46.98205546492659,1.0416666666666665,98.95833333333334,26.31578947368421,24.912280701754387,27.719298245614034,9.12280701754386,9.824561403508772,1.4035087719298245,0.0,0.0,0.0,0.5263157894736842,0.0,0.0,0.0,0.0,0.17543859649122806,0.0,0.0,0.0,0.0,0.0,0.0,0.0
06119,06,119,1228,707,521,0,537,6,529,8,124,161,105,63,53,13,0,0,0,2,0,0,0,0,8,0,0,0,0,0,0,0,43.729641693811075,1.48975791433892,98.51024208566108,23.440453686200378,30.434782608695656,19.848771266540645,11.909262759924385,10.01890359168242,2.4574669187145557,0.0,0.0,0.0,0.3780718336483932,0.0,0.0,0.0,0.0,1.5122873345935728,0.0,0.0,0.0,0.0,0.0,0.0,0.0
06120,06,120,1139,702,437,0,604,13,599,5,120,193,124,67,60,27,0,0,0,3,0,0,0,0,5,0,0,0,0,0,0,0,53.02897278314311,0.8278145695364238,99.17218543046357,20.03338898163606,32.220367278797994,20.70116861435726,11.185308848080133,10.01669449081803,4.507512520868113,0.0,0.0,0.0,0.5008347245409015,0.0,0.0,0.0,0.0,0.8347245409015025,0.0,0.0,0.0,0.0,0.0,0.0,0.0
06121,06,121,1202,761,441,0,617,7,611,6,166,138,151,66,65,17,0,0,0,4,0,0,0,0,4,0,0,0,0,0,0,0,51.331114808652245,0.9724473257698543,99.02755267423015,27.168576104746318,22.585924713584287,24.713584288052374,10.801963993453354,10.638297872340425,2.7823240589198037,0.0,0.0,0.0,0.6546644844517185,0.0,0.0,0.0,0.0,0.6546644844517185,0.0,0.0,0.0,0.0,0.0,0.0,0.0
06122,06,122,1272,757,515,0,617,7,607,10,166,147,130,55,77,23,0,0,0,7,0,0,0,0,2,0,0,0,0,0,0,0,48.5062893081761,1.6207455429497568,98.37925445705025,27.347611202635914,24.217462932454694,21.4168039538715,9.060955518945635,12.685337726523887,3.789126853377265,0.0,0.0,0.0,1.1532125205930808,0.0,0.0,0.0,0.0,0.3294892915980231,0.0,0.0,0.0,0.0,0.0,0.0,0.0
06123,06,123,1146,634,512,0,512,6,504,8,131,139,94,65,35,29,0,0,0,8,0,0,0,0,3,0,0,0,0,0,0,0,44.67713787085515,1.5625,98.4375,25.992063492063494,27.579365079365083,18.650793650793652,12.896825396825399,6.944444444444445,5.753968253968254,0.0,0.0,0.0,1.5873015873015872,0.0,0.0,0.0,0.0,0.5952380952380952,0.0,0.0,0.0,0.0,0.0,0.0,0.0
06124,06,124,1292,774,518,0,628,11,625,3,136,182,125,97,67,10,0,0,0,5,0,0,0,0,3,0,0,0,0,0,0,0,48.60681114551084,0.47770700636942676,99.52229299363057,21.759999999999998,29.12,20.0,15.52,10.72,1.6,0.0,0.0,0.0,0.8,0.0,0.0,0.0,0.0,0.48,0.0,0.0,0.0,0.0,0.0,0.0,0.0
06125,06,125,1258,705,553,0,581,13,576,5,133,159,88,95,74,21,0,0,0,3,0,0,0,0,3,0,0,0,0,0,0,0,46.184419713831474,0.8605851979345954,99.1394148020654,23.09027777777778,27.604166666666668,15.277777777777779,16.493055555555554,12.847222222222221,3.6458333333333335,0.0,0.0,0.0,0.5208333333333333,0.0,0.0,0.0,0.0,0.5208333333333333,0.0,0.0,0.0,0.0,0.0,0.0,0.0
06126,06,126,1155,679,476,0,548,11,535,13,106,128,100,90,76,29,0,0,0,4,0,0,0,0,2,0,0,0,0,0,0,0,47.44588744588745,2.3722627737226274,97.62773722627736,19.813084112149532,23.925233644859816,18.69158878504673,16.822429906542055,14.205607476635516,5.420560747663552,0.0,0.0,0.0,0.7476635514018692,0.0,0.0,0.0,0.0,0.3738317757009346,0.0,0.0,0.0,0.0,0.0,0.0,0.0
061A,06,1A,0,0,0,0,1205,1205,1189,16,318,291,385,80,57,39,0,0,0,16,0,0,0,0,3,0,0,0,0,0,0,0,inf,1.3278008298755186,98.67219917012449,26.74516400336417,24.47434819175778,32.38015138772077,6.72834314550042,4.79394449116905,3.280067283431455,0.0,0.0,0.0,1.3456686291000841,0.0,0.0,0.0,0.0,0.2523128679562658,0.0,0.0,0.0,0.0,0.0,0.0,0.0
061B,06,1B,0,0,0,0,820,820,818,2,203,262,172,103,49,21,0,0,0,7,0,0,0,0,1,0,0,0,0,0,0,0,inf,0.24390243902439024,99.7560975609756,24.816625916870414,32.02933985330073,21.026894865525673,12.591687041564793,5.990220048899755,2.567237163814181,0.0,0.0,0.0,0.8557457212713936,0.0,0.0,0.0,0.0,0.12224938875305623,0.0,0.0,0.0,0.0,0.0,0.0,0.0
061C,06,1C,0,0,0,0,1000,1000,993,7,230,315,263,88,58,28,0,0,0,9,0,0,0,0,2,0,0,0,0,0,0,0,inf,0.7000000000000001,99.3,23.162134944612287,31.722054380664655,26.48539778449144,8.862034239677746,5.840886203423968,2.8197381671701915,0.0,0.0,0.0,0.906344410876133,0.0,0.0,0.0,0.0,0.2014098690835851,0.0,0.0,0.0,0.0,0.0,0.0,0.0
061D,06,1D,0,0,0,0,946,946,933,13,205,319,205,110,50,28,0,0,0,13,0,0,0,0,3,0,0,0,0,0,0,0,inf,1.3742071881606766,98.62579281183932,21.972132904608788,34.19078242229367,21.972132904608788,11.789924973204716,5.359056806002144,3.0010718113612005,0.0,0.0,0.0,1.3933547695605575,0.0,0.0,0.0,0.0,0.3215434083601286,0.0,0.0,0.0,0.0,0.0,0.0,0.0
061E,06,1E,0,0,0,0,744,744,736,8,186,177,195,71,60,25,0,0,0,14,0,0,0,0,8,0,0,0,0,0,0,0,inf,1.0752688172043012,98.9247311827957,25.271739130434785,24.04891304347826,26.4945652173913,9.646739130434783,8.152173913043478,3.3967391304347823,0.0,0.0,0.0,1.9021739130434785,0.0,0.0,0.0,0.0,1.0869565217391304,0.0,0.0,0.0,0.0,0.0,0.0,0.0
061F,06,1F,0,0,0,0,868,868,861,7,208,241,224,92,62,18,0,0,0,14,0,0,0,0,2,0,0,0,0,0,0,0,inf,0.8064516129032258,99.19354838709677,24.15795586527294,27.990708478513355,26.01626016260163,10.685249709639953,7.200929152148665,2.0905923344947737,0.0,0.0,0.0,1.6260162601626018,0.0,0.0,0.0,0.0,0.23228803716608595,0.0,0.0,0.0,0.0,0.0,0.0,0.0
061G,06,1G,0,0,0,0,837,837,830,7,230,155,241,78,81,26,0,0,0,16,0,0,0,0,3,0,0,0,0,0,0,0,inf,0.8363201911589008,99.1636798088411,27.710843373493976,18.67469879518072,29.036144578313255,9.397590361445783,9.759036144578314,3.132530120481928,0.0,0.0,0.0,1.9277108433734942,0.0,0.0,0.0,0.0,0.3614457831325301,0.0,0.0,0.0,0.0,0.0,0.0,0.0
061H,06,1H,0,0,0,0,1004,1004,991,13,243,287,286,80,45,39,0,0,0,8,0,0,0,0,3,0,0,0,0,0,0,0,inf,1.294820717131474,98.70517928286853,24.520686175580224,28.960645812310798,28.85973763874874,8.072653884964682,4.540867810292633,3.9354187689202824,0.0,0.0,0.0,0.8072653884964682,0.0,0.0,0.0,0.0,0.30272452068617556,0.0,0.0,0.0,0.0,0.0,0.0,0.0
061J,06,1J,0,0,0,0,972,972,962,10,246,295,252,71,58,27,0,0,0,10,0,0,0,0,3,0,0,0,0,0,0,0,inf,1.02880658436214,98.97119341563786,25.571725571725572,30.665280665280665,26.195426195426197,7.380457380457381,6.029106029106029,2.806652806652807,0.0,0.0,0.0,1.0395010395010396,0.0,0.0,0.0,0.0,0.31185031185031187,0.0,0.0,0.0,0.0,0.0,0.0,0.0
061K,06,1K,0,0,0,0,972,972,967,5,225,328,257,77,33,34,0,0,0,8,0,0,0,0,5,0,0,0,0,0,0,0,inf,0.51440329218107,99.48559670781893,23.26783867631851,33.91933815925543,26.5770423991727,7.96277145811789,3.4126163391933813,3.5160289555325748,0.0,0.0,0.0,0.8273009307135472,0.0,0.0,0.0,0.0,0.5170630816959669,0.0,0.0,0.0,0.0,0.0,0.0,0.0
061L,06,1L,0,0,0,0,1043,1043,1031,12,260,250,309,79,64,42,0,0,0,24,0,0,0,0,3,0,0,0,0,0,0,0,inf,1.1505273250239694,98.84947267497604,25.21823472356935,24.248302618816684,29.97090203685742,7.662463627546072,6.207565470417071,4.073714839961203,0.0,0.0,0.0,2.3278370514064015,0.0,0.0,0.0,0.0,0.2909796314258002,0.0,0.0,0.0,0.0,0.0,0.0,0.0
061M,06,1M,0,0,0,0,911,911,902,9,257,241,250,66,50,30,0,0,0,6,0,0,0,0,2,0,0,0,0,0,0,0,inf,0.9879253567508233,99.01207464324918,28.492239467849224,26.718403547671844,27.716186252771617,7.317073170731707,5.543237250554324,3.325942350332594,0.0,0.0,0.0,0.6651884700665188,0.0,0.0,0.0,0.0,0.22172949002217296,0.0,0.0,0.0,0.0,0.0,0.0,0.0
061N,06,1N,0,0,0,0,969,969,961,8,264,261,263,77,55,32,0,0,0,6,0,0,0,0,3,0,0,0,0,0,0,0,inf,0.8255933952528379,99.17440660474716,27.471383975026015,27.15920915712799,27.36732570239334,8.012486992715921,5.723204994797086,3.329864724245578,0.0,0.0,0.0,0.6243496357960457,0.0,0.0,0.0,0.0,0.31217481789802287,0.0,0.0,0.0,0.0,0.0,0.0,0.0
06201,06,201,1220,748,472,0,607,9,604,3,162,151,122,65,79,16,0,0,0,6,0,0,0,0,3,0,0,0,0,0,0,0,49.75409836065573,0.4942339373970346,99.50576606260296,26.82119205298013,25.0,20.198675496688743,10.76158940397351,13.079470198675496,2.6490066225165565,0.0,0.0,0.0,0.9933774834437087,0.0,0.0,0.0,0.0,0.49668874172185434,0.0,0.0,0.0,0.0,0.0,0.0,0.0
06202,06,202,1456,933,523,0,749,13,740,9,180,160,150,106,105,30,0,0,0,5,0,0,0,0,4,0,0,0,0,0,0,0,51.442307692307686,1.2016021361815754,98.79839786381842,24.324324324324326,21.62162162162162,20.27027027027027,14.324324324324325,14.18918918918919,4.054054054054054,0.0,0.0,0.0,0.6756756756756757,0.0,0.0,0.0,0.0,0.5405405405405406,0.0,0.0,0.0,0.0,0.0,0.0,0.0
06203,06,203,1189,772,417,0,563,8,556,7,137,102,127,57,100,17,0,0,0,10,0,0,0,0,6,0,0,0,0,0,0,0,47.35071488645921,1.2433392539964476,98.75666074600356,24.640287769784173,18.345323741007196,22.841726618705035,10.251798561151078,17.985611510791365,3.0575539568345325,0.0,0.0,0.0,1.7985611510791366,0.0,0.0,0.0,0.0,1.079136690647482,0.0,0.0,0.0,0.0,0.0,0.0,0.0
06204,06,204,1252,813,439,0,660,13,654,6,166,141,172,72,64,28,0,0,0,8,0,0,0,0,3,0,0,0,0,0,0,0,52.715654952076676,0.9090909090909091,99.0909090909091,25.382262996941897,21.55963302752294,26.299694189602445,11.009174311926607,9.785932721712538,4.281345565749235,0.0,0.0,0.0,1.2232415902140672,0.0,0.0,0.0,0.0,0.45871559633027525,0.0,0.0,0.0,0.0,0.0,0.0,0.0
06205,06,205,1163,755,408,0,545,15,544,1,122,75,162,60,84,29,0,0,0,8,0,0,0,0,4,0,0,0,0,0,0,0,46.8615649183147,0.1834862385321101,99.81651376146789,22.426470588235293,13.786764705882353,29.77941176470588,11.029411764705882,15.441176470588236,5.330882352941177,0.0,0.0,0.0,1.4705882352941175,0.0,0.0,0.0,0.0,0.7352941176470588,0.0,0.0,0.0,0.0,0.0,0.0,0.0
06206,06,206,1243,817,426,0,661,7,658,3,142,123,210,60,79,28,0,0,0,9,0,0,0,0,7,0,0,0,0,0,0,0,53.177795655671765,0.45385779122541603,99.54614220877458,21.580547112462007,18.693009118541035,31.914893617021278,9.118541033434651,12.006079027355623,4.25531914893617,0.0,0.0,0.0,1.3677811550151975,0.0,0.0,0.0,0.0,1.0638297872340425,0.0,0.0,0.0,0.0,0.0,0.0,0.0
06207,06,207,1122,652,470,0,478,9,475,3,103,84,103,79,73,21,0,0,0,7,0,0,0,0,5,0,0,0,0,0,0,0,42.60249554367201,0.6276150627615062,99.3723849372385,21.684210526315788,17.684210526315788,21.684210526315788,16.63157894736842,15.368421052631579,4.421052631578947,0.0,0.0,0.0,1.4736842105263157,0.0,0.0,0.0,0.0,1.0526315789473684,0.0,0.0,0.0,0.0,0.0,0.0,0.0
06208,06,208,1184,737,447,0,540,8,534,6,134,92,135,67,77,21,0,0,0,6,0,0,0,0,2,0,0,0,0,0,0,0,45.608108108108105,1.1111111111111112,98.88888888888889,25.0936329588015,17.228464419475657,25.280898876404496,12.54681647940075,14.41947565543071,3.932584269662921,0.0,0.0,0.0,1.1235955056179776,0.0,0.0,0.0,0.0,0.37453183520599254,0.0,0.0,0.0,0.0,0.0,0.0,0.0
06209,06,209,1295,755,540,0,564,9,552,12,116,138,116,64,83,27,0,0,0,3,0,0,0,0,5,0,0,0,0,0,0,0,43.552123552123554,2.127659574468085,97.87234042553192,21.014492753623188,25.0,21.014492753623188,11.594202898550725,15.03623188405797,4.891304347826087,0.0,0.0,0.0,0.5434782608695652,0.0,0.0,0.0,0.0,0.9057971014492754,0.0,0.0,0.0,0.0,0.0,0.0,0.0
06210,06,210,1291,797,494,0,655,9,648,7,163,156,163,70,69,22,0,0,0,4,0,0,0,0,1,0,0,0,0,0,0,0,50.735863671572424,1.0687022900763359,98.93129770992365,25.154320987654323,24.074074074074073,25.154320987654323,10.802469135802468,10.648148148148149,3.3950617283950617,0.0,0.0,0.0,0.6172839506172839,0.0,0.0,0.0,0.0,0.15432098765432098,0.0,0.0,0.0,0.0,0.0,0.0,0.0
06211,06,211,1311,745,566,0,561,8,556,5,136,123,133,59,83,15,0,0,0,3,0,0,0,0,4,0,0,0,0,0,0,0,42.79176201372998,0.8912655971479502,99.10873440285205,24.46043165467626,22.12230215827338,23.92086330935252,10.611510791366907,14.928057553956833,2.697841726618705,0.0,0.0,0.0,0.539568345323741,0.0,0.0,0.0,0.0,0.7194244604316548,0.0,0.0,0.0,0.0,0.0,0.0,0.0
06212,06,212,1289,748,541,0,601,3,595,6,143,132,141,88,65,15,0,0,0,8,0,0,0,0,3,0,0,0,0,0,0,0,46.625290923196275,0.9983361064891847,99.00166389351082,24.03361344537815,22.18487394957983,23.697478991596636,14.789915966386555,10.92436974789916,2.5210084033613445,0.0,0.0,0.0,1.3445378151260505,0.0,0.0,0.0,0.0,0.5042016806722689,0.0,0.0,0.0,0.0,0.0,0.0,0.0
06213,06,213,1268,833,435,0,595,7,589,6,113,113,145,98,99,10,0,0,0,8,0,0,0,0,3,0,0,0,0,0,0,0,46.92429022082019,1.0084033613445378,98.99159663865547,19.185059422750424,19.185059422750424,24.61799660441426,16.6383701188455,16.808149405772497,1.697792869269949,0.0,0.0,0.0,1.3582342954159592,0.0,0.0,0.0,0.0,0.5093378607809848,0.0,0.0,0.0,0.0,0.0,0.0,0.0
06214,06,214,1127,686,441,0,574,14,569,5,136,170,106,88,47,12,0,0,0,6,0,0,0,0,4,0,0,0,0,0,0,0,50.931677018633536,0.8710801393728222,99.12891986062718,23.901581722319857,29.876977152899826,18.629173989455182,15.465729349736378,8.260105448154658,2.10896309314587,0.0,0.0,0.0,1.054481546572935,0.0,0.0,0.0,0.0,0.7029876977152899,0.0,0.0,0.0,0.0,0.0,0.0,0.0
06215,06,215,1294,791,503,0,599,11,591,8,139,122,117,75,102,22,0,0,0,8,0,0,0,0,6,0,0,0,0,0,0,0,46.29057187017002,1.335559265442404,98.6644407345576,23.519458544839257,20.642978003384094,19.796954314720814,12.690355329949238,17.258883248730964,3.7225042301184432,0.0,0.0,0.0,1.353637901861252,0.0,0.0,0.0,0.0,1.015228426395939,0.0,0.0,0.0,0.0,0.0,0.0,0.0
06216,06,216,1221,658,563,0,506,11,501,5,100,119,105,72,73,25,0,0,0,6,0,0,0,0,1,0,0,0,0,0,0,0,41.44144144144144,0.9881422924901186,99.01185770750988,19.960079840319363,23.75249500998004,20.958083832335326,14.37125748502994,14.570858283433132,4.990019960079841,0.0,0.0,0.0,1.1976047904191618,0.0,0.0,0.0,0.0,0.19960079840319359,0.0,0.0,0.0,0.0,0.0,0.0,0.0
06217,06,217,1256,809,447,0,642,11,633,9,165,167,133,80,65,13,0,0,0,6,0,0,0,0,4,0,0,0,0,0,0,0,51.11464968152867,1.4018691588785046,98.5981308411215,26.066350710900476,26.38230647709321,21.011058451816748,12.63823064770932,10.268562401263823,2.0537124802527646,0.0,0.0,0.0,0.9478672985781991,0.0,0.0,0.0,0.0,0.631911532385466,0.0,0.0,0.0,0.0,0.0,0.0,0.0
06218,06,218,1167,756,411,0,459,7,456,3,102,104,108,63,61,14,0,0,0,2,0,0,0,0,2,0,0,0,0,0,0,0,39.33161953727507,0.6535947712418301,99.34640522875817,22.36842105263158,22.807017543859647,23.684210526315788,13.815789473684212,13.37719298245614,3.070175438596491,0.0,0.0,0.0,0.43859649122807015,0.0,0.0,0.0,0.0,0.43859649122807015,0.0,0.0,0.0,0.0,0.0,0.0,0.0
06219,06,219,1179,732,447,0,581,11,574,7,134,155,96,97,58,21,0,0,0,9,0,0,0,0,4,0,0,0,0,0,0,0,49.27905004240883,1.2048192771084338,98.79518072289156,23.34494773519164,27.00348432055749,16.72473867595819,16.898954703832754,10.104529616724738,3.6585365853658534,0.0,0.0,0.0,1.5679442508710801,0.0,0.0,0.0,0.0,0.6968641114982579,0.0,0.0,0.0,0.0,0.0,0.0,0.0
06220,06,220,1235,805,430,0,639,11,632,7,158,152,156,75,64,18,0,0,0,6,0,0,0,0,3,0,0,0,0,0,0,0,51.740890688259114,1.0954616588419406,98.90453834115806,25.0,24.050632911392405,24.68354430379747,11.867088607594937,10.126582278481013,2.848101265822785,0.0,0.0,0.0,0.949367088607595,0.0,0.0,0.0,0.0,0.4746835443037975,0.0,0.0,0.0,0.0,0.0,0.0,0.0
06221,06,221,1362,876,486,0,691,6,686,5,163,124,169,86,109,26,0,0,0,3,0,0,0,0,6,0,0,0,0,0,0,0,50.73421439060205,0.723589001447178,99.27641099855282,23.760932944606413,18.075801749271136,24.635568513119534,12.536443148688047,15.889212827988338,3.7900874635568513,0.0,0.0,0.0,0.43731778425655976,0.0,0.0,0.0,0.0,0.8746355685131195,0.0,0.0,0.0,0.0,0.0,0.0,0.0
06222,06,222,1112,729,383,0,492,6,489,3,109,101,111,82,67,16,0,0,0,2,0,0,0,0,1,0,0,0,0,0,0,0,44.24460431654676,0.6097560975609756,99.39024390243902,22.290388548057262,20.654396728016362,22.699386503067483,16.768916155419223,13.701431492842536,3.2719836400818,0.0,0.0,0.0,0.408997955010225,0.0,0.0,0.0,0.0,0.2044989775051125,0.0,0.0,0.0,0.0,0.0,0.0,0.0
06223,06,223,1055,686,369,0,541,7,534,7,149,122,108,47,82,20,0,0,0,4,0,0,0,0,2,0,0,0,0,0,0,0,51.279620853080566,1.2939001848428837,98.70609981515712,27.902621722846444,22.846441947565545,20.224719101123593,8.801498127340825,15.355805243445692,3.7453183520599254,0.0,0.0,0.0,0.7490636704119851,0.0,0.0,0.0,0.0,0.37453183520599254,0.0,0.0,0.0,0.0,0.0,0.0,0.0
06224,06,224,1217,789,428,0,597,8,586,11,159,111,135,92,58,17,0,0,0,9,0,0,0,0,5,0,0,0,0,0,0,0,49.055053410024655,1.8425460636515913,98.1574539363484,27.13310580204778,18.941979522184297,23.037542662116042,15.699658703071673,9.897610921501707,2.901023890784983,0.0,0.0,0.0,1.5358361774744027,0.0,0.0,0.0,0.0,0.8532423208191127,0.0,0.0,0.0,0.0,0.0,0.0,0.0
06225,06,225,1176,647,529,0,469,8,466,3,108,104,96,55,72,21,0,0,0,5,0,0,0,0,5,0,0,0,0,0,0,0,39.88095238095239,0.6396588486140725,99.36034115138592,23.17596566523605,22.317596566523605,20.600858369098713,11.802575107296137,15.450643776824036,4.506437768240343,0.0,0.0,0.0,1.0729613733905579,0.0,0.0,0.0,0.0,1.0729613733905579,0.0,0.0,0.0,0.0,0.0,0.0,0.0
062A,06,2A,0,0,0,0,913,913,908,5,262,231,224,88,62,28,0,0,0,8,0,0,0,0,5,0,0,0,0,0,0,0,inf,0.547645125958379,99.45235487404163,28.854625550660796,25.440528634361232,24.669603524229075,9.691629955947137,6.828193832599119,3.0837004405286343,0.0,0.0,0.0,0.881057268722467,0.0,0.0,0.0,0.0,0.5506607929515419,0.0,0.0,0.0,0.0,0.0,0.0,0.0
062B,06,2B,0,0,0,0,830,830,826,4,220,180,245,91,65,9,0,0,0,13,0,0,0,0,3,0,0,0,0,0,0,0,inf,0.48192771084337355,99.51807228915662,26.634382566585955,21.791767554479417,29.66101694915254,11.016949152542372,7.8692493946731235,1.0895883777239708,0.0,0.0,0.0,1.573849878934625,0.0,0.0,0.0,0.0,0.36319612590799033,0.0,0.0,0.0,0.0,0.0,0.0,0.0
062C,06,2C,0,0,0,0,864,864,858,6,219,182,260,68,80,30,0,0,0,15,0,0,0,0,4,0,0,0,0,0,0,0,inf,0.6944444444444444,99.30555555555556,25.524475524475527,21.21212121212121,30.303030303030305,7.925407925407925,9.324009324009324,3.4965034965034967,0.0,0.0,0.0,1.7482517482517483,0.0,0.0,0.0,0.0,0.4662004662004662,0.0,0.0,0.0,0.0,0.0,0.0,0.0
062D,06,2D,0,0,0,0,810,810,803,7,199,219,221,82,52,22,0,0,0,7,0,0,0,0,1,0,0,0,0,0,0,0,inf,0.8641975308641975,99.1358024691358,24.78206724782067,27.27272727272727,27.52179327521793,10.211706102117061,6.47571606475716,2.73972602739726,0.0,0.0,0.0,0.8717310087173101,0.0,0.0,0.0,0.0,0.12453300124533001,0.0,0.0,0.0,0.0,0.0,0.0,0.0
062E,06,2E,0,0,0,0,821,821,815,6,211,173,208,116,54,29,0,0,0,16,0,0,0,0,8,0,0,0,0,0,0,0,inf,0.730816077953715,99.2691839220463,25.88957055214724,21.226993865030675,25.52147239263804,14.23312883435583,6.625766871165645,3.5582822085889574,0.0,0.0,0.0,1.96319018404908,0.0,0.0,0.0,0.0,0.98159509202454,0.0,0.0,0.0,0.0,0.0,0.0,0.0
062F,06,2F,0,0,0,0,766,766,756,10,198,141,250,68,56,31,0,0,0,7,0,0,0,0,5,0,0,0,0,0,0,0,inf,1.3054830287206265,98.69451697127938,26.190476190476193,18.650793650793652,33.06878306878307,8.994708994708994,7.4074074074074066,4.1005291005291005,0.0,0.0,0.0,0.9259259259259258,0.0,0.0,0.0,0.0,0.6613756613756614,0.0,0.0,0.0,0.0,0.0,0.0,0.0
062G,06,2G,0,0,0,0,1033,1033,1028,5,260,298,253,109,65,27,0,0,0,12,0,0,0,0,4,0,0,0,0,0,0,0,inf,0.48402710551790895,99.51597289448209,25.291828793774318,28.98832684824903,24.610894941634243,10.603112840466926,6.3229571984435795,2.6264591439688716,0.0,0.0,0.0,1.1673151750972763,0.0,0.0,0.0,0.0,0.38910505836575876,0.0,0.0,0.0,0.0,0.0,0.0,0.0
062H,06,2H,0,0,0,0,954,954,945,9,226,238,288,97,61,19,0,0,0,14,0,0,0,0,2,0,0,0,0,0,0,0,inf,0.9433962264150944,99.05660377358491,23.915343915343914,25.185185185185183,30.476190476190478,10.264550264550266,6.455026455026455,2.0105820105820107,0.0,0.0,0.0,1.4814814814814816,0.0,0.0,0.0,0.0,0.21164021164021166,0.0,0.0,0.0,0.0,0.0,0.0,0.0
062J,06,2J,0,0,0,0,541,541,536,5,139,134,140,53,53,10,0,0,0,5,0,0,0,0,2,0,0,0,0,0,0,0,inf,0.9242144177449169,99.07578558225508,25.932835820895523,25.0,26.119402985074625,9.888059701492537,9.888059701492537,1.8656716417910446,0.0,0.0,0.0,0.9328358208955223,0.0,0.0,0.0,0.0,0.3731343283582089,0.0,0.0,0.0,0.0,0.0,0.0,0.0
062K,06,2K,0,0,0,0,757,757,753,4,193,240,138,81,70,23,0,0,0,7,0,0,0,0,1,0,0,0,0,0,0,0,inf,0.5284015852047557,99.47159841479525,25.630810092961486,31.872509960159363,18.326693227091635,10.756972111553784,9.296148738379815,3.054448871181939,0.0,0.0,0.0,0.9296148738379815,0.0,0.0,0.0,0.0,0.13280212483399734,0.0,0.0,0.0,0.0,0.0,0.0,0.0
062L,06,2L,0,0,0,0,868,868,866,2,229,222,218,96,62,23,0,0,0,10,0,0,0,0,6,0,0,0,0,0,0,0,inf,0.2304147465437788,99.76958525345621,26.443418013856814,25.635103926096996,25.17321016166282,11.085450346420323,7.159353348729793,2.655889145496536,0.0,0.0,0.0,1.1547344110854503,0.0,0.0,0.0,0.0,0.6928406466512702,0.0,0.0,0.0,0.0,0.0,0.0,0.0
062M,06,2M,0,0,0,0,862,862,858,4,237,215,226,81,67,20,0,0,0,10,0,0,0,0,2,0,0,0,0,0,0,0,inf,0.46403712296983757,99.53596287703016,27.62237762237762,25.058275058275058,26.340326340326342,9.44055944055944,7.80885780885781,2.331002331002331,0.0,0.0,0.0,1.1655011655011656,0.0,0.0,0.0,0.0,0.2331002331002331,0.0,0.0,0.0,0.0,0.0,0.0,0.0
062N,06,2N,0,0,0,0,792,792,785,7,178,201,222,86,58,25,0,0,0,8,0,0,0,0,7,0,0,0,0,0,0,0,inf,0.8838383838383838,99.11616161616162,22.67515923566879,25.605095541401273,28.280254777070063,10.955414012738855,7.388535031847134,3.1847133757961785,0.0,0.0,0.0,1.019108280254777,0.0,0.0,0.0,0.0,0.89171974522293,0.0,0.0,0.0,0.0,0.0,0.0,0.0
06301,06,301,1327,781,546,0,583,3,578,5,135,156,174,51,32,23,0,0,0,4,0,0,0,0,3,0,0,0,0,0,0,0,43.9336850037679,0.8576329331046313,99.14236706689536,23.356401384083046,26.989619377162633,30.103806228373703,8.823529411764707,5.536332179930796,3.9792387543252596,0.0,0.0,0.0,0.6920415224913495,0.0,0.0,0.0,0.0,0.5190311418685121,0.0,0.0,0.0,0.0,0.0,0.0,0.0
06302,06,302,1293,699,594,0,579,11,576,3,163,133,139,52,64,14,0,0,0,5,0,0,0,0,6,0,0,0,0,0,0,0,44.779582366589324,0.5181347150259068,99.48186528497409,28.29861111111111,23.09027777777778,24.131944444444446,9.027777777777777,11.11111111111111,2.430555555555556,0.0,0.0,0.0,0.8680555555555556,0.0,0.0,0.0,0.0,1.0416666666666665,0.0,0.0,0.0,0.0,0.0,0.0,0.0
06303,06,303,1097,721,376,0,570,8,556,14,143,108,150,75,49,20,0,0,0,5,0,0,0,0,6,0,0,0,0,0,0,0,51.95989061075661,2.456140350877193,97.54385964912281,25.719424460431657,19.424460431654676,26.978417266187048,13.489208633093524,8.81294964028777,3.597122302158273,0.0,0.0,0.0,0.8992805755395683,0.0,0.0,0.0,0.0,1.079136690647482,0.0,0.0,0.0,0.0,0.0,0.0,0.0
06304,06,304,1283,723,560,0,627,9,621,6,146,139,223,35,41,33,0,0,0,2,0,0,0,0,2,0,0,0,0,0,0,0,48.86983632112237,0.9569377990430622,99.04306220095694,23.510466988727856,22.383252818035427,35.909822866344605,5.636070853462158,6.602254428341385,5.314009661835748,0.0,0.0,0.0,0.322061191626409,0.0,0.0,0.0,0.0,0.322061191626409,0.0,0.0,0.0,0.0,0.0,0.0,0.0
06305,06,305,1178,770,408,0,589,5,582,7,160,123,135,75,67,16,0,0,0,4,0,0,0,0,2,0,0,0,0,0,0,0,50.0,1.1884550084889642,98.81154499151104,27.491408934707906,21.1340206185567,23.195876288659793,12.886597938144329,11.512027491408935,2.7491408934707904,0.0,0.0,0.0,0.6872852233676976,0.0,0.0,0.0,0.0,0.3436426116838488,0.0,0.0,0.0,0.0,0.0,0.0,0.0
06306,06,306,1292,701,591,0,501,2,497,4,102,99,174,31,64,19,0,0,0,8,0,0,0,0,0,0,0,0,0,0,0,0,38.77708978328173,0.7984031936127743,99.20159680638723,20.52313883299799,19.919517102615693,35.01006036217304,6.237424547283702,12.877263581488934,3.8229376257545273,0.0,0.0,0.0,1.6096579476861168,0.0,0.0,0.0,0.0,0.0,0.0,0.0,0.0,0.0,0.0,0.0,0.0
06307,06,307,1205,646,559,0,541,7,539,2,111,138,179,40,42,24,0,0,0,4,0,0,0,0,1,0,0,0,0,0,0,0,44.89626556016598,0.36968576709796674,99.63031423290202,20.59369202226345,25.60296846011132,33.209647495361786,7.421150278293136,7.792207792207792,4.452690166975881,0.0,0.0,0.0,0.7421150278293136,0.0,0.0,0.0,0.0,0.1855287569573284,0.0,0.0,0.0,0.0,0.0,0.0,0.0
06308,06,308,1174,635,539,0,560,5,558,2,117,126,185,41,50,37,0,0,0,0,0,0,0,0,2,0,0,0,0,0,0,0,47.700170357751276,0.35714285714285715,99.64285714285714,20.967741935483872,22.58064516129032,33.15412186379928,7.347670250896058,8.960573476702509,6.630824372759856,0.0,0.0,0.0,0.0,0.0,0.0,0.0,0.0,0.35842293906810035,0.0,0.0,0.0,0.0,0.0,0.0,0.0
06309,06,309,1272,710,562,0,541,2,534,7,118,131,181,34,38,25,0,0,0,5,0,0,0,0,2,0,0,0,0,0,0,0,42.5314465408805,1.2939001848428837,98.70609981515712,22.09737827715356,24.531835205992508,33.89513108614232,6.367041198501873,7.116104868913857,4.681647940074907,0.0,0.0,0.0,0.9363295880149813,0.0,0.0,0.0,0.0,0.37453183520599254,0.0,0.0,0.0,0.0,0.0,0.0,0.0
06310,06,310,1231,721,510,0,630,8,623,7,160,181,172,39,39,29,0,0,0,3,0,0,0,0,0,0,0,0,0,0,0,0,51.1779041429732,1.1111111111111112,98.88888888888889,25.68218298555377,29.052969502407706,27.608346709470304,6.260032102728733,6.260032102728733,4.654895666131622,0.0,0.0,0.0,0.4815409309791332,0.0,0.0,0.0,0.0,0.0,0.0,0.0,0.0,0.0,0.0,0.0,0.0
06311,06,311,1102,586,516,0,480,6,478,2,104,102,171,28,49,15,0,0,0,8,0,0,0,0,1,0,0,0,0,0,0,0,43.55716878402904,0.4166666666666667,99.58333333333333,21.75732217573222,21.338912133891213,35.77405857740586,5.857740585774058,10.251046025104603,3.1380753138075312,0.0,0.0,0.0,1.6736401673640167,0.0,0.0,0.0,0.0,0.20920502092050208,0.0,0.0,0.0,0.0,0.0,0.0,0.0
06312,06,312,1195,734,461,0,652,2,649,3,163,141,221,29,52,32,0,0,0,2,0,0,0,0,9,0,0,0,0,0,0,0,54.56066945606695,0.4601226993865031,99.5398773006135,25.115562403698,21.725731895223422,34.05238828967643,4.468412942989214,8.012326656394453,4.930662557781202,0.0,0.0,0.0,0.30816640986132515,0.0,0.0,0.0,0.0,1.386748844375963,0.0,0.0,0.0,0.0,0.0,0.0,0.0
06313,06,313,1187,721,466,0,579,5,574,5,129,87,195,47,83,27,0,0,0,4,0,0,0,0,2,0,0,0,0,0,0,0,48.77843302443134,0.8635578583765112,99.13644214162349,22.473867595818817,15.156794425087108,33.972125435540065,8.188153310104529,14.45993031358885,4.70383275261324,0.0,0.0,0.0,0.6968641114982579,0.0,0.0,0.0,0.0,0.34843205574912894,0.0,0.0,0.0,0.0,0.0,0.0,0.0
06314,06,314,1281,760,521,0,539,4,539,0,118,97,176,39,76,25,0,0,0,6,0,0,0,0,2,0,0,0,0,0,0,0,42.07650273224044,0.0,100.0,21.89239332096475,17.996289424860855,32.6530612244898,7.235621521335807,14.100185528756956,4.638218923933209,0.0,0.0,0.0,1.1131725417439702,0.0,0.0,0.0,0.0,0.3710575139146568,0.0,0.0,0.0,0.0,0.0,0.0,0.0
06315,06,315,1218,659,559,0,547,5,544,3,95,125,191,29,65,38,0,0,0,0,0,0,0,0,1,0,0,0,0,0,0,0,44.90968801313629,0.5484460694698354,99.45155393053017,17.463235294117645,22.977941176470587,35.11029411764706,5.330882352941177,11.948529411764707,6.985294117647059,0.0,0.0,0.0,0.0,0.0,0.0,0.0,0.0,0.1838235294117647,0.0,0.0,0.0,0.0,0.0,0.0,0.0
06316,06,316,1250,779,471,0,573,4,566,7,113,83,136,65,142,18,0,0,0,4,0,0,0,0,5,0,0,0,0,0,0,0,45.839999999999996,1.2216404886561953,98.77835951134381,19.964664310954063,14.664310954063604,24.02826855123675,11.484098939929329,25.08833922261484,3.180212014134275,0.0,0.0,0.0,0.7067137809187279,0.0,0.0,0.0,0.0,0.88339222614841,0.0,0.0,0.0,0.0,0.0,0.0,0.0
06317,06,317,1336,823,513,0,636,9,633,3,119,126,142,81,132,23,0,0,0,6,0,0,0,0,4,0,0,0,0,0,0,0,47.604790419161674,0.4716981132075472,99.52830188679245,18.799368088467613,19.90521327014218,22.432859399684045,12.796208530805686,20.85308056872038,3.6334913112164293,0.0,0.0,0.0,0.9478672985781991,0.0,0.0,0.0,0.0,0.631911532385466,0.0,0.0,0.0,0.0,0.0,0.0,0.0
06318,06,318,1254,851,403,0,659,1,644,15,155,93,168,69,120,22,0,0,0,11,0,0,0,0,6,0,0,0,0,0,0,0,52.551834130781494,2.2761760242792106,97.72382397572079,24.06832298136646,14.440993788819876,26.08695652173913,10.714285714285714,18.633540372670808,3.4161490683229814,0.0,0.0,0.0,1.7080745341614907,0.0,0.0,0.0,0.0,0.9316770186335404,0.0,0.0,0.0,0.0,0.0,0.0,0.0
06319,06,319,1131,649,482,0,551,9,548,3,131,138,151,42,57,19,0,0,0,8,0,0,0,0,2,0,0,0,0,0,0,0,48.717948717948715,0.5444646098003629,99.45553539019963,23.905109489051096,25.18248175182482,27.55474452554745,7.664233576642336,10.401459854014599,3.4671532846715327,0.0,0.0,0.0,1.4598540145985401,0.0,0.0,0.0,0.0,0.36496350364963503,0.0,0.0,0.0,0.0,0.0,0.0,0.0
06320,06,320,1224,611,613,0,511,9,507,4,98,110,182,34,53,27,0,0,0,2,0,0,0,0,1,0,0,0,0,0,0,0,41.748366013071895,0.7827788649706457,99.21722113502935,19.32938856015779,21.696252465483234,35.8974358974359,6.70611439842209,10.453648915187378,5.325443786982249,0.0,0.0,0.0,0.39447731755424065,0.0,0.0,0.0,0.0,0.19723865877712032,0.0,0.0,0.0,0.0,0.0,0.0,0.0
06321,06,321,1201,744,457,0,517,7,510,7,125,97,136,50,77,17,0,0,0,5,0,0,0,0,3,0,0,0,0,0,0,0,43.04746044962531,1.3539651837524178,98.64603481624758,24.509803921568626,19.019607843137255,26.666666666666668,9.803921568627452,15.098039215686274,3.3333333333333335,0.0,0.0,0.0,0.9803921568627451,0.0,0.0,0.0,0.0,0.5882352941176471,0.0,0.0,0.0,0.0,0.0,0.0,0.0
06322,06,322,1269,716,553,0,573,4,568,5,116,114,170,48,89,26,0,0,0,3,0,0,0,0,2,0,0,0,0,0,0,0,45.15366430260047,0.8726003490401396,99.12739965095986,20.422535211267608,20.070422535211268,29.929577464788732,8.450704225352112,15.669014084507044,4.577464788732395,0.0,0.0,0.0,0.528169014084507,0.0,0.0,0.0,0.0,0.35211267605633806,0.0,0.0,0.0,0.0,0.0,0.0,0.0
06323,06,323,1243,625,618,0,518,2,512,6,97,133,168,30,49,33,0,0,0,2,0,0,0,0,0,0,0,0,0,0,0,0,41.673370876910695,1.1583011583011582,98.84169884169884,18.9453125,25.9765625,32.8125,5.859375,9.5703125,6.4453125,0.0,0.0,0.0,0.390625,0.0,0.0,0.0,0.0,0.0,0.0,0.0,0.0,0.0,0.0,0.0,0.0
06324,06,324,1194,724,470,0,635,7,634,1,140,102,230,48,80,29,0,0,0,2,0,0,0,0,3,0,0,0,0,0,0,0,53.18257956448911,0.15748031496062992,99.84251968503936,22.082018927444793,16.08832807570978,36.27760252365931,7.570977917981073,12.618296529968454,4.574132492113565,0.0,0.0,0.0,0.31545741324921134,0.0,0.0,0.0,0.0,0.47318611987381703,0.0,0.0,0.0,0.0,0.0,0.0,0.0
06325,06,325,1301,663,638,0,519,7,511,8,100,103,150,53,73,19,0,0,0,7,0,0,0,0,6,0,0,0,0,0,0,0,39.8923904688701,1.5414258188824663,98.45857418111753,19.569471624266143,20.15655577299413,29.354207436399214,10.371819960861057,14.285714285714285,3.7181996086105675,0.0,0.0,0.0,1.36986301369863,0.0,0.0,0.0,0.0,1.1741682974559686,0.0,0.0,0.0,0.0,0.0,0.0,0.0
06326,06,326,1212,670,542,0,564,8,554,10,149,144,152,37,39,25,0,0,0,4,0,0,0,0,4,0,0,0,0,0,0,0,46.53465346534654,1.773049645390071,98.22695035460993,26.895306859205775,25.992779783393498,27.436823104693143,6.678700361010831,7.039711191335741,4.512635379061372,0.0,0.0,0.0,0.7220216606498195,0.0,0.0,0.0,0.0,0.7220216606498195,0.0,0.0,0.0,0.0,0.0,0.0,0.0
06327,06,327,1161,630,531,0,540,8,537,3,117,162,151,39,42,17,0,0,0,7,0,0,0,0,2,0,0,0,0,0,0,0,46.51162790697674,0.5555555555555556,99.44444444444444,21.787709497206702,30.16759776536313,28.11918063314711,7.262569832402235,7.82122905027933,3.165735567970205,0.0,0.0,0.0,1.303538175046555,0.0,0.0,0.0,0.0,0.37243947858473,0.0,0.0,0.0,0.0,0.0,0.0,0.0
063A,06,3A,0,0,0,0,1042,1042,1036,6,288,275,311,77,46,34,0,0,0,2,0,0,0,0,3,0,0,0,0,0,0,0,inf,0.5758157389635317,99.42418426103646,27.7992277992278,26.54440154440155,30.01930501930502,7.4324324324324325,4.440154440154441,3.2818532818532815,0.0,0.0,0.0,0.19305019305019305,0.0,0.0,0.0,0.0,0.28957528957528955,0.0,0.0,0.0,0.0,0.0,0.0,0.0
063B,06,3B,0,0,0,0,1050,1050,1045,5,263,287,337,61,50,33,0,0,0,11,0,0,0,0,3,0,0,0,0,0,0,0,inf,0.4761904761904762,99.52380952380952,25.167464114832537,27.464114832535884,32.248803827751196,5.837320574162679,4.784688995215311,3.1578947368421053,0.0,0.0,0.0,1.0526315789473684,0.0,0.0,0.0,0.0,0.28708133971291866,0.0,0.0,0.0,0.0,0.0,0.0,0.0
063C,06,3C,0,0,0,0,726,726,720,6,213,194,197,43,39,26,0,0,0,5,0,0,0,0,3,0,0,0,0,0,0,0,inf,0.8264462809917356,99.17355371900827,29.583333333333332,26.944444444444443,27.361111111111114,5.972222222222222,5.416666666666667,3.6111111111111107,0.0,0.0,0.0,0.6944444444444444,0.0,0.0,0.0,0.0,0.4166666666666667,0.0,0.0,0.0,0.0,0.0,0.0,0.0
063D,06,3D,0,0,0,0,526,526,523,3,100,129,206,31,30,25,0,0,0,2,0,0,0,0,0,0,0,0,0,0,0,0,inf,0.5703422053231939,99.42965779467681,19.120458891013385,24.665391969407267,39.38814531548757,5.927342256214149,5.736137667304015,4.780114722753346,0.0,0.0,0.0,0.3824091778202677,0.0,0.0,0.0,0.0,0.0,0.0,0.0,0.0,0.0,0.0,0.0,0.0
063E,06,3E,0,0,0,0,940,940,934,6,212,244,341,53,40,35,0,0,0,6,0,0,0,0,3,0,0,0,0,0,0,0,inf,0.6382978723404255,99.36170212765958,22.698072805139187,26.124197002141326,36.50963597430407,5.674518201284797,4.282655246252676,3.747323340471092,0.0,0.0,0.0,0.6423982869379015,0.0,0.0,0.0,0.0,0.32119914346895073,0.0,0.0,0.0,0.0,0.0,0.0,0.0
063F,06,3F,0,0,0,0,1102,1102,1095,7,227,223,458,42,63,69,0,0,0,10,0,0,0,0,3,0,0,0,0,0,0,0,inf,0.6352087114337568,99.36479128856625,20.730593607305934,20.365296803652967,41.82648401826484,3.8356164383561646,5.7534246575342465,6.301369863013699,0.0,0.0,0.0,0.91324200913242,0.0,0.0,0.0,0.0,0.273972602739726,0.0,0.0,0.0,0.0,0.0,0.0,0.0
063G,06,3G,0,0,0,0,1112,1112,1107,5,233,216,474,45,74,52,0,0,0,13,0,0,0,0,0,0,0,0,0,0,0,0,inf,0.44964028776978415,99.55035971223022,21.04787714543812,19.51219512195122,42.81842818428184,4.0650406504065035,6.684733514001806,4.697380307136405,0.0,0.0,0.0,1.1743450767841013,0.0,0.0,0.0,0.0,0.0,0.0,0.0,0.0,0.0,0.0,0.0,0.0
063H,06,3H,0,0,0,0,863,863,857,6,186,200,342,41,36,44,0,0,0,5,0,0,0,0,3,0,0,0,0,0,0,0,inf,0.6952491309385863,99.30475086906141,21.703617269544925,23.337222870478413,39.90665110851809,4.784130688448075,4.200700116686114,5.134189031505251,0.0,0.0,0.0,0.5834305717619603,0.0,0.0,0.0,0.0,0.3500583430571762,0.0,0.0,0.0,0.0,0.0,0.0,0.0
063J,06,3J,0,0,0,0,1106,1106,1099,7,253,248,421,65,54,49,0,0,0,6,0,0,0,0,3,0,0,0,0,0,0,0,inf,0.6329113924050633,99.36708860759494,23.02092811646952,22.56596906278435,38.30755232029117,5.914467697907188,4.9135577797998184,4.45859872611465,0.0,0.0,0.0,0.5459508644222021,0.0,0.0,0.0,0.0,0.27297543221110104,0.0,0.0,0.0,0.0,0.0,0.0,0.0
063K,06,3K,0,0,0,0,972,972,964,8,251,185,319,67,83,38,0,0,0,18,0,0,0,0,3,0,0,0,0,0,0,0,inf,0.823045267489712,99.1769547325103,26.037344398340252,19.19087136929461,33.09128630705394,6.950207468879668,8.609958506224066,3.941908713692946,0.0,0.0,0.0,1.8672199170124482,0.0,0.0,0.0,0.0,0.3112033195020747,0.0,0.0,0.0,0.0,0.0,0.0,0.0
063L,06,3L,0,0,0,0,946,946,936,10,214,173,402,48,50,40,0,0,0,6,0,0,0,0,3,0,0,0,0,0,0,0,inf,1.0570824524312896,98.94291754756871,22.863247863247864,18.482905982905983,42.94871794871795,5.128205128205128,5.3418803418803416,4.273504273504273,0.0,0.0,0.0,0.641025641025641,0.0,0.0,0.0,0.0,0.3205128205128205,0.0,0.0,0.0,0.0,0.0,0.0,0.0
063M,06,3M,0,0,0,0,951,951,948,3,195,208,350,60,78,50,0,0,0,6,0,0,0,0,1,0,0,0,0,0,0,0,inf,0.31545741324921134,99.6845425867508,20.569620253164558,21.940928270042196,36.91983122362869,6.329113924050633,8.227848101265822,5.274261603375527,0.0,0.0,0.0,0.6329113924050633,0.0,0.0,0.0,0.0,0.10548523206751054,0.0,0.0,0.0,0.0,0.0,0.0,0.0
063N,06,3N,0,0,0,0,1016,1016,1011,5,237,209,349,79,75,43,0,0,0,13,0,0,0,0,6,0,0,0,0,0,0,0,inf,0.4921259842519685,99.50787401574803,23.44213649851632,20.672601384767557,34.52027695351138,7.81404549950544,7.418397626112759,4.253214638971316,0.0,0.0,0.0,1.2858555885262115,0.0,0.0,0.0,0.0,0.5934718100890208,0.0,0.0,0.0,0.0,0.0,0.0,0.0
063P,06,3P,0,0,0,0,891,891,887,4,211,148,318,61,93,35,0,0,0,13,0,0,0,0,8,0,0,0,0,0,0,0,inf,0.44893378226711567,99.55106621773288,23.788049605411498,16.685456595264938,35.851183765501695,6.877113866967305,10.4847801578354,3.9458850056369785,0.0,0.0,0.0,1.4656144306651635,0.0,0.0,0.0,0.0,0.9019165727170236,0.0,0.0,0.0,0.0,0.0,0.0,0.0
06401,06,401,1214,777,437,0,647,18,642,5,121,177,189,49,70,24,0,0,0,3,0,0,0,0,9,0,0,0,0,0,0,0,53.29489291598023,0.7727975270479135,99.22720247295209,18.847352024922117,27.570093457943923,29.439252336448597,7.632398753894081,10.903426791277258,3.7383177570093453,0.0,0.0,0.0,0.46728971962616817,0.0,0.0,0.0,0.0,1.4018691588785046,0.0,0.0,0.0,0.0,0.0,0.0,0.0
06402,06,402,1296,839,457,0,655,13,649,6,173,110,166,52,98,37,0,0,0,9,0,0,0,0,4,0,0,0,0,0,0,0,50.54012345679012,0.9160305343511451,99.08396946564886,26.656394453004623,16.94915254237288,25.577812018489986,8.012326656394453,15.10015408320493,5.701078582434515,0.0,0.0,0.0,1.386748844375963,0.0,0.0,0.0,0.0,0.6163328197226503,0.0,0.0,0.0,0.0,0.0,0.0,0.0
06403,06,403,1252,758,494,0,570,5,565,5,116,119,158,61,77,25,0,0,0,5,0,0,0,0,4,0,0,0,0,0,0,0,45.52715654952076,0.8771929824561403,99.12280701754386,20.530973451327434,21.061946902654867,27.964601769911507,10.79646017699115,13.628318584070797,4.424778761061947,0.0,0.0,0.0,0.8849557522123894,0.0,0.0,0.0,0.0,0.7079646017699115,0.0,0.0,0.0,0.0,0.0,0.0,0.0
06404,06,404,1133,604,529,0,492,9,488,4,91,129,124,51,58,29,0,0,0,4,0,0,0,0,2,0,0,0,0,0,0,0,43.42453662842012,0.8130081300813009,99.1869918699187,18.647540983606557,26.434426229508194,25.40983606557377,10.450819672131148,11.885245901639344,5.942622950819672,0.0,0.0,0.0,0.819672131147541,0.0,0.0,0.0,0.0,0.4098360655737705,0.0,0.0,0.0,0.0,0.0,0.0,0.0
06405,06,405,1250,748,502,0,639,5,632,7,116,146,234,27,76,30,0,0,0,0,0,0,0,0,3,0,0,0,0,0,0,0,51.12,1.0954616588419406,98.90453834115806,18.354430379746837,23.10126582278481,37.0253164556962,4.272151898734177,12.025316455696203,4.746835443037975,0.0,0.0,0.0,0.0,0.0,0.0,0.0,0.0,0.4746835443037975,0.0,0.0,0.0,0.0,0.0,0.0,0.0
06406,06,406,1213,694,519,0,522,8,513,9,116,93,149,54,70,15,0,0,0,11,0,0,0,0,5,0,0,0,0,0,0,0,43.03380049464138,1.7241379310344827,98.27586206896551,22.612085769980506,18.128654970760234,29.0448343079922,10.526315789473683,13.64522417153996,2.923976608187134,0.0,0.0,0.0,2.144249512670565,0.0,0.0,0.0,0.0,0.9746588693957114,0.0,0.0,0.0,0.0,0.0,0.0,0.0
06407,06,407,1336,866,470,0,634,10,630,4,143,97,159,71,126,25,0,0,0,7,0,0,0,0,2,0,0,0,0,0,0,0,47.455089820359284,0.6309148264984227,99.36908517350159,22.6984126984127,15.396825396825397,25.238095238095237,11.26984126984127,20.0,3.968253968253968,0.0,0.0,0.0,1.1111111111111112,0.0,0.0,0.0,0.0,0.31746031746031744,0.0,0.0,0.0,0.0,0.0,0.0,0.0
06408,06,408,1306,711,595,0,530,7,527,3,129,101,181,39,52,18,0,0,0,4,0,0,0,0,3,0,0,0,0,0,0,0,40.58192955589586,0.5660377358490566,99.43396226415095,24.47817836812144,19.165085388994306,34.34535104364326,7.400379506641366,9.867172675521822,3.415559772296015,0.0,0.0,0.0,0.7590132827324478,0.0,0.0,0.0,0.0,0.5692599620493358,0.0,0.0,0.0,0.0,0.0,0.0,0.0
06409,06,409,1195,736,459,0,598,8,592,6,130,99,208,43,76,22,0,0,0,9,0,0,0,0,5,0,0,0,0,0,0,0,50.04184100418409,1.0033444816053512,98.99665551839465,21.95945945945946,16.722972972972975,35.13513513513514,7.263513513513513,12.837837837837837,3.7162162162162162,0.0,0.0,0.0,1.5202702702702704,0.0,0.0,0.0,0.0,0.8445945945945946,0.0,0.0,0.0,0.0,0.0,0.0,0.0
06410,06,410,1273,850,423,0,564,3,557,7,108,73,142,73,124,22,0,0,0,11,0,0,0,0,4,0,0,0,0,0,0,0,44.304791830322074,1.2411347517730498,98.75886524822694,19.389587073608617,13.10592459605027,25.493716337522443,13.10592459605027,22.262118491921004,3.949730700179533,0.0,0.0,0.0,1.9748653500897666,0.0,0.0,0.0,0.0,0.718132854578097,0.0,0.0,0.0,0.0,0.0,0.0,0.0
06411,06,411,1487,969,518,0,761,8,752,9,181,74,208,79,162,28,0,0,0,13,0,0,0,0,7,0,0,0,0,0,0,0,51.1768661735037,1.1826544021024967,98.8173455978975,24.069148936170212,9.840425531914894,27.659574468085108,10.50531914893617,21.54255319148936,3.723404255319149,0.0,0.0,0.0,1.7287234042553192,0.0,0.0,0.0,0.0,0.9308510638297872,0.0,0.0,0.0,0.0,0.0,0.0,0.0
06412,06,412,1388,975,413,0,748,9,742,6,169,96,252,69,101,37,0,0,0,10,0,0,0,0,8,0,0,0,0,0,0,0,53.89048991354467,0.8021390374331552,99.19786096256684,22.776280323450134,12.93800539083558,33.9622641509434,9.299191374663073,13.611859838274935,4.986522911051213,0.0,0.0,0.0,1.3477088948787064,0.0,0.0,0.0,0.0,1.078167115902965,0.0,0.0,0.0,0.0,0.0,0.0,0.0
06413,06,413,1188,782,406,0,497,4,487,10,110,55,141,58,93,18,0,0,0,5,0,0,0,0,7,0,0,0,0,0,0,0,41.83501683501684,2.0120724346076457,97.98792756539235,22.587268993839835,11.293634496919918,28.952772073921974,11.90965092402464,19.096509240246405,3.696098562628337,0.0,0.0,0.0,1.0266940451745379,0.0,0.0,0.0,0.0,1.4373716632443532,0.0,0.0,0.0,0.0,0.0,0.0,0.0
06414,06,414,1162,954,208,0,610,7,602,8,127,31,127,118,152,15,0,0,0,20,0,0,0,0,12,0,0,0,0,0,0,0,52.49569707401033,1.3114754098360655,98.68852459016394,21.096345514950166,5.149501661129568,21.096345514950166,19.601328903654487,25.249169435215947,2.4916943521594686,0.0,0.0,0.0,3.322259136212625,0.0,0.0,0.0,0.0,1.9933554817275747,0.0,0.0,0.0,0.0,0.0,0.0,0.0
06415,06,415,1019,697,322,0,467,2,460,7,97,60,94,74,108,18,0,0,0,3,0,0,0,0,6,0,0,0,0,0,0,0,45.82924435721296,1.4989293361884368,98.50107066381156,21.086956521739133,13.043478260869565,20.434782608695652,16.08695652173913,23.47826086956522,3.91304347826087,0.0,0.0,0.0,0.6521739130434783,0.0,0.0,0.0,0.0,1.3043478260869565,0.0,0.0,0.0,0.0,0.0,0.0,0.0
06416,06,416,1259,691,568,0,581,13,575,6,117,103,198,56,67,32,0,0,0,1,0,0,0,0,1,0,0,0,0,0,0,0,46.14773629864972,1.0327022375215147,98.9672977624785,20.347826086956523,17.91304347826087,34.43478260869565,9.73913043478261,11.652173913043478,5.565217391304348,0.0,0.0,0.0,0.17391304347826086,0.0,0.0,0.0,0.0,0.17391304347826086,0.0,0.0,0.0,0.0,0.0,0.0,0.0
06417,06,417,1250,638,612,0,467,6,463,4,106,94,137,44,70,8,0,0,0,3,0,0,0,0,1,0,0,0,0,0,0,0,37.36,0.8565310492505354,99.14346895074947,22.894168466522675,20.302375809935207,29.589632829373652,9.503239740820735,15.118790496760258,1.7278617710583155,0.0,0.0,0.0,0.6479481641468683,0.0,0.0,0.0,0.0,0.21598272138228944,0.0,0.0,0.0,0.0,0.0,0.0,0.0
06418,06,418,1211,743,468,0,644,5,642,2,133,151,199,38,81,29,0,0,0,5,0,0,0,0,6,0,0,0,0,0,0,0,53.179190751445084,0.3105590062111801,99.68944099378882,20.71651090342679,23.5202492211838,30.99688473520249,5.919003115264798,12.616822429906541,4.517133956386292,0.0,0.0,0.0,0.778816199376947,0.0,0.0,0.0,0.0,0.9345794392523363,0.0,0.0,0.0,0.0,0.0,0.0,0.0
06419,06,419,1219,752,467,0,547,9,539,8,125,125,142,59,56,22,0,0,0,4,0,0,0,0,6,0,0,0,0,0,0,0,44.87284659557014,1.4625228519195612,98.53747714808044,23.191094619666046,23.191094619666046,26.34508348794063,10.946196660482375,10.38961038961039,4.081632653061225,0.0,0.0,0.0,0.7421150278293136,0.0,0.0,0.0,0.0,1.1131725417439702,0.0,0.0,0.0,0.0,0.0,0.0,0.0
06420,06,420,1180,809,371,0,564,5,557,7,126,47,157,75,126,13,0,0,0,8,0,0,0,0,5,0,0,0,0,0,0,0,47.79661016949153,1.2411347517730498,98.75886524822694,22.621184919210055,8.43806104129264,28.186714542190305,13.464991023339318,22.621184919210055,2.333931777378815,0.0,0.0,0.0,1.436265709156194,0.0,0.0,0.0,0.0,0.8976660682226212,0.0,0.0,0.0,0.0,0.0,0.0,0.0
06421,06,421,1250,745,505,0,565,8,562,3,125,117,144,68,85,14,0,0,0,3,0,0,0,0,6,0,0,0,0,0,0,0,45.2,0.5309734513274336,99.46902654867257,22.24199288256228,20.818505338078293,25.622775800711743,12.099644128113878,15.12455516014235,2.491103202846975,0.0,0.0,0.0,0.5338078291814947,0.0,0.0,0.0,0.0,1.0676156583629894,0.0,0.0,0.0,0.0,0.0,0.0,0.0
06422,06,422,1232,706,526,0,591,5,585,6,148,157,137,50,59,26,0,0,0,5,0,0,0,0,3,0,0,0,0,0,0,0,47.97077922077922,1.015228426395939,98.98477157360406,25.299145299145298,26.837606837606838,23.418803418803417,8.547008547008547,10.085470085470085,4.444444444444445,0.0,0.0,0.0,0.8547008547008548,0.0,0.0,0.0,0.0,0.5128205128205128,0.0,0.0,0.0,0.0,0.0,0.0,0.0
06423,06,423,1246,677,569,0,583,6,577,6,123,110,217,21,73,20,0,0,0,7,0,0,0,0,6,0,0,0,0,0,0,0,46.78972712680578,1.0291595197255576,98.97084048027445,21.317157712305026,19.064124783362217,37.60831889081456,3.6395147313691507,12.65164644714038,3.466204506065858,0.0,0.0,0.0,1.2131715771230502,0.0,0.0,0.0,0.0,1.0398613518197575,0.0,0.0,0.0,0.0,0.0,0.0,0.0
064A,06,4A,0,0,0,0,827,827,824,3,189,212,276,51,58,33,0,0,0,4,0,0,0,0,1,0,0,0,0,0,0,0,inf,0.36275695284159615,99.6372430471584,22.936893203883496,25.728155339805824,33.49514563106796,6.189320388349515,7.038834951456311,4.0048543689320395,0.0,0.0,0.0,0.48543689320388345,0.0,0.0,0.0,0.0,0.12135922330097086,0.0,0.0,0.0,0.0,0.0,0.0,0.0
064B,06,4B,0,0,0,0,896,896,888,8,229,155,306,70,77,28,0,0,0,16,0,0,0,0,7,0,0,0,0,0,0,0,inf,0.8928571428571428,99.10714285714286,25.788288288288285,17.454954954954953,34.45945945945946,7.882882882882883,8.67117117117117,3.153153153153153,0.0,0.0,0.0,1.8018018018018018,0.0,0.0,0.0,0.0,0.7882882882882882,0.0,0.0,0.0,0.0,0.0,0.0,0.0
064C,06,4C,0,0,0,0,937,937,929,8,214,171,342,72,60,41,0,0,0,26,0,0,0,0,3,0,0,0,0,0,0,0,inf,0.8537886872998933,99.1462113127001,23.03552206673843,18.406889128094726,36.81377825618945,7.750269106566201,6.458557588805166,4.413347685683531,0.0,0.0,0.0,2.798708288482239,0.0,0.0,0.0,0.0,0.32292787944025836,0.0,0.0,0.0,0.0,0.0,0.0,0.0
064D,06,4D,0,0,0,0,945,945,939,6,217,225,307,75,73,29,0,0,0,8,0,0,0,0,5,0,0,0,0,0,0,0,inf,0.6349206349206349,99.36507936507937,23.109691160809373,23.961661341853034,32.694355697550584,7.987220447284344,7.77422790202343,3.08839190628328,0.0,0.0,0.0,0.8519701810436635,0.0,0.0,0.0,0.0,0.5324813631522897,0.0,0.0,0.0,0.0,0.0,0.0,0.0
064E,06,4E,0,0,0,0,824,824,815,9,229,128,258,51,79,41,0,0,0,27,0,0,0,0,2,0,0,0,0,0,0,0,inf,1.0922330097087378,98.90776699029125,28.098159509202453,15.70552147239264,31.656441717791413,6.257668711656442,9.69325153374233,5.030674846625767,0.0,0.0,0.0,3.3128834355828225,0.0,0.0,0.0,0.0,0.245398773006135,0.0,0.0,0.0,0.0,0.0,0.0,0.0
064F,06,4F,0,0,0,0,941,941,932,9,201,187,378,72,56,27,0,0,0,10,0,0,0,0,1,0,0,0,0,0,0,0,inf,0.9564293304994688,99.04357066950054,21.566523605150216,20.064377682403432,40.557939914163086,7.725321888412018,6.008583690987124,2.896995708154506,0.0,0.0,0.0,1.0729613733905579,0.0,0.0,0.0,0.0,0.1072961373390558,0.0,0.0,0.0,0.0,0.0,0.0,0.0
064G,06,4G,0,0,0,0,1044,1044,1033,11,224,201,454,56,48,36,0,0,0,11,0,0,0,0,3,0,0,0,0,0,0,0,inf,1.053639846743295,98.9463601532567,21.684414327202322,19.457889641819943,43.94966118102614,5.421103581800581,4.646660212971927,3.4849951597289452,0.0,0.0,0.0,1.0648596321393997,0.0,0.0,0.0,0.0,0.29041626331074544,0.0,0.0,0.0,0.0,0.0,0.0,0.0
064H,06,4H,0,0,0,0,880,880,869,11,210,149,315,47,86,34,0,0,0,20,0,0,0,0,8,0,0,0,0,0,0,0,inf,1.25,98.75,24.165707710011507,17.14614499424626,36.24856156501726,5.408515535097814,9.896432681242807,3.9125431530494823,0.0,0.0,0.0,2.3014959723820483,0.0,0.0,0.0,0.0,0.9205983889528193,0.0,0.0,0.0,0.0,0.0,0.0,0.0
064J,06,4J,0,0,0,0,913,913,899,14,243,101,313,90,95,34,0,0,0,17,0,0,0,0,6,0,0,0,0,0,0,0,inf,1.5334063526834611,98.46659364731653,27.030033370411566,11.234705228031146,34.81646273637375,10.011123470522804,10.567296996662959,3.781979977753059,0.0,0.0,0.0,1.8909899888765296,0.0,0.0,0.0,0.0,0.6674082313681869,0.0,0.0,0.0,0.0,0.0,0.0,0.0
064K,06,4K,0,0,0,0,1067,1067,1065,2,233,193,451,50,82,40,0,0,0,12,0,0,0,0,4,0,0,0,0,0,0,0,inf,0.18744142455482662,99.81255857544518,21.87793427230047,18.12206572769953,42.347417840375584,4.694835680751173,7.699530516431925,3.755868544600939,0.0,0.0,0.0,1.1267605633802817,0.0,0.0,0.0,0.0,0.3755868544600939,0.0,0.0,0.0,0.0,0.0,0.0,0.0
064L,06,4L,0,0,0,0,872,872,858,14,205,124,353,71,66,23,0,0,0,15,0,0,0,0,1,0,0,0,0,0,0,0,inf,1.6055045871559634,98.39449541284404,23.892773892773892,14.452214452214452,41.142191142191145,8.275058275058274,7.6923076923076925,2.6806526806526807,0.0,0.0,0.0,1.7482517482517483,0.0,0.0,0.0,0.0,0.11655011655011654,0.0,0.0,0.0,0.0,0.0,0.0,0.0
06501,06,501,1196,765,431,0,549,5,545,4,139,93,141,55,80,22,0,0,0,10,0,0,0,0,5,0,0,0,0,0,0,0,45.90301003344482,0.7285974499089253,99.27140255009107,25.504587155963304,17.06422018348624,25.871559633027523,10.091743119266056,14.678899082568808,4.036697247706423,0.0,0.0,0.0,1.834862385321101,0.0,0.0,0.0,0.0,0.9174311926605505,0.0,0.0,0.0,0.0,0.0,0.0,0.0
06502,06,502,1303,866,437,0,581,7,576,5,109,98,168,58,115,14,0,0,0,9,0,0,0,0,5,0,0,0,0,0,0,0,44.58940905602456,0.8605851979345954,99.1394148020654,18.92361111111111,17.01388888888889,29.166666666666668,10.069444444444445,19.96527777777778,2.430555555555556,0.0,0.0,0.0,1.5625,0.0,0.0,0.0,0.0,0.8680555555555556,0.0,0.0,0.0,0.0,0.0,0.0,0.0
06503,06,503,1201,689,512,0,521,4,515,6,113,83,150,53,93,13,0,0,0,7,0,0,0,0,3,0,0,0,0,0,0,0,43.38051623646961,1.1516314779270633,98.84836852207293,21.941747572815533,16.116504854368934,29.126213592233007,10.29126213592233,18.058252427184467,2.524271844660194,0.0,0.0,0.0,1.3592233009708738,0.0,0.0,0.0,0.0,0.5825242718446602,0.0,0.0,0.0,0.0,0.0,0.0,0.0
06504,06,504,1092,665,427,0,555,10,551,4,116,142,167,43,53,25,0,0,0,4,0,0,0,0,1,0,0,0,0,0,0,0,50.824175824175825,0.7207207207207207,99.27927927927928,21.052631578947366,25.771324863883848,30.30852994555354,7.80399274047187,9.618874773139746,4.537205081669692,0.0,0.0,0.0,0.7259528130671506,0.0,0.0,0.0,0.0,0.18148820326678766,0.0,0.0,0.0,0.0,0.0,0.0,0.0
06505,06,505,1263,770,493,0,642,6,634,8,142,119,201,56,85,22,0,0,0,7,0,0,0,0,2,0,0,0,0,0,0,0,50.83135391923991,1.2461059190031152,98.75389408099689,22.397476340694006,18.769716088328074,31.703470031545745,8.832807570977918,13.406940063091483,3.4700315457413247,0.0,0.0,0.0,1.1041009463722398,0.0,0.0,0.0,0.0,0.31545741324921134,0.0,0.0,0.0,0.0,0.0,0.0,0.0
06506,06,506,1175,685,490,0,462,7,458,4,89,66,129,59,90,13,0,0,0,6,0,0,0,0,6,0,0,0,0,0,0,0,39.31914893617021,0.8658008658008658,99.13419913419914,19.432314410480352,14.41048034934498,28.16593886462882,12.882096069868995,19.65065502183406,2.8384279475982535,0.0,0.0,0.0,1.3100436681222707,0.0,0.0,0.0,0.0,1.3100436681222707,0.0,0.0,0.0,0.0,0.0,0.0,0.0
06507,06,507,1128,797,331,0,577,5,567,10,128,60,143,86,126,12,0,0,0,5,0,0,0,0,7,0,0,0,0,0,0,0,51.152482269503544,1.733102253032929,98.26689774696708,22.57495590828924,10.582010582010582,25.220458553791886,15.167548500881834,22.22222222222222,2.1164021164021163,0.0,0.0,0.0,0.8818342151675485,0.0,0.0,0.0,0.0,1.2345679012345678,0.0,0.0,0.0,0.0,0.0,0.0,0.0
06508,06,508,1283,829,454,0,556,4,548,8,108,73,156,71,105,20,0,0,0,11,0,0,0,0,4,0,0,0,0,0,0,0,43.33593141075604,1.4388489208633095,98.56115107913669,19.708029197080293,13.321167883211679,28.467153284671532,12.956204379562045,19.16058394160584,3.64963503649635,0.0,0.0,0.0,2.0072992700729926,0.0,0.0,0.0,0.0,0.7299270072992701,0.0,0.0,0.0,0.0,0.0,0.0,0.0
06509,06,509,1271,782,489,0,597,5,589,8,132,69,190,33,125,17,0,0,0,15,0,0,0,0,8,0,0,0,0,0,0,0,46.970889063729345,1.340033500837521,98.65996649916248,22.410865874363328,11.714770797962649,32.25806451612903,5.602716468590832,21.222410865874362,2.886247877758913,0.0,0.0,0.0,2.5466893039049237,0.0,0.0,0.0,0.0,1.3582342954159592,0.0,0.0,0.0,0.0,0.0,0.0,0.0
06510,06,510,1222,870,352,0,719,4,712,7,127,101,230,65,144,28,0,0,0,14,0,0,0,0,3,0,0,0,0,0,0,0,58.8379705400982,0.9735744089012517,99.02642559109874,17.837078651685392,14.185393258426968,32.30337078651686,9.129213483146067,20.224719101123593,3.932584269662921,0.0,0.0,0.0,1.9662921348314606,0.0,0.0,0.0,0.0,0.42134831460674155,0.0,0.0,0.0,0.0,0.0,0.0,0.0
06511,06,511,1146,791,355,0,620,5,611,9,123,123,215,58,62,25,0,0,0,3,0,0,0,0,2,0,0,0,0,0,0,0,54.10122164048866,1.4516129032258065,98.54838709677419,20.130932896890343,20.130932896890343,35.188216039279865,9.492635024549918,10.147299509001636,4.091653027823241,0.0,0.0,0.0,0.4909983633387889,0.0,0.0,0.0,0.0,0.32733224222585927,0.0,0.0,0.0,0.0,0.0,0.0,0.0
06512,06,512,1155,774,381,0,517,5,506,11,115,67,101,89,111,13,0,0,0,6,0,0,0,0,4,0,0,0,0,0,0,0,44.761904761904766,2.127659574468085,97.87234042553192,22.727272727272727,13.24110671936759,19.960474308300398,17.588932806324113,21.936758893280633,2.5691699604743086,0.0,0.0,0.0,1.185770750988142,0.0,0.0,0.0,0.0,0.7905138339920948,0.0,0.0,0.0,0.0,0.0,0.0,0.0
06513,06,513,1554,1093,461,0,800,11,784,16,181,109,177,117,151,26,0,0,0,12,0,0,0,0,11,0,0,0,0,0,0,0,51.48005148005148,2.0,98.0,23.08673469387755,13.903061224489797,22.5765306122449,14.923469387755103,19.260204081632654,3.316326530612245,0.0,0.0,0.0,1.530612244897959,0.0,0.0,0.0,0.0,1.403061224489796,0.0,0.0,0.0,0.0,0.0,0.0,0.0
06514,06,514,1208,706,502,0,612,12,609,3,140,117,217,44,54,30,0,0,0,4,0,0,0,0,3,0,0,0,0,0,0,0,50.66225165562914,0.49019607843137253,99.50980392156863,22.988505747126435,19.21182266009852,35.63218390804598,7.224958949096879,8.866995073891626,4.926108374384237,0.0,0.0,0.0,0.6568144499178982,0.0,0.0,0.0,0.0,0.49261083743842365,0.0,0.0,0.0,0.0,0.0,0.0,0.0
06515,06,515,1228,805,423,0,640,9,629,11,122,113,161,82,119,24,0,0,0,5,0,0,0,0,3,0,0,0,0,0,0,0,52.11726384364821,1.7187500000000002,98.28125,19.395866454689983,17.965023847376788,25.59618441971383,13.036565977742448,18.91891891891892,3.815580286168521,0.0,0.0,0.0,0.7949125596184419,0.0,0.0,0.0,0.0,0.47694753577106513,0.0,0.0,0.0,0.0,0.0,0.0,0.0
06516,06,516,1279,887,392,0,595,5,584,11,137,53,148,89,123,17,0,0,0,9,0,0,0,0,8,0,0,0,0,0,0,0,46.52071931196247,1.8487394957983194,98.15126050420167,23.458904109589042,9.075342465753424,25.34246575342466,15.23972602739726,21.06164383561644,2.910958904109589,0.0,0.0,0.0,1.5410958904109588,0.0,0.0,0.0,0.0,1.36986301369863,0.0,0.0,0.0,0.0,0.0,0.0,0.0
06517,06,517,1307,924,383,0,639,11,635,4,128,73,173,91,133,20,0,0,0,9,0,0,0,0,8,0,0,0,0,0,0,0,48.89058913542464,0.6259780907668232,99.37402190923318,20.15748031496063,11.496062992125983,27.244094488188974,14.330708661417324,20.94488188976378,3.149606299212598,0.0,0.0,0.0,1.4173228346456692,0.0,0.0,0.0,0.0,1.2598425196850394,0.0,0.0,0.0,0.0,0.0,0.0,0.0
06518,06,518,1012,689,323,0,457,6,449,8,83,44,133,59,101,22,0,0,0,4,0,0,0,0,3,0,0,0,0,0,0,0,45.15810276679842,1.75054704595186,98.24945295404814,18.485523385300667,9.799554565701559,29.621380846325167,13.140311804008908,22.494432071269486,4.8997772828507795,0.0,0.0,0.0,0.8908685968819599,0.0,0.0,0.0,0.0,0.6681514476614699,0.0,0.0,0.0,0.0,0.0,0.0,0.0
06519,06,519,993,612,381,0,455,5,450,5,113,74,120,40,77,20,0,0,0,5,0,0,0,0,1,0,0,0,0,0,0,0,45.820745216515604,1.098901098901099,98.9010989010989,25.11111111111111,16.444444444444446,26.666666666666668,8.88888888888889,17.11111111111111,4.444444444444445,0.0,0.0,0.0,1.1111111111111112,0.0,0.0,0.0,0.0,0.2222222222222222,0.0,0.0,0.0,0.0,0.0,0.0,0.0
06520,06,520,1103,674,429,0,551,12,551,0,115,131,181,38,50,26,0,0,0,6,0,0,0,0,4,0,0,0,0,0,0,0,49.9546690843155,0.0,100.0,20.87114337568058,23.77495462794918,32.849364791288565,6.896551724137931,9.074410163339383,4.71869328493648,0.0,0.0,0.0,1.0889292196007259,0.0,0.0,0.0,0.0,0.7259528130671506,0.0,0.0,0.0,0.0,0.0,0.0,0.0
06521,06,521,1131,665,466,0,570,12,569,1,135,109,164,41,90,23,0,0,0,5,0,0,0,0,2,0,0,0,0,0,0,0,50.397877984084886,0.17543859649122806,99.82456140350877,23.72583479789104,19.15641476274165,28.822495606326886,7.205623901581721,15.817223198594025,4.042179261862917,0.0,0.0,0.0,0.8787346221441126,0.0,0.0,0.0,0.0,0.35149384885764495,0.0,0.0,0.0,0.0,0.0,0.0,0.0
06522,06,522,1260,850,410,0,578,9,567,11,124,83,121,76,134,16,0,0,0,8,0,0,0,0,5,0,0,0,0,0,0,0,45.87301587301587,1.9031141868512111,98.09688581314879,21.869488536155202,14.638447971781304,21.340388007054674,13.403880070546737,23.633156966490297,2.821869488536155,0.0,0.0,0.0,1.4109347442680775,0.0,0.0,0.0,0.0,0.8818342151675485,0.0,0.0,0.0,0.0,0.0,0.0,0.0
06523,06,523,1238,895,343,0,633,5,614,19,151,67,109,110,137,22,0,0,0,10,0,0,0,0,8,0,0,0,0,0,0,0,51.13085621970921,3.0015797788309637,96.99842022116904,24.592833876221498,10.912052117263844,17.75244299674267,17.91530944625407,22.31270358306189,3.5830618892508146,0.0,0.0,0.0,1.6286644951140066,0.0,0.0,0.0,0.0,1.3029315960912053,0.0,0.0,0.0,0.0,0.0,0.0,0.0
06524,06,524,967,647,320,0,427,6,413,14,94,16,113,52,111,22,0,0,0,1,0,0,0,0,4,0,0,0,0,0,0,0,44.15718717683557,3.278688524590164,96.72131147540983,22.760290556900724,3.87409200968523,27.36077481840194,12.590799031477,26.876513317191282,5.326876513317192,0.0,0.0,0.0,0.24213075060532688,0.0,0.0,0.0,0.0,0.9685230024213075,0.0,0.0,0.0,0.0,0.0,0.0,0.0
06525,06,525,944,699,245,0,426,3,420,6,89,39,82,72,118,12,0,0,0,4,0,0,0,0,4,0,0,0,0,0,0,0,45.1271186440678,1.4084507042253522,98.59154929577466,21.19047619047619,9.285714285714286,19.523809523809526,17.142857142857142,28.095238095238095,2.857142857142857,0.0,0.0,0.0,0.9523809523809524,0.0,0.0,0.0,0.0,0.9523809523809524,0.0,0.0,0.0,0.0,0.0,0.0,0.0
065A,06,5A,0,0,0,0,752,752,746,6,165,148,284,48,50,34,0,0,0,14,0,0,0,0,3,0,0,0,0,0,0,0,inf,0.7978723404255319,99.20212765957447,22.117962466487935,19.839142091152816,38.069705093833775,6.434316353887399,6.702412868632708,4.557640750670242,0.0,0.0,0.0,1.876675603217158,0.0,0.0,0.0,0.0,0.40214477211796246,0.0,0.0,0.0,0.0,0.0,0.0,0.0
065B,06,5B,0,0,0,0,828,828,821,7,176,161,307,53,78,35,0,0,0,6,0,0,0,0,5,0,0,0,0,0,0,0,inf,0.8454106280193237,99.15458937198068,21.43727161997564,19.61023142509135,37.393422655298416,6.455542021924482,9.500609013398295,4.263093788063337,0.0,0.0,0.0,0.730816077953715,0.0,0.0,0.0,0.0,0.6090133982947624,0.0,0.0,0.0,0.0,0.0,0.0,0.0
065C,06,5C,0,0,0,0,781,781,773,8,192,121,240,71,91,32,0,0,0,17,0,0,0,0,9,0,0,0,0,0,0,0,inf,1.0243277848911652,98.97567221510883,24.838292367399742,15.653298835705046,31.047865459249675,9.184993531694696,11.772315653298836,4.139715394566624,0.0,0.0,0.0,2.1992238033635187,0.0,0.0,0.0,0.0,1.1642949547218628,0.0,0.0,0.0,0.0,0.0,0.0,0.0
065D,06,5D,0,0,0,0,739,739,728,11,163,177,263,47,36,37,0,0,0,4,0,0,0,0,1,0,0,0,0,0,0,0,inf,1.4884979702300407,98.51150202976996,22.39010989010989,24.313186813186814,36.12637362637363,6.456043956043957,4.945054945054945,5.082417582417582,0.0,0.0,0.0,0.5494505494505495,0.0,0.0,0.0,0.0,0.13736263736263737,0.0,0.0,0.0,0.0,0.0,0.0,0.0
065E,06,5E,0,0,0,0,925,925,925,0,232,181,331,67,65,25,0,0,0,17,0,0,0,0,7,0,0,0,0,0,0,0,inf,0.0,100.0,25.08108108108108,19.56756756756757,35.78378378378378,7.243243243243243,7.027027027027027,2.7027027027027026,0.0,0.0,0.0,1.8378378378378377,0.0,0.0,0.0,0.0,0.7567567567567568,0.0,0.0,0.0,0.0,0.0,0.0,0.0
065F,06,5F,0,0,0,0,709,709,704,5,204,98,194,83,85,17,0,0,0,17,0,0,0,0,6,0,0,0,0,0,0,0,inf,0.7052186177715092,99.29478138222849,28.97727272727273,13.920454545454545,27.556818181818183,11.789772727272728,12.073863636363637,2.414772727272727,0.0,0.0,0.0,2.414772727272727,0.0,0.0,0.0,0.0,0.8522727272727272,0.0,0.0,0.0,0.0,0.0,0.0,0.0
065G,06,5G,0,0,0,0,887,887,879,8,203,120,329,60,112,34,0,0,0,15,0,0,0,0,6,0,0,0,0,0,0,0,inf,0.9019165727170236,99.09808342728297,23.094425483503983,13.651877133105803,37.42889647326507,6.825938566552901,12.741751990898747,3.8680318543799777,0.0,0.0,0.0,1.7064846416382253,0.0,0.0,0.0,0.0,0.6825938566552902,0.0,0.0,0.0,0.0,0.0,0.0,0.0
065H,06,5H,0,0,0,0,781,781,771,10,192,92,236,86,106,23,0,0,0,23,0,0,0,0,13,0,0,0,0,0,0,0,inf,1.2804097311139564,98.71959026888605,24.90272373540856,11.932555123216602,30.609597924773023,11.154345006485086,13.748378728923477,2.9831387808041505,0.0,0.0,0.0,2.9831387808041505,0.0,0.0,0.0,0.0,1.6861219195849546,0.0,0.0,0.0,0.0,0.0,0.0,0.0
065J,06,5J,0,0,0,0,776,776,765,11,197,112,228,80,91,30,0,0,0,18,0,0,0,0,9,0,0,0,0,0,0,0,inf,1.4175257731958764,98.58247422680412,25.751633986928102,14.640522875816995,29.80392156862745,10.457516339869281,11.895424836601306,3.9215686274509802,0.0,0.0,0.0,2.3529411764705883,0.0,0.0,0.0,0.0,1.1764705882352942,0.0,0.0,0.0,0.0,0.0,0.0,0.0
065K,06,5K,0,0,0,0,754,754,749,5,198,144,243,71,68,6,0,0,0,14,0,0,0,0,5,0,0,0,0,0,0,0,inf,0.6631299734748011,99.3368700265252,26.43524699599466,19.225634178905207,32.44325767690254,9.479305740987984,9.078771695594126,0.801068090787717,0.0,0.0,0.0,1.8691588785046727,0.0,0.0,0.0,0.0,0.6675567423230975,0.0,0.0,0.0,0.0,0.0,0.0,0.0
065L,06,5L,0,0,0,0,707,707,694,13,179,113,240,58,70,18,0,0,0,11,0,0,0,0,5,0,0,0,0,0,0,0,inf,1.8387553041018387,98.16124469589816,25.79250720461095,16.282420749279538,34.5821325648415,8.357348703170029,10.086455331412104,2.5936599423631126,0.0,0.0,0.0,1.585014409221902,0.0,0.0,0.0,0.0,0.7204610951008645,0.0,0.0,0.0,0.0,0.0,0.0,0.0
065M,06,5M,0,0,0,0,879,879,864,15,210,146,310,55,73,46,0,0,0,19,0,0,0,0,5,0,0,0,0,0,0,0,inf,1.7064846416382253,98.29351535836177,24.305555555555554,16.89814814814815,35.879629629629626,6.365740740740741,8.449074074074074,5.324074074074074,0.0,0.0,0.0,2.199074074074074,0.0,0.0,0.0,0.0,0.5787037037037037,0.0,0.0,0.0,0.0,0.0,0.0,0.0
06601,06,601,1235,616,619,0,525,16,519,6,87,162,141,36,65,21,0,0,0,6,0,0,0,0,1,0,0,0,0,0,0,0,42.51012145748988,1.1428571428571428,98.85714285714286,16.76300578034682,31.213872832369944,27.167630057803464,6.9364161849710975,12.524084778420038,4.046242774566474,0.0,0.0,0.0,1.1560693641618496,0.0,0.0,0.0,0.0,0.1926782273603083,0.0,0.0,0.0,0.0,0.0,0.0,0.0
06602,06,602,1175,711,464,0,604,5,598,6,141,152,145,51,87,18,0,0,0,4,0,0,0,0,0,0,0,0,0,0,0,0,51.40425531914894,0.9933774834437087,99.00662251655629,23.578595317725753,25.418060200668897,24.24749163879599,8.528428093645484,14.54849498327759,3.0100334448160537,0.0,0.0,0.0,0.6688963210702341,0.0,0.0,0.0,0.0,0.0,0.0,0.0,0.0,0.0,0.0,0.0,0.0
06603,06,603,1229,653,576,0,551,8,550,1,116,157,149,35,67,22,0,0,0,3,0,0,0,0,1,0,0,0,0,0,0,0,44.833197721724986,0.18148820326678766,99.8185117967332,21.09090909090909,28.545454545454547,27.090909090909093,6.363636363636363,12.181818181818182,4.0,0.0,0.0,0.0,0.5454545454545455,0.0,0.0,0.0,0.0,0.18181818181818182,0.0,0.0,0.0,0.0,0.0,0.0,0.0
06604,06,604,1200,778,422,0,691,6,686,5,137,201,192,51,60,44,0,0,0,0,0,0,0,0,1,0,0,0,0,0,0,0,57.58333333333333,0.723589001447178,99.27641099855282,19.97084548104956,29.300291545189506,27.988338192419825,7.434402332361516,8.746355685131196,6.41399416909621,0.0,0.0,0.0,0.0,0.0,0.0,0.0,0.0,0.1457725947521866,0.0,0.0,0.0,0.0,0.0,0.0,0.0
06605,06,605,1343,862,481,0,741,9,730,11,152,133,215,80,95,42,0,0,0,8,0,0,0,0,5,0,0,0,0,0,0,0,55.17498138495904,1.484480431848853,98.51551956815115,20.82191780821918,18.21917808219178,29.45205479452055,10.95890410958904,13.013698630136986,5.7534246575342465,0.0,0.0,0.0,1.095890410958904,0.0,0.0,0.0,0.0,0.684931506849315,0.0,0.0,0.0,0.0,0.0,0.0,0.0
06606,06,606,1182,691,491,0,538,16,534,4,54,79,285,17,51,45,0,0,0,2,0,0,0,0,1,0,0,0,0,0,0,0,45.5160744500846,0.7434944237918215,99.25650557620817,10.112359550561797,14.794007490636703,53.37078651685393,3.1835205992509366,9.550561797752808,8.426966292134832,0.0,0.0,0.0,0.37453183520599254,0.0,0.0,0.0,0.0,0.18726591760299627,0.0,0.0,0.0,0.0,0.0,0.0,0.0
06607,06,607,1195,658,537,0,558,8,547,11,83,103,271,31,29,29,0,0,0,1,0,0,0,0,0,0,0,0,0,0,0,0,46.69456066945607,1.971326164874552,98.02867383512545,15.173674588665447,18.82998171846435,49.54296160877514,5.6672760511883,5.301645338208409,5.301645338208409,0.0,0.0,0.0,0.18281535648994515,0.0,0.0,0.0,0.0,0.0,0.0,0.0,0.0,0.0,0.0,0.0,0.0
06608,06,608,1414,811,603,0,659,10,656,3,106,96,266,47,80,49,0,0,0,6,0,0,0,0,6,0,0,0,0,0,0,0,46.605374823196605,0.4552352048558422,99.54476479514416,16.158536585365855,14.634146341463413,40.54878048780488,7.164634146341463,12.195121951219512,7.4695121951219505,0.0,0.0,0.0,0.9146341463414633,0.0,0.0,0.0,0.0,0.9146341463414633,0.0,0.0,0.0,0.0,0.0,0.0,0.0
06609,06,609,1167,597,570,0,511,10,507,4,97,130,179,36,39,22,0,0,0,2,0,0,0,0,2,0,0,0,0,0,0,0,43.78748928877464,0.7827788649706457,99.21722113502935,19.13214990138067,25.64102564102564,35.30571992110454,7.100591715976331,7.6923076923076925,4.339250493096647,0.0,0.0,0.0,0.39447731755424065,0.0,0.0,0.0,0.0,0.39447731755424065,0.0,0.0,0.0,0.0,0.0,0.0,0.0
06610,06,610,1171,593,578,0,525,10,524,1,82,125,198,28,44,43,0,0,0,2,0,0,0,0,2,0,0,0,0,0,0,0,44.8334756618275,0.19047619047619047,99.80952380952381,15.648854961832063,23.85496183206107,37.786259541984734,5.343511450381679,8.396946564885496,8.206106870229007,0.0,0.0,0.0,0.38167938931297707,0.0,0.0,0.0,0.0,0.38167938931297707,0.0,0.0,0.0,0.0,0.0,0.0,0.0
06611,06,611,1327,701,626,0,563,3,560,3,120,142,153,57,64,21,0,0,0,2,0,0,0,0,1,0,0,0,0,0,0,0,42.42652599849284,0.5328596802841918,99.46714031971581,21.428571428571427,25.357142857142854,27.32142857142857,10.178571428571429,11.428571428571429,3.75,0.0,0.0,0.0,0.35714285714285715,0.0,0.0,0.0,0.0,0.17857142857142858,0.0,0.0,0.0,0.0,0.0,0.0,0.0
06612,06,612,1124,682,442,0,586,5,582,4,135,155,169,47,47,25,0,0,0,2,0,0,0,0,2,0,0,0,0,0,0,0,52.135231316725985,0.6825938566552902,99.31740614334471,23.195876288659793,26.632302405498283,29.037800687285227,8.075601374570446,8.075601374570446,4.29553264604811,0.0,0.0,0.0,0.3436426116838488,0.0,0.0,0.0,0.0,0.3436426116838488,0.0,0.0,0.0,0.0,0.0,0.0,0.0
06613,06,613,1139,527,612,0,466,8,463,3,94,168,128,22,25,20,0,0,0,4,0,0,0,0,2,0,0,0,0,0,0,0,40.913081650570675,0.6437768240343348,99.35622317596567,20.302375809935207,36.285097192224626,27.645788336933048,4.751619870410368,5.399568034557236,4.319654427645788,0.0,0.0,0.0,0.8639308855291578,0.0,0.0,0.0,0.0,0.4319654427645789,0.0,0.0,0.0,0.0,0.0,0.0,0.0
06614,06,614,1255,671,584,0,575,0,572,3,105,148,205,31,56,24,0,0,0,0,0,0,0,0,3,0,0,0,0,0,0,0,45.81673306772908,0.5217391304347827,99.47826086956522,18.356643356643357,25.874125874125873,35.83916083916084,5.419580419580419,9.79020979020979,4.195804195804196,0.0,0.0,0.0,0.0,0.0,0.0,0.0,0.0,0.5244755244755245,0.0,0.0,0.0,0.0,0.0,0.0,0.0
06615,06,615,1276,705,571,0,498,4,488,10,101,98,134,63,65,18,0,0,0,7,0,0,0,0,2,0,0,0,0,0,0,0,39.0282131661442,2.0080321285140563,97.99196787148594,20.69672131147541,20.081967213114755,27.459016393442624,12.90983606557377,13.319672131147541,3.6885245901639343,0.0,0.0,0.0,1.4344262295081966,0.0,0.0,0.0,0.0,0.4098360655737705,0.0,0.0,0.0,0.0,0.0,0.0,0.0
06616,06,616,1296,915,381,0,779,5,769,10,179,123,231,67,112,39,0,0,0,11,0,0,0,0,7,0,0,0,0,0,0,0,60.10802469135802,1.2836970474967908,98.71630295250321,23.27698309492848,15.99479843953186,30.039011703511054,8.712613784135241,14.564369310793237,5.071521456436931,0.0,0.0,0.0,1.4304291287386215,0.0,0.0,0.0,0.0,0.9102730819245773,0.0,0.0,0.0,0.0,0.0,0.0,0.0
06617,06,617,1250,851,399,0,690,7,677,13,150,100,289,45,60,22,0,0,0,6,0,0,0,0,5,0,0,0,0,0,0,0,55.2,1.884057971014493,98.1159420289855,22.156573116691288,14.771048744460858,42.68833087149188,6.646971935007386,8.862629246676514,3.2496307237813884,0.0,0.0,0.0,0.8862629246676514,0.0,0.0,0.0,0.0,0.7385524372230428,0.0,0.0,0.0,0.0,0.0,0.0,0.0
06618,06,618,1442,833,609,0,675,10,669,6,151,144,189,75,78,22,0,0,0,6,0,0,0,0,4,0,0,0,0,0,0,0,46.80998613037448,0.8888888888888888,99.11111111111111,22.57100149476831,21.524663677130047,28.251121076233183,11.210762331838566,11.659192825112108,3.288490284005979,0.0,0.0,0.0,0.8968609865470852,0.0,0.0,0.0,0.0,0.5979073243647235,0.0,0.0,0.0,0.0,0.0,0.0,0.0
06619,06,619,1310,817,493,0,656,9,649,7,128,132,197,56,92,29,0,0,0,7,0,0,0,0,8,0,0,0,0,0,0,0,50.0763358778626,1.0670731707317074,98.9329268292683,19.72265023112481,20.33898305084746,30.354391371340522,8.628659476117104,14.175654853620955,4.468412942989214,0.0,0.0,0.0,1.078582434514638,0.0,0.0,0.0,0.0,1.2326656394453006,0.0,0.0,0.0,0.0,0.0,0.0,0.0
06620,06,620,1292,700,592,0,526,6,522,4,109,141,135,43,66,19,0,0,0,5,0,0,0,0,4,0,0,0,0,0,0,0,40.71207430340557,0.7604562737642585,99.23954372623575,20.88122605363985,27.011494252873565,25.862068965517242,8.237547892720306,12.643678160919542,3.6398467432950192,0.0,0.0,0.0,0.9578544061302682,0.0,0.0,0.0,0.0,0.7662835249042145,0.0,0.0,0.0,0.0,0.0,0.0,0.0
06621,06,621,1327,741,586,0,516,9,504,12,101,133,130,39,79,17,0,0,0,2,0,0,0,0,3,0,0,0,0,0,0,0,38.88470233609646,2.3255813953488373,97.67441860465115,20.03968253968254,26.38888888888889,25.793650793650798,7.738095238095238,15.674603174603174,3.373015873015873,0.0,0.0,0.0,0.3968253968253968,0.0,0.0,0.0,0.0,0.5952380952380952,0.0,0.0,0.0,0.0,0.0,0.0,0.0
06622,06,622,1308,753,555,0,627,8,620,7,131,182,149,66,69,19,0,0,0,1,0,0,0,0,3,0,0,0,0,0,0,0,47.935779816513765,1.1164274322169059,98.88357256778309,21.129032258064516,29.354838709677416,24.032258064516128,10.64516129032258,11.129032258064516,3.064516129032258,0.0,0.0,0.0,0.16129032258064516,0.0,0.0,0.0,0.0,0.4838709677419355,0.0,0.0,0.0,0.0,0.0,0.0,0.0
06623,06,623,1347,746,601,0,617,2,615,2,166,202,102,51,67,18,0,0,0,9,0,0,0,0,0,0,0,0,0,0,0,0,45.80549368968077,0.3241491085899514,99.67585089141005,26.991869918699184,32.84552845528455,16.585365853658537,8.292682926829269,10.894308943089431,2.9268292682926833,0.0,0.0,0.0,1.4634146341463417,0.0,0.0,0.0,0.0,0.0,0.0,0.0,0.0,0.0,0.0,0.0,0.0
06624,06,624,1272,726,546,0,575,4,570,5,144,149,136,54,56,25,0,0,0,5,0,0,0,0,1,0,0,0,0,0,0,0,45.20440251572327,0.8695652173913043,99.1304347826087,25.263157894736842,26.14035087719298,23.859649122807017,9.473684210526317,9.824561403508772,4.385964912280701,0.0,0.0,0.0,0.8771929824561403,0.0,0.0,0.0,0.0,0.17543859649122806,0.0,0.0,0.0,0.0,0.0,0.0,0.0
06625,06,625,1294,694,600,0,595,9,589,6,78,90,289,24,66,40,0,0,0,1,0,0,0,0,1,0,0,0,0,0,0,0,45.98145285935085,1.0084033613445378,98.99159663865547,13.242784380305602,15.280135823429541,49.06621392190153,4.074702886247878,11.205432937181664,6.791171477079796,0.0,0.0,0.0,0.1697792869269949,0.0,0.0,0.0,0.0,0.1697792869269949,0.0,0.0,0.0,0.0,0.0,0.0,0.0
066A,06,6A,0,0,0,0,963,963,957,6,220,269,307,67,50,31,0,0,0,9,0,0,0,0,4,0,0,0,0,0,0,0,inf,0.6230529595015576,99.37694704049844,22.988505747126435,28.108672936259143,32.07941483803553,7.001044932079415,5.22466039707419,3.239289446185998,0.0,0.0,0.0,0.9404388714733543,0.0,0.0,0.0,0.0,0.41797283176593525,0.0,0.0,0.0,0.0,0.0,0.0,0.0
066B,06,6B,0,0,0,0,1014,1014,1008,6,119,172,543,26,60,78,0,0,0,9,0,0,0,0,1,0,0,0,0,0,0,0,inf,0.591715976331361,99.40828402366864,11.805555555555555,17.063492063492063,53.86904761904761,2.579365079365079,5.952380952380952,7.738095238095238,0.0,0.0,0.0,0.8928571428571428,0.0,0.0,0.0,0.0,0.0992063492063492,0.0,0.0,0.0,0.0,0.0,0.0,0.0
066C,06,6C,0,0,0,0,582,582,581,1,161,152,183,26,41,15,0,0,0,3,0,0,0,0,0,0,0,0,0,0,0,0,inf,0.1718213058419244,99.82817869415808,27.710843373493976,26.161790017211707,31.497418244406195,4.475043029259897,7.056798623063683,2.5817555938037864,0.0,0.0,0.0,0.5163511187607573,0.0,0.0,0.0,0.0,0.0,0.0,0.0,0.0,0.0,0.0,0.0,0.0
066D,06,6D,0,0,0,0,981,981,971,10,200,287,325,41,53,48,0,0,0,13,0,0,0,0,4,0,0,0,0,0,0,0,inf,1.019367991845056,98.98063200815494,20.59732234809475,29.55715756951596,33.470648815653966,4.222451081359424,5.458290422245108,4.94335736354274,0.0,0.0,0.0,1.3388259526261586,0.0,0.0,0.0,0.0,0.4119464469618949,0.0,0.0,0.0,0.0,0.0,0.0,0.0
066E,06,6E,0,0,0,0,1097,1097,1084,13,223,316,367,76,42,45,0,0,0,10,0,0,0,0,5,0,0,0,0,0,0,0,inf,1.1850501367365542,98.81494986326345,20.571955719557195,29.15129151291513,33.85608856088561,7.011070110701106,3.8745387453874542,4.1512915129151295,0.0,0.0,0.0,0.9225092250922509,0.0,0.0,0.0,0.0,0.46125461254612543,0.0,0.0,0.0,0.0,0.0,0.0,0.0
066F,06,6F,0,0,0,0,1014,1014,1006,8,181,199,413,66,68,62,0,0,0,10,0,0,0,0,7,0,0,0,0,0,0,0,inf,0.7889546351084813,99.21104536489152,17.992047713717692,19.781312127236582,41.05367793240557,6.560636182902585,6.759443339960239,6.163021868787276,0.0,0.0,0.0,0.9940357852882704,0.0,0.0,0.0,0.0,0.6958250497017893,0.0,0.0,0.0,0.0,0.0,0.0,0.0
066G,06,6G,0,0,0,0,1061,1061,1053,8,142,229,508,45,50,69,0,0,0,4,0,0,0,0,6,0,0,0,0,0,0,0,inf,0.7540056550424128,99.2459943449576,13.485280151946819,21.74738841405508,48.243114909781575,4.273504273504273,4.748338081671415,6.552706552706552,0.0,0.0,0.0,0.3798670465337132,0.0,0.0,0.0,0.0,0.5698005698005698,0.0,0.0,0.0,0.0,0.0,0.0,0.0
066H,06,6H,0,0,0,0,1017,1017,1008,9,232,281,315,63,59,41,0,0,0,11,0,0,0,0,6,0,0,0,0,0,0,0,inf,0.8849557522123894,99.11504424778761,23.015873015873016,27.876984126984127,31.25,6.25,5.853174603174603,4.067460317460317,0.0,0.0,0.0,1.0912698412698412,0.0,0.0,0.0,0.0,0.5952380952380952,0.0,0.0,0.0,0.0,0.0,0.0,0.0
066J,06,6J,0,0,0,0,922,922,915,7,207,206,362,45,44,42,0,0,0,6,0,0,0,0,3,0,0,0,0,0,0,0,inf,0.7592190889370932,99.24078091106291,22.62295081967213,22.51366120218579,39.56284153005464,4.918032786885246,4.808743169398907,4.590163934426229,0.0,0.0,0.0,0.6557377049180327,0.0,0.0,0.0,0.0,0.32786885245901637,0.0,0.0,0.0,0.0,0.0,0.0,0.0
066K,06,6K,0,0,0,0,1090,1090,1082,8,251,245,376,83,52,57,0,0,0,15,0,0,0,0,3,0,0,0,0,0,0,0,inf,0.7339449541284404,99.26605504587155,23.19778188539741,22.643253234750464,34.750462107208875,7.6709796672828094,4.805914972273567,5.268022181146026,0.0,0.0,0.0,1.3863216266173752,0.0,0.0,0.0,0.0,0.27726432532347506,0.0,0.0,0.0,0.0,0.0,0.0,0.0
066L,06,6L,0,0,0,0,1067,1067,1057,10,254,268,321,70,74,46,0,0,0,17,0,0,0,0,7,0,0,0,0,0,0,0,inf,0.937207122774133,99.06279287722587,24.03027436140019,25.354777672658468,30.368968779564803,6.622516556291391,7.000946073793755,4.351939451277199,0.0,0.0,0.0,1.608325449385052,0.0,0.0,0.0,0.0,0.6622516556291391,0.0,0.0,0.0,0.0,0.0,0.0,0.0
066M,06,6M,0,0,0,0,1023,1023,1017,6,225,260,340,83,54,35,0,0,0,16,0,0,0,0,4,0,0,0,0,0,0,0,inf,0.5865102639296188,99.41348973607037,22.123893805309734,25.565388397246803,33.43166175024582,8.16125860373648,5.3097345132743365,3.44149459193707,0.0,0.0,0.0,1.5732546705998034,0.0,0.0,0.0,0.0,0.39331366764995085,0.0,0.0,0.0,0.0,0.0,0.0,0.0
066N,06,6N,0,0,0,0,934,934,923,11,216,237,294,56,66,37,0,0,0,10,0,0,0,0,7,0,0,0,0,0,0,0,inf,1.177730192719486,98.82226980728052,23.401950162513543,25.677139761646806,31.852654387865652,6.067172264355363,7.150595882990249,4.008667388949079,0.0,0.0,0.0,1.0834236186348862,0.0,0.0,0.0,0.0,0.7583965330444203,0.0,0.0,0.0,0.0,0.0,0.0,0.0
06701,06,701,1163,657,506,0,582,18,580,2,103,127,212,38,61,32,0,0,0,7,0,0,0,0,0,0,0,0,0,0,0,0,50.042992261392946,0.3436426116838488,99.65635738831615,17.75862068965517,21.89655172413793,36.55172413793103,6.551724137931035,10.517241379310345,5.517241379310345,0.0,0.0,0.0,1.206896551724138,0.0,0.0,0.0,0.0,0.0,0.0,0.0,0.0,0.0,0.0,0.0,0.0
06702,06,702,1234,669,565,0,561,9,559,2,85,120,202,36,61,47,0,0,0,5,0,0,0,0,3,0,0,0,0,0,0,0,45.46191247974068,0.35650623885918004,99.64349376114082,15.20572450805009,21.46690518783542,36.135957066189626,6.440071556350627,10.912343470483005,8.407871198568873,0.0,0.0,0.0,0.8944543828264758,0.0,0.0,0.0,0.0,0.5366726296958855,0.0,0.0,0.0,0.0,0.0,0.0,0.0
06703,06,703,1134,697,437,0,540,10,533,7,96,101,196,26,78,30,0,0,0,6,0,0,0,0,0,0,0,0,0,0,0,0,47.61904761904761,1.2962962962962963,98.70370370370371,18.01125703564728,18.94934333958724,36.772983114446525,4.878048780487805,14.634146341463413,5.628517823639775,0.0,0.0,0.0,1.125703564727955,0.0,0.0,0.0,0.0,0.0,0.0,0.0,0.0,0.0,0.0,0.0,0.0
06704,06,704,1257,689,568,0,501,3,499,2,80,98,182,31,68,37,0,0,0,1,0,0,0,0,2,0,0,0,0,0,0,0,39.856801909307876,0.39920159680638717,99.60079840319361,16.03206412825651,19.639278557114228,36.47294589178357,6.212424849699398,13.627254509018035,7.414829659318638,0.0,0.0,0.0,0.2004008016032064,0.0,0.0,0.0,0.0,0.4008016032064128,0.0,0.0,0.0,0.0,0.0,0.0,0.0
06705,06,705,1110,595,515,0,496,6,494,2,86,110,139,42,74,33,0,0,0,7,0,0,0,0,3,0,0,0,0,0,0,0,44.68468468468468,0.4032258064516129,99.59677419354838,17.408906882591094,22.267206477732792,28.13765182186235,8.502024291497975,14.979757085020243,6.680161943319838,0.0,0.0,0.0,1.417004048582996,0.0,0.0,0.0,0.0,0.6072874493927125,0.0,0.0,0.0,0.0,0.0,0.0,0.0
06706,06,706,1368,765,603,0,655,10,653,2,96,168,245,33,55,49,0,0,0,4,0,0,0,0,3,0,0,0,0,0,0,0,47.88011695906433,0.3053435114503817,99.69465648854961,14.701378254211333,25.727411944869832,37.519142419601835,5.053598774885145,8.422664624808576,7.503828483920367,0.0,0.0,0.0,0.6125574272588056,0.0,0.0,0.0,0.0,0.45941807044410415,0.0,0.0,0.0,0.0,0.0,0.0,0.0
06707,06,707,1355,701,654,0,607,12,602,5,85,149,222,42,59,41,0,0,0,2,0,0,0,0,2,0,0,0,0,0,0,0,44.7970479704797,0.8237232289950577,99.17627677100495,14.119601328903656,24.750830564784053,36.87707641196013,6.976744186046512,9.800664451827243,6.810631229235881,0.0,0.0,0.0,0.33222591362126247,0.0,0.0,0.0,0.0,0.33222591362126247,0.0,0.0,0.0,0.0,0.0,0.0,0.0
06708,06,708,1119,714,405,0,579,5,570,9,117,168,138,45,60,35,0,0,0,7,0,0,0,0,0,0,0,0,0,0,0,0,51.742627345844504,1.5544041450777202,98.44559585492227,20.526315789473685,29.47368421052631,24.210526315789473,7.894736842105263,10.526315789473683,6.140350877192982,0.0,0.0,0.0,1.2280701754385965,0.0,0.0,0.0,0.0,0.0,0.0,0.0,0.0,0.0,0.0,0.0,0.0
06709,06,709,1044,575,469,0,494,11,489,5,81,119,183,20,50,29,0,0,0,2,0,0,0,0,5,0,0,0,0,0,0,0,47.31800766283525,1.0121457489878543,98.98785425101214,16.56441717791411,24.335378323108383,37.423312883435585,4.08997955010225,10.224948875255624,5.930470347648262,0.0,0.0,0.0,0.408997955010225,0.0,0.0,0.0,0.0,1.0224948875255624,0.0,0.0,0.0,0.0,0.0,0.0,0.0
06710,06,710,1200,724,476,0,614,8,608,6,109,132,192,37,90,45,0,0,0,2,0,0,0,0,1,0,0,0,0,0,0,0,51.16666666666667,0.9771986970684038,99.0228013029316,17.927631578947366,21.710526315789476,31.57894736842105,6.0855263157894735,14.802631578947366,7.401315789473683,0.0,0.0,0.0,0.3289473684210526,0.0,0.0,0.0,0.0,0.1644736842105263,0.0,0.0,0.0,0.0,0.0,0.0,0.0
06711,06,711,1164,598,566,0,470,3,463,7,102,92,153,32,53,28,0,0,0,3,0,0,0,0,0,0,0,0,0,0,0,0,40.37800687285223,1.4893617021276597,98.51063829787235,22.03023758099352,19.870410367170628,33.04535637149028,6.911447084233262,11.447084233261338,6.047516198704104,0.0,0.0,0.0,0.6479481641468683,0.0,0.0,0.0,0.0,0.0,0.0,0.0,0.0,0.0,0.0,0.0,0.0
06712,06,712,1085,703,382,0,621,5,614,7,137,182,132,80,58,19,0,0,0,3,0,0,0,0,3,0,0,0,0,0,0,0,57.235023041474655,1.1272141706924315,98.87278582930756,22.31270358306189,29.64169381107492,21.49837133550489,13.029315960912053,9.446254071661238,3.0944625407166124,0.0,0.0,0.0,0.4885993485342019,0.0,0.0,0.0,0.0,0.4885993485342019,0.0,0.0,0.0,0.0,0.0,0.0,0.0
06713,06,713,1298,701,597,0,602,9,598,4,98,140,246,23,45,37,0,0,0,2,0,0,0,0,7,0,0,0,0,0,0,0,46.379044684129425,0.6644518272425249,99.33554817275747,16.387959866220736,23.411371237458194,41.1371237458194,3.8461538461538463,7.5250836120401345,6.187290969899665,0.0,0.0,0.0,0.33444816053511706,0.0,0.0,0.0,0.0,1.1705685618729096,0.0,0.0,0.0,0.0,0.0,0.0,0.0
06714,06,714,1070,677,393,0,557,3,549,8,115,147,132,48,68,30,0,0,0,6,0,0,0,0,3,0,0,0,0,0,0,0,52.056074766355145,1.436265709156194,98.56373429084381,20.9471766848816,26.775956284153008,24.043715846994534,8.743169398907105,12.386156648451731,5.46448087431694,0.0,0.0,0.0,1.092896174863388,0.0,0.0,0.0,0.0,0.546448087431694,0.0,0.0,0.0,0.0,0.0,0.0,0.0
06715,06,715,1024,558,466,0,455,6,451,4,105,91,145,34,47,27,0,0,0,1,0,0,0,0,1,0,0,0,0,0,0,0,44.43359375,0.8791208791208791,99.12087912087912,23.28159645232816,20.17738359201774,32.15077605321508,7.5388026607538805,10.42128603104213,5.986696230598669,0.0,0.0,0.0,0.22172949002217296,0.0,0.0,0.0,0.0,0.22172949002217296,0.0,0.0,0.0,0.0,0.0,0.0,0.0
06716,06,716,1226,681,545,0,571,8,568,3,106,168,189,27,47,28,0,0,0,1,0,0,0,0,2,0,0,0,0,0,0,0,46.574225122349105,0.5253940455341506,99.47460595446584,18.661971830985916,29.577464788732392,33.274647887323944,4.753521126760563,8.274647887323944,4.929577464788732,0.0,0.0,0.0,0.17605633802816903,0.0,0.0,0.0,0.0,0.35211267605633806,0.0,0.0,0.0,0.0,0.0,0.0,0.0
06717,06,717,1158,715,443,0,619,9,613,6,113,183,166,46,67,32,0,0,0,4,0,0,0,0,2,0,0,0,0,0,0,0,53.45423143350605,0.9693053311793215,99.03069466882067,18.43393148450245,29.853181076672104,27.07993474714519,7.504078303425775,10.929853181076671,5.220228384991843,0.0,0.0,0.0,0.6525285481239804,0.0,0.0,0.0,0.0,0.3262642740619902,0.0,0.0,0.0,0.0,0.0,0.0,0.0
06718,06,718,1227,686,541,0,583,5,576,7,108,123,200,31,85,25,0,0,0,3,0,0,0,0,1,0,0,0,0,0,0,0,47.51426242868786,1.2006861063464835,98.79931389365352,18.75,21.354166666666664,34.72222222222222,5.381944444444445,14.756944444444445,4.340277777777778,0.0,0.0,0.0,0.5208333333333333,0.0,0.0,0.0,0.0,0.1736111111111111,0.0,0.0,0.0,0.0,0.0,0.0,0.0
06719,06,719,1217,687,530,0,588,11,581,7,124,174,142,54,55,24,0,0,0,3,0,0,0,0,5,0,0,0,0,0,0,0,48.31552999178307,1.1904761904761905,98.80952380952381,21.34251290877797,29.948364888123923,24.440619621342513,9.294320137693632,9.46643717728055,4.130808950086059,0.0,0.0,0.0,0.5163511187607573,0.0,0.0,0.0,0.0,0.8605851979345954,0.0,0.0,0.0,0.0,0.0,0.0,0.0
06720,06,720,1227,743,484,0,658,11,657,1,126,174,211,51,58,28,0,0,0,5,0,0,0,0,4,0,0,0,0,0,0,0,53.62673186634067,0.1519756838905775,99.84802431610942,19.17808219178082,26.48401826484018,32.115677321156774,7.76255707762557,8.82800608828006,4.26179604261796,0.0,0.0,0.0,0.76103500761035,0.0,0.0,0.0,0.0,0.60882800608828,0.0,0.0,0.0,0.0,0.0,0.0,0.0
06721,06,721,1183,750,433,0,607,11,599,8,102,121,232,34,64,41,0,0,0,1,0,0,0,0,4,0,0,0,0,0,0,0,51.31022823330515,1.3179571663920924,98.68204283360791,17.028380634390654,20.20033388981636,38.73121869782972,5.676126878130217,10.684474123539232,6.844741235392321,0.0,0.0,0.0,0.1669449081803005,0.0,0.0,0.0,0.0,0.667779632721202,0.0,0.0,0.0,0.0,0.0,0.0,0.0
06722,06,722,1301,658,643,0,573,12,572,1,97,174,186,33,44,35,0,0,0,3,0,0,0,0,0,0,0,0,0,0,0,0,44.04304381245196,0.17452006980802792,99.82547993019197,16.95804195804196,30.419580419580424,32.51748251748251,5.769230769230769,7.6923076923076925,6.118881118881119,0.0,0.0,0.0,0.5244755244755245,0.0,0.0,0.0,0.0,0.0,0.0,0.0,0.0,0.0,0.0,0.0,0.0
06723,06,723,1182,671,511,0,597,9,592,5,72,157,208,41,49,62,0,0,0,2,0,0,0,0,1,0,0,0,0,0,0,0,50.50761421319797,0.8375209380234505,99.16247906197655,12.162162162162163,26.52027027027027,35.13513513513514,6.925675675675675,8.277027027027026,10.472972972972974,0.0,0.0,0.0,0.33783783783783783,0.0,0.0,0.0,0.0,0.16891891891891891,0.0,0.0,0.0,0.0,0.0,0.0,0.0
06724,06,724,1140,696,444,0,564,8,560,4,108,125,181,59,65,18,0,0,0,1,0,0,0,0,3,0,0,0,0,0,0,0,49.473684210526315,0.7092198581560284,99.29078014184397,19.28571428571429,22.321428571428573,32.32142857142858,10.535714285714286,11.607142857142858,3.214285714285714,0.0,0.0,0.0,0.17857142857142858,0.0,0.0,0.0,0.0,0.5357142857142857,0.0,0.0,0.0,0.0,0.0,0.0,0.0
06725,06,725,1025,630,395,0,509,4,503,6,112,83,140,56,91,10,0,0,0,7,0,0,0,0,4,0,0,0,0,0,0,0,49.65853658536585,1.1787819253438114,98.82121807465619,22.266401590457257,16.50099403578529,27.833001988071572,11.133200795228628,18.09145129224652,1.9880715705765408,0.0,0.0,0.0,1.3916500994035785,0.0,0.0,0.0,0.0,0.7952286282306162,0.0,0.0,0.0,0.0,0.0,0.0,0.0
067A,06,7A,0,0,0,0,1040,1040,1031,9,190,206,453,43,69,62,0,0,0,7,0,0,0,0,1,0,0,0,0,0,0,0,inf,0.8653846153846154,99.13461538461539,18.42870999030068,19.98060135790495,43.93792434529583,4.1707080504364695,6.692531522793405,6.0135790494665375,0.0,0.0,0.0,0.6789524733268671,0.0,0.0,0.0,0.0,0.09699321047526674,0.0,0.0,0.0,0.0,0.0,0.0,0.0
067B,06,7B,0,0,0,0,902,902,892,10,149,195,351,55,70,63,0,0,0,6,0,0,0,0,3,0,0,0,0,0,0,0,inf,1.1086474501108647,98.89135254988913,16.704035874439462,21.8609865470852,39.34977578475337,6.165919282511211,7.847533632286996,7.062780269058296,0.0,0.0,0.0,0.672645739910314,0.0,0.0,0.0,0.0,0.336322869955157,0.0,0.0,0.0,0.0,0.0,0.0,0.0
067C,06,7C,0,0,0,0,989,989,982,7,168,236,435,39,31,69,0,0,0,1,0,0,0,0,3,0,0,0,0,0,0,0,inf,0.7077856420626896,99.29221435793731,17.10794297352342,24.03258655804481,44.29735234215886,3.971486761710794,3.1568228105906315,7.026476578411406,0.0,0.0,0.0,0.10183299389002036,0.0,0.0,0.0,0.0,0.30549898167006106,0.0,0.0,0.0,0.0,0.0,0.0,0.0
067D,06,7D,0,0,0,0,841,841,833,8,168,217,300,58,36,49,0,0,0,5,0,0,0,0,0,0,0,0,0,0,0,0,inf,0.9512485136741973,99.0487514863258,20.168067226890756,26.05042016806723,36.014405762304925,6.962785114045618,4.321728691476591,5.88235294117647,0.0,0.0,0.0,0.6002400960384154,0.0,0.0,0.0,0.0,0.0,0.0,0.0,0.0,0.0,0.0,0.0,0.0
067E,06,7E,0,0,0,0,1122,1122,1115,7,221,272,467,39,35,69,0,0,0,11,0,0,0,0,1,0,0,0,0,0,0,0,inf,0.6238859180035651,99.37611408199643,19.82062780269058,24.394618834080717,41.88340807174888,3.497757847533632,3.1390134529147984,6.188340807174888,0.0,0.0,0.0,0.9865470852017937,0.0,0.0,0.0,0.0,0.08968609865470852,0.0,0.0,0.0,0.0,0.0,0.0,0.0
067F,06,7F,0,0,0,0,606,606,604,2,113,149,252,24,32,32,0,0,0,1,0,0,0,0,1,0,0,0,0,0,0,0,inf,0.33003300330033003,99.66996699669967,18.70860927152318,24.668874172185433,41.72185430463576,3.9735099337748347,5.298013245033113,5.298013245033113,0.0,0.0,0.0,0.16556291390728478,0.0,0.0,0.0,0.0,0.16556291390728478,0.0,0.0,0.0,0.0,0.0,0.0,0.0
067G,06,7G,0,0,0,0,991,991,984,7,153,222,431,48,68,48,0,0,0,11,0,0,0,0,3,0,0,0,0,0,0,0,inf,0.7063572149344097,99.2936427850656,15.548780487804878,22.5609756097561,43.80081300813008,4.878048780487805,6.910569105691057,4.878048780487805,0.0,0.0,0.0,1.1178861788617886,0.0,0.0,0.0,0.0,0.3048780487804878,0.0,0.0,0.0,0.0,0.0,0.0,0.0
067H,06,7H,0,0,0,0,865,865,864,1,138,181,408,28,42,59,0,0,0,7,0,0,0,0,1,0,0,0,0,0,0,0,inf,0.11560693641618498,99.88439306358381,15.972222222222221,20.949074074074073,47.22222222222222,3.2407407407407405,4.861111111111112,6.828703703703703,0.0,0.0,0.0,0.8101851851851851,0.0,0.0,0.0,0.0,0.11574074074074073,0.0,0.0,0.0,0.0,0.0,0.0,0.0
067J,06,7J,0,0,0,0,833,833,827,6,176,191,300,51,55,37,0,0,0,15,0,0,0,0,2,0,0,0,0,0,0,0,inf,0.7202881152460985,99.2797118847539,21.281741233373637,23.09552599758162,36.27569528415962,6.166868198307134,6.6505441354292625,4.474002418379685,0.0,0.0,0.0,1.8137847642079807,0.0,0.0,0.0,0.0,0.24183796856106407,0.0,0.0,0.0,0.0,0.0,0.0,0.0
067K,06,7K,0,0,0,0,761,761,759,2,198,203,237,39,44,28,0,0,0,8,0,0,0,0,2,0,0,0,0,0,0,0,inf,0.2628120893561104,99.73718791064388,26.08695652173913,26.745718050065875,31.225296442687743,5.138339920948617,5.797101449275362,3.689064558629776,0.0,0.0,0.0,1.0540184453227932,0.0,0.0,0.0,0.0,0.2635046113306983,0.0,0.0,0.0,0.0,0.0,0.0,0.0
067L,06,7L,0,0,0,0,958,958,948,10,211,212,369,44,53,41,0,0,0,14,0,0,0,0,4,0,0,0,0,0,0,0,inf,1.0438413361169103,98.95615866388309,22.257383966244724,22.362869198312236,38.924050632911396,4.641350210970464,5.590717299578059,4.324894514767933,0.0,0.0,0.0,1.4767932489451476,0.0,0.0,0.0,0.0,0.42194092827004215,0.0,0.0,0.0,0.0,0.0,0.0,0.0
067M,06,7M,0,0,0,0,942,942,931,11,249,248,282,54,57,27,0,0,0,11,0,0,0,0,3,0,0,0,0,0,0,0,inf,1.167728237791932,98.83227176220807,26.745435016111706,26.638023630504833,30.290010741138563,5.800214822771213,6.122448979591836,2.9001074113856067,0.0,0.0,0.0,1.1815252416756177,0.0,0.0,0.0,0.0,0.322234156820623,0.0,0.0,0.0,0.0,0.0,0.0,0.0
067N,06,7N,0,0,0,0,883,883,875,8,216,169,354,37,54,32,0,0,0,9,0,0,0,0,4,0,0,0,0,0,0,0,inf,0.9060022650056626,99.09399773499433,24.685714285714287,19.314285714285713,40.457142857142856,4.228571428571429,6.171428571428572,3.6571428571428575,0.0,0.0,0.0,1.0285714285714285,0.0,0.0,0.0,0.0,0.4571428571428572,0.0,0.0,0.0,0.0,0.0,0.0,0.0
07101,07,101,1057,706,351,0,437,0,432,5,94,91,98,45,69,15,9,0,8,0,0,0,1,0,1,0,0,0,0,0,1,0,41.3434247871334,1.1441647597254003,98.8558352402746,21.75925925925926,21.064814814814813,22.685185185185187,10.416666666666668,15.972222222222221,3.4722222222222223,2.083333333333333,0.0,1.8518518518518516,0.0,0.0,0.0,0.23148148148148145,0.0,0.23148148148148145,0.0,0.0,0.0,0.0,0.0,0.23148148148148145,0.0
07102,07,102,1018,708,310,0,434,4,422,12,71,93,68,101,56,14,9,0,8,0,0,0,0,0,2,0,0,0,0,0,0,0,42.63261296660118,2.7649769585253456,97.23502304147466,16.824644549763033,22.03791469194313,16.113744075829384,23.933649289099527,13.270142180094787,3.3175355450236967,2.132701421800948,0.0,1.8957345971563981,0.0,0.0,0.0,0.0,0.0,0.47393364928909953,0.0,0.0,0.0,0.0,0.0,0.0,0.0
07103,07,103,1010,689,320,1,483,4,477,6,111,92,81,80,69,14,15,0,12,0,0,0,0,0,1,0,0,0,0,0,2,0,47.821782178217816,1.2422360248447204,98.75776397515527,23.270440251572328,19.28721174004193,16.9811320754717,16.771488469601678,14.465408805031446,2.9350104821802936,3.1446540880503147,0.0,2.515723270440252,0.0,0.0,0.0,0.0,0.0,0.20964360587002098,0.0,0.0,0.0,0.0,0.0,0.41928721174004197,0.0
07104,07,104,910,639,271,0,427,0,420,7,91,120,68,84,30,9,9,0,4,0,0,0,0,0,3,0,0,0,0,0,2,0,46.92307692307692,1.639344262295082,98.36065573770492,21.666666666666668,28.57142857142857,16.19047619047619,20.0,7.142857142857142,2.142857142857143,2.142857142857143,0.0,0.9523809523809524,0.0,0.0,0.0,0.0,0.0,0.7142857142857143,0.0,0.0,0.0,0.0,0.0,0.4761904761904762,0.0
07105,07,105,1117,762,355,0,568,19,563,5,108,155,64,146,47,11,4,0,18,0,0,0,1,0,2,0,0,0,0,0,7,0,50.85049239033125,0.8802816901408451,99.11971830985915,19.182948490230906,27.53108348134991,11.367673179396093,25.932504440497333,8.348134991119005,1.9538188277087036,0.7104795737122558,0.0,3.197158081705151,0.0,0.0,0.0,0.17761989342806395,0.0,0.3552397868561279,0.0,0.0,0.0,0.0,0.0,1.2433392539964476,0.0
07106,07,106,1104,723,381,0,479,10,476,3,111,76,115,59,67,25,13,0,5,0,0,0,0,0,4,0,0,0,0,0,1,0,43.38768115942029,0.6263048016701461,99.37369519832986,23.319327731092436,15.966386554621847,24.159663865546218,12.394957983193278,14.07563025210084,5.2521008403361344,2.73109243697479,0.0,1.050420168067227,0.0,0.0,0.0,0.0,0.0,0.8403361344537815,0.0,0.0,0.0,0.0,0.0,0.21008403361344538,0.0
07107,07,107,1124,680,444,0,511,5,507,4,115,145,97,64,60,13,5,0,3,0,0,0,3,0,0,0,0,0,0,0,2,0,45.462633451957295,0.7827788649706457,99.21722113502935,22.682445759368836,28.59960552268245,19.13214990138067,12.6232741617357,11.834319526627219,2.564102564102564,0.9861932938856016,0.0,0.591715976331361,0.0,0.0,0.0,0.591715976331361,0.0,0.0,0.0,0.0,0.0,0.0,0.0,0.39447731755424065,0.0
07108,07,108,975,578,397,0,455,12,449,6,86,138,75,91,35,13,6,0,2,0,0,0,1,0,2,0,0,0,0,0,0,0,46.666666666666664,1.3186813186813187,98.68131868131869,19.15367483296214,30.734966592427615,16.70378619153675,20.26726057906459,7.795100222717149,2.89532293986637,1.3363028953229399,0.0,0.4454342984409799,0.0,0.0,0.0,0.22271714922048996,0.0,0.4454342984409799,0.0,0.0,0.0,0.0,0.0,0.0,0.0
07109,07,109,966,532,431,3,437,5,432,5,99,149,76,55,31,10,6,0,4,0,0,0,0,0,1,0,0,0,0,0,1,0,45.23809523809524,1.1441647597254003,98.8558352402746,22.916666666666664,34.49074074074074,17.59259259259259,12.731481481481483,7.175925925925926,2.314814814814815,1.3888888888888888,0.0,0.9259259259259258,0.0,0.0,0.0,0.0,0.0,0.23148148148148145,0.0,0.0,0.0,0.0,0.0,0.23148148148148145,0.0
07110,07,110,1194,770,424,0,537,6,530,7,126,143,71,108,37,10,11,0,14,0,0,0,2,0,4,0,0,0,0,0,4,0,44.9748743718593,1.303538175046555,98.69646182495345,23.77358490566038,26.9811320754717,13.39622641509434,20.37735849056604,6.981132075471698,1.8867924528301887,2.0754716981132075,0.0,2.6415094339622645,0.0,0.0,0.0,0.37735849056603776,0.0,0.7547169811320755,0.0,0.0,0.0,0.0,0.0,0.7547169811320755,0.0
07111,07,111,1030,764,266,0,498,5,485,13,106,115,54,133,49,3,7,0,13,0,0,0,0,0,3,0,0,0,0,0,2,0,48.349514563106794,2.610441767068273,97.38955823293173,21.855670103092784,23.711340206185564,11.134020618556702,27.422680412371136,10.103092783505154,0.6185567010309279,1.443298969072165,0.0,2.6804123711340204,0.0,0.0,0.0,0.0,0.0,0.6185567010309279,0.0,0.0,0.0,0.0,0.0,0.4123711340206186,0.0
07112,07,112,1102,688,414,0,481,14,475,6,120,137,39,120,34,8,8,0,6,0,0,0,0,0,0,0,0,0,0,0,3,0,43.647912885662436,1.2474012474012475,98.75259875259876,25.263157894736842,28.842105263157897,8.210526315789474,25.263157894736842,7.157894736842104,1.6842105263157894,1.6842105263157894,0.0,1.263157894736842,0.0,0.0,0.0,0.0,0.0,0.0,0.0,0.0,0.0,0.0,0.0,0.631578947368421,0.0
07113,07,113,1262,707,555,0,543,13,540,3,115,205,54,108,27,16,7,0,7,0,0,0,0,0,1,0,0,0,0,0,0,0,43.026941362916006,0.5524861878453038,99.4475138121547,21.296296296296298,37.96296296296296,10.0,20.0,5.0,2.9629629629629632,1.2962962962962963,0.0,1.2962962962962963,0.0,0.0,0.0,0.0,0.0,0.1851851851851852,0.0,0.0,0.0,0.0,0.0,0.0,0.0
07114,07,114,1105,653,452,0,525,0,519,6,114,179,123,43,30,22,4,0,1,0,0,0,0,0,0,0,0,0,0,0,3,0,47.511312217194565,1.1428571428571428,98.85714285714286,21.965317919075144,34.48940269749518,23.699421965317917,8.285163776493256,5.780346820809249,4.238921001926782,0.7707129094412332,0.0,0.1926782273603083,0.0,0.0,0.0,0.0,0.0,0.0,0.0,0.0,0.0,0.0,0.0,0.5780346820809248,0.0
07115,07,115,1169,683,486,0,492,10,488,4,97,137,131,49,46,18,6,0,2,0,0,0,0,0,0,0,0,0,0,0,2,0,42.08725406330196,0.8130081300813009,99.1869918699187,19.87704918032787,28.07377049180328,26.84426229508197,10.040983606557377,9.426229508196721,3.6885245901639343,1.2295081967213115,0.0,0.4098360655737705,0.0,0.0,0.0,0.0,0.0,0.0,0.0,0.0,0.0,0.0,0.0,0.4098360655737705,0.0
07116,07,116,1011,604,406,1,503,8,495,8,105,198,74,78,26,8,4,0,2,0,0,0,0,0,0,0,0,0,0,0,0,0,49.752720079129574,1.5904572564612325,98.40954274353876,21.21212121212121,40.0,14.949494949494948,15.757575757575756,5.252525252525253,1.6161616161616161,0.8080808080808081,0.0,0.40404040404040403,0.0,0.0,0.0,0.0,0.0,0.0,0.0,0.0,0.0,0.0,0.0,0.0,0.0
07117,07,117,1036,772,264,0,537,6,520,17,135,130,59,128,35,5,7,0,15,0,0,0,1,0,1,0,0,0,0,0,4,0,51.833976833976834,3.165735567970205,96.8342644320298,25.961538461538463,25.0,11.346153846153847,24.615384615384617,6.730769230769231,0.9615384615384616,1.3461538461538463,0.0,2.8846153846153846,0.0,0.0,0.0,0.19230769230769232,0.0,0.19230769230769232,0.0,0.0,0.0,0.0,0.0,0.7692307692307693,0.0
07118,07,118,1070,752,314,4,571,10,564,7,136,169,59,118,40,13,7,0,17,0,0,0,0,0,3,0,0,0,0,0,2,0,53.364485981308405,1.2259194395796849,98.77408056042032,24.113475177304963,29.9645390070922,10.460992907801419,20.921985815602838,7.092198581560284,2.304964539007092,1.2411347517730498,0.0,3.0141843971631204,0.0,0.0,0.0,0.0,0.0,0.5319148936170213,0.0,0.0,0.0,0.0,0.0,0.3546099290780142,0.0
07119,07,119,1118,603,515,0,471,4,466,5,88,122,126,50,51,18,8,0,1,0,0,0,1,0,0,0,0,0,0,0,1,0,42.12880143112701,1.0615711252653928,98.93842887473461,18.88412017167382,26.180257510729614,27.038626609442062,10.72961373390558,10.944206008583691,3.862660944206009,1.7167381974248928,0.0,0.2145922746781116,0.0,0.0,0.0,0.2145922746781116,0.0,0.0,0.0,0.0,0.0,0.0,0.0,0.2145922746781116,0.0
07120,07,120,1178,697,481,0,518,11,509,9,106,125,91,94,56,18,10,0,6,0,0,0,0,0,1,0,0,0,0,0,2,0,43.97283531409168,1.7374517374517375,98.26254826254826,20.825147347740668,24.557956777996072,17.87819253438114,18.467583497053045,11.00196463654224,3.536345776031434,1.9646365422396856,0.0,1.1787819253438114,0.0,0.0,0.0,0.0,0.0,0.19646365422396855,0.0,0.0,0.0,0.0,0.0,0.3929273084479371,0.0
07121,07,121,1019,637,382,0,479,8,476,3,88,156,68,82,50,18,5,0,6,0,0,0,0,0,1,0,0,0,0,0,2,0,47.00686947988223,0.6263048016701461,99.37369519832986,18.487394957983195,32.773109243697476,14.285714285714285,17.22689075630252,10.504201680672269,3.7815126050420167,1.050420168067227,0.0,1.2605042016806722,0.0,0.0,0.0,0.0,0.0,0.21008403361344538,0.0,0.0,0.0,0.0,0.0,0.42016806722689076,0.0
07122,07,122,1038,604,434,0,510,8,501,9,115,175,103,55,23,13,8,0,6,0,0,0,1,0,0,0,0,0,0,0,2,0,49.13294797687861,1.7647058823529411,98.23529411764706,22.954091816367264,34.930139720558884,20.55888223552894,10.978043912175648,4.590818363273453,2.5948103792415167,1.5968063872255487,0.0,1.1976047904191618,0.0,0.0,0.0,0.19960079840319359,0.0,0.0,0.0,0.0,0.0,0.0,0.0,0.39920159680638717,0.0
07123,07,123,1110,645,465,0,555,10,552,3,120,206,90,73,36,12,11,0,2,0,0,0,0,0,1,0,0,0,0,0,1,0,50.0,0.5405405405405406,99.45945945945947,21.73913043478261,37.31884057971014,16.304347826086957,13.22463768115942,6.521739130434782,2.1739130434782608,1.9927536231884055,0.0,0.36231884057971014,0.0,0.0,0.0,0.0,0.0,0.18115942028985507,0.0,0.0,0.0,0.0,0.0,0.18115942028985507,0.0
07124,07,124,1030,582,448,0,473,6,472,1,96,203,61,57,28,12,8,0,4,0,0,0,0,0,0,0,0,0,0,0,3,0,45.922330097087375,0.21141649048625794,99.78858350951374,20.33898305084746,43.00847457627119,12.923728813559322,12.076271186440678,5.932203389830509,2.5423728813559325,1.694915254237288,0.0,0.847457627118644,0.0,0.0,0.0,0.0,0.0,0.0,0.0,0.0,0.0,0.0,0.0,0.6355932203389831,0.0
07125,07,125,1177,665,511,1,559,11,554,5,107,210,73,88,46,13,8,0,4,0,0,0,1,0,1,0,0,0,0,0,3,0,47.493627867459644,0.8944543828264758,99.10554561717353,19.314079422382672,37.90613718411552,13.176895306859207,15.884476534296029,8.303249097472925,2.3465703971119134,1.444043321299639,0.0,0.7220216606498195,0.0,0.0,0.0,0.18050541516245489,0.0,0.18050541516245489,0.0,0.0,0.0,0.0,0.0,0.5415162454873645,0.0
07126,07,126,1154,714,440,0,550,15,542,8,121,177,73,104,37,11,7,0,10,0,0,0,0,0,1,0,0,0,0,0,1,0,47.66031195840554,1.4545454545454546,98.54545454545455,22.324723247232473,32.656826568265686,13.468634686346864,19.18819188191882,6.826568265682657,2.029520295202952,1.2915129151291513,0.0,1.8450184501845017,0.0,0.0,0.0,0.0,0.0,0.18450184501845018,0.0,0.0,0.0,0.0,0.0,0.18450184501845018,0.0
07127,07,127,1176,638,538,0,514,6,514,0,103,162,114,57,44,17,9,0,4,0,0,0,0,0,1,0,0,0,0,0,3,0,43.707482993197274,0.0,100.0,20.038910505836576,31.517509727626457,22.17898832684825,11.089494163424124,8.560311284046692,3.3073929961089497,1.7509727626459144,0.0,0.7782101167315175,0.0,0.0,0.0,0.0,0.0,0.19455252918287938,0.0,0.0,0.0,0.0,0.0,0.5836575875486382,0.0
07128,07,128,1166,681,485,0,540,7,536,4,132,143,122,63,48,13,9,0,3,0,0,0,1,0,1,0,0,0,0,0,1,0,46.312178387650086,0.7407407407407408,99.25925925925925,24.62686567164179,26.679104477611943,22.761194029850746,11.753731343283583,8.955223880597014,2.425373134328358,1.6791044776119404,0.0,0.5597014925373134,0.0,0.0,0.0,0.18656716417910446,0.0,0.18656716417910446,0.0,0.0,0.0,0.0,0.0,0.18656716417910446,0.0
07129,07,129,1177,712,465,0,537,5,529,8,105,132,115,79,61,11,12,0,10,0,0,0,2,0,0,0,0,0,0,0,2,0,45.624468988954966,1.48975791433892,98.51024208566108,19.848771266540645,24.95274102079395,21.73913043478261,14.933837429111533,11.531190926275993,2.0793950850661624,2.2684310018903595,0.0,1.890359168241966,0.0,0.0,0.0,0.3780718336483932,0.0,0.0,0.0,0.0,0.0,0.0,0.0,0.3780718336483932,0.0
07130,07,130,1123,629,494,0,521,10,517,4,102,240,55,70,30,9,8,0,3,0,0,0,0,0,0,0,0,0,0,0,0,0,46.39358860195904,0.7677543186180422,99.23224568138195,19.729206963249517,46.42166344294004,10.638297872340425,13.539651837524177,5.802707930367505,1.7408123791102514,1.5473887814313347,0.0,0.5802707930367506,0.0,0.0,0.0,0.0,0.0,0.0,0.0,0.0,0.0,0.0,0.0,0.0,0.0
07131,07,131,1314,734,580,0,601,9,590,11,128,225,104,66,49,11,2,0,3,0,0,0,0,0,1,0,0,0,0,0,1,0,45.73820395738204,1.8302828618968388,98.16971713810317,21.694915254237287,38.13559322033898,17.627118644067796,11.186440677966102,8.305084745762711,1.864406779661017,0.3389830508474576,0.0,0.5084745762711864,0.0,0.0,0.0,0.0,0.0,0.1694915254237288,0.0,0.0,0.0,0.0,0.0,0.1694915254237288,0.0
071A,07,1A,0,0,0,0,592,592,587,5,131,129,166,61,50,21,16,0,10,0,0,0,1,0,1,0,0,0,0,0,1,0,inf,0.8445945945945946,99.1554054054054,22.31686541737649,21.976149914821125,28.279386712095402,10.391822827938672,8.517887563884157,3.577512776831346,2.72572402044293,0.0,1.7035775127768313,0.0,0.0,0.0,0.17035775127768313,0.0,0.17035775127768313,0.0,0.0,0.0,0.0,0.0,0.17035775127768313,0.0
071B,07,1B,0,0,0,0,544,544,539,5,95,174,106,74,45,17,14,0,7,0,0,0,0,0,0,0,0,0,0,0,7,0,inf,0.9191176470588236,99.08088235294117,17.625231910946194,32.28200371057514,19.666048237476808,13.729128014842301,8.348794063079778,3.153988868274583,2.5974025974025974,0.0,1.2987012987012987,0.0,0.0,0.0,0.0,0.0,0.0,0.0,0.0,0.0,0.0,0.0,1.2987012987012987,0.0
071C,07,1C,0,0,0,0,557,557,551,6,134,209,52,80,29,19,14,0,10,0,0,0,0,0,1,0,0,0,0,0,3,0,inf,1.0771992818671454,98.92280071813285,24.319419237749546,37.93103448275862,9.43738656987296,14.519056261343014,5.263157894736842,3.4482758620689653,2.540834845735027,0.0,1.8148820326678767,0.0,0.0,0.0,0.0,0.0,0.18148820326678766,0.0,0.0,0.0,0.0,0.0,0.5444646098003629,0.0
071D,07,1D,0,0,0,0,356,356,353,3,73,70,129,26,37,11,3,0,4,0,0,0,0,0,0,0,0,0,0,0,0,0,inf,0.8426966292134831,99.15730337078652,20.679886685552407,19.8300283286119,36.54390934844193,7.365439093484419,10.48158640226629,3.1161473087818696,0.84985835694051,0.0,1.13314447592068,0.0,0.0,0.0,0.0,0.0,0.0,0.0,0.0,0.0,0.0,0.0,0.0,0.0
071E,07,1E,0,0,0,0,421,421,416,5,82,140,116,33,21,11,8,0,2,0,0,0,0,0,0,0,0,0,0,0,3,0,inf,1.187648456057007,98.812351543943,19.71153846153846,33.65384615384615,27.884615384615387,7.9326923076923075,5.048076923076923,2.644230769230769,1.9230769230769231,0.0,0.4807692307692308,0.0,0.0,0.0,0.0,0.0,0.0,0.0,0.0,0.0,0.0,0.0,0.7211538461538461,0.0
071F,07,1F,0,0,0,0,767,767,764,3,136,296,157,97,31,20,15,0,5,0,0,0,0,0,2,0,0,0,0,0,5,0,inf,0.3911342894393742,99.60886571056062,17.801047120418847,38.7434554973822,20.54973821989529,12.696335078534032,4.057591623036649,2.6178010471204187,1.963350785340314,0.0,0.6544502617801047,0.0,0.0,0.0,0.0,0.0,0.2617801047120419,0.0,0.0,0.0,0.0,0.0,0.6544502617801047,0.0
071G,07,1G,0,0,0,0,634,634,630,4,128,241,103,85,28,17,13,0,9,0,0,0,0,0,2,0,0,0,0,0,4,0,inf,0.6309148264984227,99.36908517350159,20.317460317460316,38.25396825396825,16.349206349206348,13.492063492063492,4.444444444444445,2.6984126984126986,2.0634920634920633,0.0,1.4285714285714286,0.0,0.0,0.0,0.0,0.0,0.31746031746031744,0.0,0.0,0.0,0.0,0.0,0.6349206349206349,0.0
071H,07,1H,0,0,0,0,363,363,360,3,79,139,32,76,14,3,12,0,3,0,0,0,0,0,0,0,0,0,0,0,2,0,inf,0.8264462809917356,99.17355371900827,21.944444444444443,38.611111111111114,8.88888888888889,21.11111111111111,3.888888888888889,0.8333333333333334,3.3333333333333335,0.0,0.8333333333333334,0.0,0.0,0.0,0.0,0.0,0.0,0.0,0.0,0.0,0.0,0.0,0.5555555555555556,0.0
071I,07,1I,0,0,0,0,511,511,509,2,86,234,57,95,15,10,8,0,2,0,0,0,0,0,0,0,0,0,0,0,2,0,inf,0.3913894324853229,99.60861056751467,16.895874263261295,45.97249508840864,11.19842829076621,18.664047151277014,2.9469548133595285,1.9646365422396856,1.5717092337917484,0.0,0.3929273084479371,0.0,0.0,0.0,0.0,0.0,0.0,0.0,0.0,0.0,0.0,0.0,0.3929273084479371,0.0
071K,07,1K,0,0,0,0,413,413,410,3,87,145,104,34,13,13,10,0,2,0,0,0,0,0,0,0,0,0,0,0,2,0,inf,0.7263922518159807,99.27360774818402,21.21951219512195,35.36585365853659,25.365853658536587,8.292682926829269,3.1707317073170733,3.1707317073170733,2.4390243902439024,0.0,0.4878048780487805,0.0,0.0,0.0,0.0,0.0,0.0,0.0,0.0,0.0,0.0,0.0,0.4878048780487805,0.0
071L,07,1L,0,0,0,0,420,420,419,1,85,110,130,29,29,22,10,0,1,0,0,0,1,0,1,0,0,0,0,0,1,0,inf,0.2380952380952381,99.76190476190476,20.286396181384248,26.25298329355609,31.026252983293556,6.921241050119331,6.921241050119331,5.250596658711217,2.386634844868735,0.0,0.23866348448687352,0.0,0.0,0.0,0.23866348448687352,0.0,0.23866348448687352,0.0,0.0,0.0,0.0,0.0,0.23866348448687352,0.0
071M,07,1M,0,0,0,0,814,814,811,3,149,367,147,65,31,26,16,0,3,0,0,0,1,0,2,0,0,0,0,0,4,0,inf,0.36855036855036855,99.63144963144963,18.372379778051787,45.252774352651045,18.12577065351418,8.014796547472256,3.822441430332922,3.2059186189889024,1.972872996300863,0.0,0.36991368680641185,0.0,0.0,0.0,0.12330456226880394,0.0,0.2466091245376079,0.0,0.0,0.0,0.0,0.0,0.4932182490752158,0.0
071N,07,1N,0,0,0,0,695,695,693,2,129,308,92,101,26,21,8,0,5,0,0,0,1,0,0,0,0,0,0,0,2,0,inf,0.28776978417266186,99.71223021582733,18.614718614718615,44.44444444444444,13.275613275613276,14.574314574314574,3.751803751803752,3.0303030303030303,1.1544011544011543,0.0,0.7215007215007215,0.0,0.0,0.0,0.1443001443001443,0.0,0.0,0.0,0.0,0.0,0.0,0.0,0.2886002886002886,0.0
071P,07,1P,0,0,0,0,486,486,484,2,90,155,135,46,28,17,6,0,2,0,0,0,0,0,0,0,0,0,0,0,5,0,inf,0.411522633744856,99.58847736625515,18.59504132231405,32.02479338842975,27.892561983471076,9.50413223140496,5.785123966942149,3.512396694214876,1.2396694214876034,0.0,0.4132231404958678,0.0,0.0,0.0,0.0,0.0,0.0,0.0,0.0,0.0,0.0,0.0,1.0330578512396695,0.0
071R,07,1R,0,0,0,0,444,444,442,2,89,138,95,60,35,12,10,0,0,0,0,0,1,0,0,0,0,0,0,0,2,0,inf,0.45045045045045046,99.54954954954955,20.13574660633484,31.221719457013574,21.49321266968326,13.574660633484163,7.918552036199094,2.7149321266968327,2.262443438914027,0.0,0.0,0.0,0.0,0.0,0.22624434389140274,0.0,0.0,0.0,0.0,0.0,0.0,0.0,0.4524886877828055,0.0
071S,07,1S,0,0,0,0,733,733,723,10,149,259,165,69,32,25,12,0,5,0,0,0,0,0,4,0,0,0,0,0,3,0,inf,1.364256480218281,98.63574351978171,20.60857538035961,35.82295988934993,22.821576763485478,9.54356846473029,4.426002766251729,3.4578146611341634,1.6597510373443984,0.0,0.6915629322268326,0.0,0.0,0.0,0.0,0.0,0.5532503457814661,0.0,0.0,0.0,0.0,0.0,0.4149377593360996,0.0
071T,07,1T,0,0,0,0,908,908,901,7,193,415,121,111,17,25,12,0,1,0,0,0,0,0,0,0,0,0,0,0,6,0,inf,0.7709251101321586,99.22907488986785,21.420643729189788,46.05993340732519,13.429522752497224,12.319644839067703,1.8867924528301887,2.774694783573807,1.3318534961154271,0.0,0.11098779134295228,0.0,0.0,0.0,0.0,0.0,0.0,0.0,0.0,0.0,0.0,0.0,0.6659267480577136,0.0
071U,07,1U,0,0,0,0,495,495,492,3,100,196,110,51,12,8,9,0,2,0,0,0,0,0,1,0,0,0,0,0,3,0,inf,0.6060606060606061,99.39393939393939,20.32520325203252,39.83739837398374,22.35772357723577,10.365853658536585,2.4390243902439024,1.6260162601626018,1.8292682926829267,0.0,0.40650406504065045,0.0,0.0,0.0,0.0,0.0,0.20325203252032523,0.0,0.0,0.0,0.0,0.0,0.6097560975609756,0.0
071V,07,1V,0,0,0,0,461,461,459,2,94,164,97,43,28,10,17,0,1,0,0,0,0,0,1,0,0,0,0,0,4,0,inf,0.43383947939262474,99.56616052060737,20.47930283224401,35.72984749455338,21.13289760348584,9.368191721132897,6.1002178649237475,2.178649237472767,3.7037037037037033,0.0,0.2178649237472767,0.0,0.0,0.0,0.0,0.0,0.2178649237472767,0.0,0.0,0.0,0.0,0.0,0.8714596949891068,0.0
071W,07,1W,0,0,0,0,433,433,430,3,85,154,103,41,15,10,15,0,2,0,0,0,1,0,0,0,0,0,0,0,4,0,inf,0.6928406466512702,99.30715935334872,19.767441860465116,35.81395348837209,23.953488372093023,9.534883720930234,3.488372093023256,2.3255813953488373,3.488372093023256,0.0,0.46511627906976744,0.0,0.0,0.0,0.23255813953488372,0.0,0.0,0.0,0.0,0.0,0.0,0.0,0.9302325581395349,0.0
071X,07,1X,0,0,0,0,460,460,459,1,65,222,67,67,12,12,9,0,3,0,0,0,0,0,0,0,0,0,0,0,2,0,inf,0.21739130434782608,99.78260869565217,14.161220043572984,48.36601307189542,14.596949891067537,14.596949891067537,2.6143790849673203,2.6143790849673203,1.9607843137254901,0.0,0.6535947712418301,0.0,0.0,0.0,0.0,0.0,0.0,0.0,0.0,0.0,0.0,0.0,0.4357298474945534,0.0
071Y,07,1Y,0,0,0,0,538,538,534,4,125,231,83,56,11,15,7,0,2,0,0,0,1,0,1,0,0,0,0,0,2,0,inf,0.7434944237918215,99.25650557620817,23.40823970037453,43.258426966292134,15.543071161048688,10.486891385767791,2.0599250936329585,2.8089887640449436,1.3108614232209739,0.0,0.37453183520599254,0.0,0.0,0.0,0.18726591760299627,0.0,0.18726591760299627,0.0,0.0,0.0,0.0,0.0,0.37453183520599254,0.0
07201,07,201,1214,628,586,0,523,8,520,3,94,180,108,60,43,18,12,0,1,0,0,0,1,0,1,0,0,0,0,0,2,0,43.080724876441515,0.5736137667304015,99.4263862332696,18.076923076923077,34.61538461538461,20.76923076923077,11.538461538461538,8.269230769230768,3.4615384615384617,2.307692307692308,0.0,0.19230769230769232,0.0,0.0,0.0,0.19230769230769232,0.0,0.19230769230769232,0.0,0.0,0.0,0.0,0.0,0.38461538461538464,0.0
07202,07,202,1125,630,495,0,520,10,514,6,103,194,90,60,46,10,6,0,4,0,0,0,0,0,1,0,0,0,0,0,0,0,46.22222222222222,1.153846153846154,98.84615384615385,20.038910505836576,37.7431906614786,17.509727626459142,11.673151750972762,8.949416342412452,1.9455252918287937,1.1673151750972763,0.0,0.7782101167315175,0.0,0.0,0.0,0.0,0.0,0.19455252918287938,0.0,0.0,0.0,0.0,0.0,0.0,0.0
07203,07,203,1227,704,523,0,621,11,617,4,112,270,92,96,29,7,8,0,1,0,0,0,0,0,0,0,0,0,0,0,2,0,50.61124694376527,0.644122383252818,99.35587761674718,18.152350081037277,43.76012965964344,14.910858995137763,15.559157212317668,4.700162074554295,1.1345218800648298,1.2965964343598055,0.0,0.1620745542949757,0.0,0.0,0.0,0.0,0.0,0.0,0.0,0.0,0.0,0.0,0.0,0.3241491085899514,0.0
07204,07,204,1221,691,530,0,578,8,575,3,123,236,71,94,25,7,9,0,7,0,0,0,0,0,1,0,0,0,0,0,2,0,47.338247338247335,0.5190311418685121,99.48096885813149,21.391304347826086,41.04347826086956,12.347826086956522,16.34782608695652,4.3478260869565215,1.2173913043478262,1.565217391304348,0.0,1.2173913043478262,0.0,0.0,0.0,0.0,0.0,0.17391304347826086,0.0,0.0,0.0,0.0,0.0,0.34782608695652173,0.0
07205,07,205,1140,735,405,0,530,15,526,4,152,140,46,133,27,7,9,0,9,0,0,0,0,0,1,0,0,0,0,0,2,0,46.49122807017544,0.7547169811320755,99.24528301886792,28.89733840304182,26.61596958174905,8.745247148288973,25.285171102661597,5.133079847908745,1.3307984790874523,1.7110266159695817,0.0,1.7110266159695817,0.0,0.0,0.0,0.0,0.0,0.19011406844106463,0.0,0.0,0.0,0.0,0.0,0.38022813688212925,0.0
07206,07,206,1234,674,560,0,524,12,517,7,119,220,40,100,18,11,2,0,4,0,0,0,0,0,0,0,0,0,0,0,3,0,42.463533225283626,1.3358778625954197,98.66412213740458,23.017408123791103,42.5531914893617,7.7369439071566735,19.342359767891683,3.481624758220503,2.127659574468085,0.3868471953578337,0.0,0.7736943907156674,0.0,0.0,0.0,0.0,0.0,0.0,0.0,0.0,0.0,0.0,0.0,0.5802707930367506,0.0
07207,07,207,953,512,441,0,398,6,392,6,91,155,32,74,22,7,6,0,4,0,0,0,1,0,0,0,0,0,0,0,0,0,41.76285414480588,1.507537688442211,98.49246231155779,23.214285714285715,39.54081632653062,8.16326530612245,18.877551020408163,5.612244897959184,1.7857142857142856,1.530612244897959,0.0,1.0204081632653061,0.0,0.0,0.0,0.25510204081632654,0.0,0.0,0.0,0.0,0.0,0.0,0.0,0.0,0.0
07208,07,208,1237,696,541,0,583,0,581,2,110,271,47,111,21,6,3,0,9,0,0,0,1,0,1,0,0,0,0,0,1,0,47.13015359741309,0.34305317324185247,99.65694682675816,18.9328743545611,46.64371772805508,8.089500860585199,19.104991394148023,3.614457831325301,1.0327022375215147,0.5163511187607573,0.0,1.549053356282272,0.0,0.0,0.0,0.17211703958691912,0.0,0.17211703958691912,0.0,0.0,0.0,0.0,0.0,0.17211703958691912,0.0
07209,07,209,989,711,278,0,461,13,454,7,98,77,69,95,74,7,25,0,3,0,0,0,2,0,2,0,0,0,0,0,2,0,46.61274014155713,1.5184381778741864,98.48156182212581,21.58590308370044,16.96035242290749,15.198237885462554,20.92511013215859,16.299559471365637,1.5418502202643172,5.506607929515418,0.0,0.6607929515418502,0.0,0.0,0.0,0.4405286343612335,0.0,0.4405286343612335,0.0,0.0,0.0,0.0,0.0,0.4405286343612335,0.0
07210,07,210,1106,685,421,0,487,3,478,9,116,98,106,67,51,13,18,0,4,0,0,0,1,0,0,0,0,0,0,0,4,0,44.032549728752265,1.8480492813141685,98.15195071868584,24.267782426778243,20.502092050209207,22.17573221757322,14.01673640167364,10.669456066945607,2.7196652719665275,3.765690376569038,0.0,0.8368200836820083,0.0,0.0,0.0,0.20920502092050208,0.0,0.0,0.0,0.0,0.0,0.0,0.0,0.8368200836820083,0.0
07211,07,211,1035,639,396,0,501,6,497,4,96,199,47,88,34,14,11,0,6,0,0,0,0,0,2,0,0,0,0,0,0,0,48.40579710144928,0.7984031936127743,99.20159680638723,19.3158953722334,40.04024144869216,9.456740442655935,17.706237424547282,6.841046277665996,2.8169014084507045,2.2132796780684103,0.0,1.2072434607645874,0.0,0.0,0.0,0.0,0.0,0.4024144869215292,0.0,0.0,0.0,0.0,0.0,0.0,0.0
07212,07,212,1172,706,466,0,567,6,558,9,99,233,57,115,25,8,11,0,4,0,0,0,2,0,0,0,0,0,0,0,4,0,48.37883959044368,1.5873015873015872,98.4126984126984,17.741935483870968,41.75627240143369,10.21505376344086,20.60931899641577,4.480286738351254,1.4336917562724014,1.971326164874552,0.0,0.7168458781362007,0.0,0.0,0.0,0.35842293906810035,0.0,0.0,0.0,0.0,0.0,0.0,0.0,0.7168458781362007,0.0
07213,07,213,1102,634,468,0,529,11,523,6,110,234,50,81,27,9,5,0,2,0,0,0,0,0,1,0,0,0,0,0,4,0,48.00362976406534,1.1342155009451798,98.86578449905483,21.03250478011472,44.74187380497132,9.560229445506693,15.487571701720842,5.162523900573614,1.7208413001912046,0.9560229445506693,0.0,0.3824091778202677,0.0,0.0,0.0,0.0,0.0,0.19120458891013384,0.0,0.0,0.0,0.0,0.0,0.7648183556405354,0.0
07214,07,214,991,639,352,0,461,8,453,8,82,156,37,115,37,10,8,0,4,0,0,0,0,0,2,0,0,0,0,0,2,0,46.51866801210898,1.735357917570499,98.2646420824295,18.101545253863137,34.437086092715234,8.167770419426049,25.386313465783665,8.167770419426049,2.207505518763797,1.7660044150110374,0.0,0.8830022075055187,0.0,0.0,0.0,0.0,0.0,0.44150110375275936,0.0,0.0,0.0,0.0,0.0,0.44150110375275936,0.0
07215,07,215,930,557,373,0,473,5,473,0,90,221,37,72,38,6,7,0,2,0,0,0,0,0,0,0,0,0,0,0,0,0,50.86021505376343,0.0,100.0,19.027484143763214,46.723044397463006,7.822410147991543,15.221987315010571,8.0338266384778,1.2684989429175475,1.4799154334038054,0.0,0.42283298097251587,0.0,0.0,0.0,0.0,0.0,0.0,0.0,0.0,0.0,0.0,0.0,0.0,0.0
07216,07,216,1185,690,495,0,573,0,571,2,118,246,36,108,36,9,5,0,7,0,0,0,1,0,1,0,0,0,0,0,4,0,48.35443037974684,0.34904013961605584,99.65095986038395,20.665499124343256,43.08231173380035,6.304728546409807,18.914185639229423,6.304728546409807,1.5761821366024518,0.8756567425569177,0.0,1.2259194395796849,0.0,0.0,0.0,0.17513134851138354,0.0,0.17513134851138354,0.0,0.0,0.0,0.0,0.0,0.7005253940455342,0.0
07217,07,217,1108,664,444,0,557,17,555,2,104,234,60,85,45,8,10,0,2,0,0,0,1,0,3,0,0,0,0,0,3,0,50.270758122743686,0.3590664272890485,99.64093357271095,18.73873873873874,42.16216216216216,10.81081081081081,15.315315315315313,8.108108108108109,1.4414414414414414,1.8018018018018018,0.0,0.36036036036036034,0.0,0.0,0.0,0.18018018018018017,0.0,0.5405405405405406,0.0,0.0,0.0,0.0,0.0,0.5405405405405406,0.0
07218,07,218,1075,660,415,0,452,10,447,5,114,85,58,95,57,9,9,0,14,0,0,0,1,0,4,0,0,0,0,0,1,0,42.04651162790698,1.1061946902654867,98.89380530973452,25.503355704697988,19.015659955257274,12.97539149888143,21.252796420581653,12.751677852348994,2.013422818791946,2.013422818791946,0.0,3.131991051454139,0.0,0.0,0.0,0.22371364653243847,0.0,0.8948545861297539,0.0,0.0,0.0,0.0,0.0,0.22371364653243847,0.0
07219,07,219,1266,735,531,0,564,11,564,0,113,219,62,105,26,15,13,0,7,0,0,0,0,0,2,0,0,0,0,0,2,0,44.54976303317535,0.0,100.0,20.0354609929078,38.82978723404255,10.99290780141844,18.617021276595743,4.609929078014184,2.6595744680851063,2.304964539007092,0.0,1.2411347517730498,0.0,0.0,0.0,0.0,0.0,0.3546099290780142,0.0,0.0,0.0,0.0,0.0,0.3546099290780142,0.0
07220,07,220,1162,725,437,0,455,7,446,9,103,74,70,93,60,10,20,0,10,0,0,0,1,0,3,0,0,0,0,0,2,0,39.1566265060241,1.9780219780219779,98.02197802197801,23.094170403587444,16.591928251121075,15.695067264573993,20.85201793721973,13.452914798206278,2.242152466367713,4.484304932735426,0.0,2.242152466367713,0.0,0.0,0.0,0.2242152466367713,0.0,0.672645739910314,0.0,0.0,0.0,0.0,0.0,0.4484304932735426,0.0
07221,07,221,1067,672,395,0,448,6,437,11,125,77,86,78,43,10,6,0,3,0,0,0,1,0,3,0,0,0,0,0,5,0,41.98687910028116,2.455357142857143,97.54464285714286,28.604118993135014,17.620137299771166,19.679633867276888,17.84897025171625,9.839816933638444,2.2883295194508007,1.3729977116704806,0.0,0.6864988558352403,0.0,0.0,0.0,0.2288329519450801,0.0,0.6864988558352403,0.0,0.0,0.0,0.0,0.0,1.1441647597254003,0.0
07222,07,222,1196,690,506,0,551,10,546,5,103,213,58,98,39,20,7,0,6,0,0,0,0,0,1,0,0,0,0,0,1,0,46.070234113712374,0.9074410163339384,99.09255898366605,18.864468864468865,39.010989010989015,10.622710622710622,17.94871794871795,7.142857142857142,3.6630036630036633,1.282051282051282,0.0,1.098901098901099,0.0,0.0,0.0,0.0,0.0,0.18315018315018314,0.0,0.0,0.0,0.0,0.0,0.18315018315018314,0.0
07223,07,223,1101,666,435,0,473,5,469,4,126,142,65,85,23,11,6,0,6,0,0,0,2,0,0,0,0,0,0,0,3,0,42.960944595821985,0.8456659619450317,99.15433403805497,26.865671641791046,30.2771855010661,13.859275053304904,18.123667377398718,4.904051172707889,2.345415778251599,1.279317697228145,0.0,1.279317697228145,0.0,0.0,0.0,0.42643923240938164,0.0,0.0,0.0,0.0,0.0,0.0,0.0,0.6396588486140725,0.0
07224,07,224,1016,587,429,0,438,5,434,4,87,121,88,66,43,14,10,0,2,0,0,0,0,0,1,0,0,0,0,0,2,0,43.110236220472444,0.91324200913242,99.08675799086758,20.046082949308754,27.880184331797235,20.276497695852534,15.207373271889402,9.90783410138249,3.225806451612903,2.3041474654377883,0.0,0.4608294930875576,0.0,0.0,0.0,0.0,0.0,0.2304147465437788,0.0,0.0,0.0,0.0,0.0,0.4608294930875576,0.0
07225,07,225,1196,692,504,0,534,8,525,9,104,145,93,88,55,20,12,0,5,0,0,0,0,0,0,0,0,0,0,0,3,0,44.64882943143812,1.6853932584269662,98.31460674157303,19.80952380952381,27.61904761904762,17.71428571428571,16.761904761904763,10.476190476190476,3.8095238095238098,2.2857142857142856,0.0,0.9523809523809524,0.0,0.0,0.0,0.0,0.0,0.0,0.0,0.0,0.0,0.0,0.0,0.5714285714285714,0.0
07226,07,226,1050,587,463,0,443,3,437,6,102,129,79,56,37,19,10,0,1,0,0,0,1,0,1,0,0,0,0,0,2,0,42.19047619047619,1.3544018058690745,98.64559819413093,23.340961098398168,29.51945080091533,18.07780320366133,12.814645308924485,8.466819221967963,4.3478260869565215,2.2883295194508007,0.0,0.2288329519450801,0.0,0.0,0.0,0.2288329519450801,0.0,0.2288329519450801,0.0,0.0,0.0,0.0,0.0,0.4576659038901602,0.0
07227,07,227,1147,807,340,0,531,3,525,6,127,113,52,139,61,9,9,0,10,0,0,0,1,0,2,0,0,0,0,0,2,0,46.29468177855275,1.1299435028248588,98.87005649717514,24.19047619047619,21.523809523809522,9.904761904761905,26.476190476190474,11.619047619047619,1.7142857142857144,1.7142857142857144,0.0,1.9047619047619049,0.0,0.0,0.0,0.19047619047619047,0.0,0.38095238095238093,0.0,0.0,0.0,0.0,0.0,0.38095238095238093,0.0
07228,07,228,820,493,327,0,336,7,331,5,73,89,36,88,19,7,4,0,8,0,0,0,0,0,4,0,0,0,0,0,3,0,40.97560975609756,1.488095238095238,98.51190476190477,22.054380664652566,26.888217522658607,10.876132930513595,26.586102719033235,5.740181268882175,2.1148036253776437,1.2084592145015105,0.0,2.416918429003021,0.0,0.0,0.0,0.0,0.0,1.2084592145015105,0.0,0.0,0.0,0.0,0.0,0.906344410876133,0.0
07229,07,229,1100,694,406,0,477,4,475,2,95,153,64,91,35,15,15,0,5,0,0,0,1,0,0,0,0,0,0,0,1,0,43.36363636363637,0.41928721174004197,99.58071278825996,20.0,32.21052631578947,13.473684210526315,19.157894736842103,7.368421052631578,3.1578947368421053,3.1578947368421053,0.0,1.0526315789473684,0.0,0.0,0.0,0.21052631578947367,0.0,0.0,0.0,0.0,0.0,0.0,0.0,0.21052631578947367,0.0
07230,07,230,1071,587,484,0,463,4,460,3,79,177,75,83,18,11,8,0,6,0,0,0,2,0,0,0,0,0,0,0,1,0,43.23062558356676,0.6479481641468683,99.35205183585313,17.17391304347826,38.47826086956522,16.304347826086957,18.043478260869566,3.91304347826087,2.391304347826087,1.7391304347826086,0.0,1.3043478260869565,0.0,0.0,0.0,0.43478260869565216,0.0,0.0,0.0,0.0,0.0,0.0,0.0,0.21739130434782608,0.0
072A,07,2A,0,0,0,0,1001,1001,997,4,234,359,214,108,28,27,20,0,3,0,0,0,1,0,1,0,0,0,0,0,2,0,inf,0.3996003996003996,99.6003996003996,23.470411233701103,36.00802407221665,21.464393179538614,10.832497492477431,2.8084252758274824,2.708124373119358,2.0060180541624875,0.0,0.3009027081243731,0.0,0.0,0.0,0.10030090270812438,0.0,0.10030090270812438,0.0,0.0,0.0,0.0,0.0,0.20060180541624875,0.0
072B,07,2B,0,0,0,0,497,497,495,2,87,232,75,69,9,10,7,0,0,0,0,0,1,0,2,0,0,0,0,0,3,0,inf,0.4024144869215292,99.59758551307847,17.575757575757574,46.86868686868687,15.151515151515152,13.939393939393941,1.8181818181818181,2.0202020202020203,1.4141414141414141,0.0,0.0,0.0,0.0,0.0,0.20202020202020202,0.0,0.40404040404040403,0.0,0.0,0.0,0.0,0.0,0.6060606060606061,0.0
072C,07,2C,0,0,0,0,503,503,500,3,99,225,83,57,13,10,10,0,2,0,0,0,1,0,0,0,0,0,0,0,0,0,inf,0.5964214711729622,99.40357852882704,19.8,45.0,16.6,11.4,2.6,2.0,2.0,0.0,0.4,0.0,0.0,0.0,0.2,0.0,0.0,0.0,0.0,0.0,0.0,0.0,0.0,0.0
072D,07,2D,0,0,0,0,361,361,358,3,61,159,36,48,16,8,5,0,13,0,0,0,0,0,2,0,0,0,0,0,10,0,inf,0.8310249307479225,99.16897506925207,17.039106145251395,44.41340782122905,10.05586592178771,13.40782122905028,4.4692737430167595,2.2346368715083798,1.3966480446927374,0.0,3.6312849162011176,0.0,0.0,0.0,0.0,0.0,0.5586592178770949,0.0,0.0,0.0,0.0,0.0,2.793296089385475,0.0
072E,07,2E,0,0,0,0,525,525,525,0,110,244,56,80,15,7,7,0,2,0,0,0,0,0,1,0,0,0,0,0,3,0,inf,0.0,100.0,20.952380952380953,46.476190476190474,10.666666666666668,15.238095238095239,2.857142857142857,1.3333333333333335,1.3333333333333335,0.0,0.38095238095238093,0.0,0.0,0.0,0.0,0.0,0.19047619047619047,0.0,0.0,0.0,0.0,0.0,0.5714285714285714,0.0
072F,07,2F,0,0,0,0,870,870,865,5,176,404,88,129,21,12,20,0,7,0,0,0,1,0,1,0,0,0,0,0,6,0,inf,0.5747126436781609,99.42528735632183,20.346820809248555,46.705202312138724,10.173410404624278,14.913294797687863,2.4277456647398843,1.3872832369942196,2.312138728323699,0.0,0.8092485549132947,0.0,0.0,0.0,0.11560693641618498,0.0,0.11560693641618498,0.0,0.0,0.0,0.0,0.0,0.6936416184971098,0.0
072G,07,2G,0,0,0,0,750,750,744,6,158,290,93,106,48,10,26,0,5,0,0,0,0,0,3,0,0,0,0,0,5,0,inf,0.8,99.2,21.236559139784948,38.97849462365591,12.5,14.24731182795699,6.451612903225806,1.3440860215053763,3.494623655913978,0.0,0.6720430107526881,0.0,0.0,0.0,0.0,0.0,0.4032258064516129,0.0,0.0,0.0,0.0,0.0,0.6720430107526881,0.0
072H,07,2H,0,0,0,0,770,770,757,13,179,203,170,81,67,20,22,0,6,0,0,0,0,0,2,0,0,0,0,0,7,0,inf,1.6883116883116882,98.31168831168831,23.645970937912814,26.81638044914135,22.457067371202115,10.700132100396301,8.850726552179657,2.642007926023778,2.906208718626156,0.0,0.7926023778071334,0.0,0.0,0.0,0.0,0.0,0.26420079260237783,0.0,0.0,0.0,0.0,0.0,0.9247027741083224,0.0
072I,07,2I,0,0,0,0,840,840,839,1,176,343,116,113,38,21,15,0,6,0,0,0,2,0,3,0,0,0,0,0,6,0,inf,0.11904761904761905,99.88095238095238,20.97735399284863,40.88200238379023,13.825983313468415,13.468414779499405,4.529201430274136,2.5029797377830754,1.7878426698450536,0.0,0.7151370679380215,0.0,0.0,0.0,0.23837902264600713,0.0,0.3575685339690107,0.0,0.0,0.0,0.0,0.0,0.7151370679380215,0.0
072K,07,2K,0,0,0,0,422,422,418,4,83,203,49,53,13,9,3,0,4,0,0,0,0,0,0,0,0,0,0,0,1,0,inf,0.9478672985781991,99.0521327014218,19.85645933014354,48.5645933014354,11.722488038277511,12.679425837320574,3.110047846889952,2.15311004784689,0.7177033492822966,0.0,0.9569377990430622,0.0,0.0,0.0,0.0,0.0,0.0,0.0,0.0,0.0,0.0,0.0,0.23923444976076555,0.0
072L,07,2L,0,0,0,0,638,638,632,6,130,272,77,96,31,9,9,0,5,0,0,0,0,0,0,0,0,0,0,0,3,0,inf,0.9404388714733543,99.05956112852664,20.569620253164558,43.037974683544306,12.183544303797468,15.18987341772152,4.90506329113924,1.4240506329113924,1.4240506329113924,0.0,0.7911392405063291,0.0,0.0,0.0,0.0,0.0,0.0,0.0,0.0,0.0,0.0,0.0,0.4746835443037975,0.0
072M,07,2M,0,0,0,0,770,770,760,10,145,359,72,118,27,14,16,0,3,0,0,0,0,0,2,0,0,0,0,0,4,0,inf,1.2987012987012987,98.7012987012987,19.078947368421055,47.23684210526316,9.473684210526317,15.526315789473685,3.552631578947368,1.8421052631578945,2.1052631578947367,0.0,0.39473684210526316,0.0,0.0,0.0,0.0,0.0,0.2631578947368421,0.0,0.0,0.0,0.0,0.0,0.5263157894736842,0.0
072N,07,2N,0,0,0,0,464,464,464,0,97,218,42,67,15,3,16,0,5,0,0,0,0,0,0,0,0,0,0,0,1,0,inf,0.0,100.0,20.905172413793103,46.98275862068966,9.051724137931034,14.439655172413794,3.2327586206896552,0.646551724137931,3.4482758620689653,0.0,1.0775862068965518,0.0,0.0,0.0,0.0,0.0,0.0,0.0,0.0,0.0,0.0,0.0,0.21551724137931033,0.0
072P,07,2P,0,0,0,0,393,393,391,2,99,137,42,66,20,2,12,0,7,0,0,0,0,0,1,0,0,0,0,0,5,0,inf,0.5089058524173028,99.49109414758269,25.31969309462916,35.0383631713555,10.741687979539643,16.879795396419436,5.115089514066496,0.5115089514066496,3.0690537084398977,0.0,1.7902813299232736,0.0,0.0,0.0,0.0,0.0,0.2557544757033248,0.0,0.0,0.0,0.0,0.0,1.278772378516624,0.0
072R,07,2R,0,0,0,0,769,769,762,7,218,226,170,79,37,15,7,0,6,0,0,0,1,0,1,0,0,0,0,0,2,0,inf,0.9102730819245773,99.08972691807543,28.608923884514436,29.658792650918635,22.30971128608924,10.36745406824147,4.8556430446194225,1.968503937007874,0.9186351706036745,0.0,0.7874015748031495,0.0,0.0,0.0,0.13123359580052493,0.0,0.13123359580052493,0.0,0.0,0.0,0.0,0.0,0.26246719160104987,0.0
072S,07,2S,0,0,0,0,475,475,468,7,100,209,58,59,15,10,11,0,4,0,0,0,1,0,0,0,0,0,0,0,1,0,inf,1.4736842105263157,98.52631578947368,21.367521367521366,44.65811965811966,12.393162393162394,12.606837606837606,3.205128205128205,2.1367521367521367,2.3504273504273505,0.0,0.8547008547008548,0.0,0.0,0.0,0.2136752136752137,0.0,0.0,0.0,0.0,0.0,0.0,0.0,0.2136752136752137,0.0
072T,07,2T,0,0,0,0,400,400,398,2,79,161,65,55,12,9,8,0,6,0,0,0,0,0,1,0,0,0,0,0,2,0,inf,0.5,99.5,19.849246231155778,40.45226130653266,16.331658291457288,13.819095477386934,3.015075376884422,2.261306532663317,2.0100502512562812,0.0,1.507537688442211,0.0,0.0,0.0,0.0,0.0,0.25125628140703515,0.0,0.0,0.0,0.0,0.0,0.5025125628140703,0.0
072U,07,2U,0,0,0,0,919,919,917,2,185,289,232,105,55,18,17,0,9,0,0,0,1,0,3,0,0,0,0,0,3,0,inf,0.2176278563656148,99.78237214363439,20.174482006543077,31.515812431842967,25.29989094874591,11.450381679389313,5.997818974918212,1.9629225736095965,1.8538713195201746,0.0,0.9814612868047983,0.0,0.0,0.0,0.10905125408942204,0.0,0.3271537622682661,0.0,0.0,0.0,0.0,0.0,0.3271537622682661,0.0
072V,07,2V,0,0,0,0,317,317,313,4,68,130,33,53,9,4,9,0,3,0,0,0,1,0,1,0,0,0,0,0,2,0,inf,1.2618296529968454,98.73817034700315,21.72523961661342,41.533546325878596,10.543130990415335,16.93290734824281,2.8753993610223643,1.2779552715654952,2.8753993610223643,0.0,0.9584664536741214,0.0,0.0,0.0,0.3194888178913738,0.0,0.3194888178913738,0.0,0.0,0.0,0.0,0.0,0.6389776357827476,0.0
072W,07,2W,0,0,0,0,845,845,839,6,185,329,148,107,32,16,15,0,4,0,0,0,0,0,2,0,0,0,0,0,1,0,inf,0.7100591715976331,99.28994082840237,22.050059594755663,39.213349225268175,17.640047675804528,12.753277711561385,3.814064362336114,1.907032181168057,1.7878426698450536,0.0,0.47675804529201427,0.0,0.0,0.0,0.0,0.0,0.23837902264600713,0.0,0.0,0.0,0.0,0.0,0.11918951132300357,0.0
07301,07,301,1119,673,446,0,604,10,601,3,132,222,100,83,33,17,10,0,1,0,0,0,1,0,0,0,0,0,0,0,2,0,53.976764968722065,0.49668874172185434,99.50331125827815,21.96339434276206,36.938435940099836,16.638935108153078,13.810316139767053,5.490848585690515,2.828618968386023,1.6638935108153077,0.0,0.16638935108153077,0.0,0.0,0.0,0.16638935108153077,0.0,0.0,0.0,0.0,0.0,0.0,0.0,0.33277870216306155,0.0
07302,07,302,1172,688,484,0,595,8,593,2,113,244,102,67,26,26,9,0,2,0,0,0,0,0,4,0,0,0,0,0,0,0,50.7679180887372,0.33613445378151263,99.66386554621849,19.05564924114671,41.14671163575042,17.200674536256326,11.298482293423271,4.3844856661045535,4.3844856661045535,1.5177065767284992,0.0,0.33726812816188867,0.0,0.0,0.0,0.0,0.0,0.6745362563237773,0.0,0.0,0.0,0.0,0.0,0.0,0.0
07303,07,303,1120,703,417,0,609,20,608,1,134,236,104,73,38,13,5,0,0,0,0,0,0,0,1,0,0,0,0,0,4,0,54.37499999999999,0.16420361247947454,99.83579638752053,22.039473684210524,38.81578947368421,17.105263157894736,12.006578947368421,6.25,2.138157894736842,0.8223684210526315,0.0,0.0,0.0,0.0,0.0,0.0,0.0,0.1644736842105263,0.0,0.0,0.0,0.0,0.0,0.6578947368421052,0.0
07304,07,304,1192,720,472,0,626,12,623,3,109,259,91,92,44,12,7,0,1,0,0,0,0,0,2,0,0,0,0,0,6,0,52.51677852348994,0.4792332268370607,99.52076677316293,17.49598715890851,41.57303370786517,14.606741573033707,14.767255216693421,7.062600321027287,1.9261637239165328,1.1235955056179776,0.0,0.16051364365971107,0.0,0.0,0.0,0.0,0.0,0.32102728731942215,0.0,0.0,0.0,0.0,0.0,0.9630818619582664,0.0
07305,07,305,1275,708,567,0,609,0,606,3,105,253,116,55,38,21,11,0,4,0,0,0,0,0,0,0,0,0,0,0,3,0,47.76470588235294,0.49261083743842365,99.50738916256158,17.326732673267326,41.74917491749175,19.141914191419144,9.075907590759076,6.270627062706271,3.4653465346534658,1.8151815181518154,0.0,0.6600660066006601,0.0,0.0,0.0,0.0,0.0,0.0,0.0,0.0,0.0,0.0,0.0,0.49504950495049505,0.0
07306,07,306,1193,716,477,0,567,8,561,6,140,175,96,71,52,10,9,0,5,0,0,0,1,0,2,0,0,0,0,0,0,0,47.52724224643755,1.0582010582010581,98.94179894179894,24.9554367201426,31.194295900178254,17.11229946524064,12.655971479500892,9.269162210338681,1.7825311942959003,1.6042780748663104,0.0,0.8912655971479502,0.0,0.0,0.0,0.17825311942959002,0.0,0.35650623885918004,0.0,0.0,0.0,0.0,0.0,0.0,0.0
07307,07,307,1050,650,400,0,581,11,574,7,108,216,127,58,40,14,7,0,0,0,0,0,0,0,1,0,0,0,0,0,3,0,55.333333333333336,1.2048192771084338,98.79518072289156,18.81533101045296,37.63066202090592,22.125435540069684,10.104529616724738,6.968641114982578,2.4390243902439024,1.2195121951219512,0.0,0.0,0.0,0.0,0.0,0.0,0.0,0.17421602787456447,0.0,0.0,0.0,0.0,0.0,0.5226480836236934,0.0
07308,07,308,1277,687,590,0,600,13,596,4,117,244,106,65,34,18,8,0,0,0,0,0,0,0,1,0,0,0,0,0,3,0,46.985121378230225,0.6666666666666667,99.33333333333333,19.630872483221477,40.939597315436245,17.78523489932886,10.906040268456376,5.704697986577181,3.0201342281879198,1.342281879194631,0.0,0.0,0.0,0.0,0.0,0.0,0.0,0.16778523489932887,0.0,0.0,0.0,0.0,0.0,0.5033557046979865,0.0
07309,07,309,1234,695,539,0,598,5,593,5,113,229,102,77,48,15,6,0,1,0,0,0,0,0,0,0,0,0,0,0,2,0,48.46029173419773,0.8361204013377926,99.1638795986622,19.05564924114671,38.61720067453626,17.200674536256326,12.984822934232715,8.094435075885329,2.5295109612141653,1.0118043844856661,0.0,0.16863406408094433,0.0,0.0,0.0,0.0,0.0,0.0,0.0,0.0,0.0,0.0,0.0,0.33726812816188867,0.0
07310,07,310,1125,674,451,0,591,10,589,2,118,217,113,65,43,14,10,0,6,0,0,0,1,0,1,0,0,0,0,0,1,0,52.53333333333333,0.338409475465313,99.66159052453469,20.0339558573854,36.84210526315789,19.185059422750424,11.03565365025467,7.30050933786078,2.3769100169779285,1.697792869269949,0.0,1.0186757215619695,0.0,0.0,0.0,0.1697792869269949,0.0,0.1697792869269949,0.0,0.0,0.0,0.0,0.0,0.1697792869269949,0.0
07311,07,311,1231,753,478,0,642,11,639,3,165,196,130,72,41,18,15,0,1,0,0,0,1,0,0,0,0,0,0,0,0,0,52.15272136474412,0.46728971962616817,99.53271028037383,25.821596244131456,30.672926447574334,20.344287949921753,11.267605633802818,6.416275430359937,2.8169014084507045,2.3474178403755865,0.0,0.1564945226917058,0.0,0.0,0.0,0.1564945226917058,0.0,0.0,0.0,0.0,0.0,0.0,0.0,0.0,0.0
07312,07,312,1214,633,581,0,514,7,510,4,89,221,101,45,32,11,5,0,1,0,0,0,0,0,2,0,0,0,0,0,3,0,42.33937397034596,0.7782101167315175,99.22178988326849,17.45098039215686,43.333333333333336,19.80392156862745,8.823529411764707,6.2745098039215685,2.156862745098039,0.9803921568627451,0.0,0.19607843137254902,0.0,0.0,0.0,0.0,0.0,0.39215686274509803,0.0,0.0,0.0,0.0,0.0,0.5882352941176471,0.0
07313,07,313,1194,653,541,0,546,13,542,4,114,195,86,72,44,12,10,0,5,0,0,0,0,0,3,0,0,0,0,0,1,0,45.7286432160804,0.7326007326007326,99.26739926739927,21.033210332103323,35.97785977859779,15.867158671586715,13.284132841328415,8.118081180811808,2.214022140221402,1.8450184501845017,0.0,0.9225092250922509,0.0,0.0,0.0,0.0,0.0,0.5535055350553505,0.0,0.0,0.0,0.0,0.0,0.18450184501845018,0.0
07314,07,314,1174,740,434,0,638,9,634,4,149,220,105,82,42,19,6,0,3,0,0,0,0,0,2,0,0,0,0,0,6,0,54.34412265758092,0.6269592476489028,99.37304075235109,23.501577287066247,34.70031545741325,16.561514195583594,12.933753943217665,6.624605678233439,2.996845425867508,0.9463722397476341,0.0,0.47318611987381703,0.0,0.0,0.0,0.0,0.0,0.31545741324921134,0.0,0.0,0.0,0.0,0.0,0.9463722397476341,0.0
07315,07,315,1235,732,503,0,622,10,615,7,137,225,104,72,54,13,8,0,1,0,0,0,0,0,1,0,0,0,0,0,0,0,50.36437246963563,1.1254019292604502,98.87459807073955,22.276422764227643,36.58536585365854,16.910569105691057,11.707317073170733,8.780487804878048,2.113821138211382,1.3008130081300813,0.0,0.16260162601626016,0.0,0.0,0.0,0.0,0.0,0.16260162601626016,0.0,0.0,0.0,0.0,0.0,0.0,0.0
07316,07,316,1486,877,609,0,694,4,683,11,131,239,116,118,35,21,6,0,8,0,0,0,1,0,4,0,0,0,0,0,4,0,46.70255720053836,1.585014409221902,98.4149855907781,19.1800878477306,34.99267935578331,16.98389458272328,17.276720351390924,5.124450951683748,3.074670571010249,0.8784773060029283,0.0,1.171303074670571,0.0,0.0,0.0,0.14641288433382138,0.0,0.5856515373352855,0.0,0.0,0.0,0.0,0.0,0.5856515373352855,0.0
07317,07,317,1181,698,483,0,571,13,565,6,130,209,110,59,32,13,6,0,5,0,0,0,0,0,0,0,0,0,0,0,1,0,48.348856900931416,1.0507880910683012,98.9492119089317,23.008849557522122,36.991150442477874,19.469026548672566,10.442477876106194,5.663716814159292,2.3008849557522124,1.0619469026548671,0.0,0.8849557522123894,0.0,0.0,0.0,0.0,0.0,0.0,0.0,0.0,0.0,0.0,0.0,0.17699115044247787,0.0
07318,07,318,1149,625,524,0,521,12,515,6,105,214,85,52,35,14,9,0,0,0,0,0,0,0,0,0,0,0,0,0,1,0,45.3437771975631,1.1516314779270633,98.84836852207293,20.388349514563107,41.55339805825243,16.50485436893204,10.097087378640776,6.796116504854369,2.7184466019417477,1.7475728155339807,0.0,0.0,0.0,0.0,0.0,0.0,0.0,0.0,0.0,0.0,0.0,0.0,0.0,0.1941747572815534,0.0
07319,07,319,1105,595,510,0,484,4,479,5,99,175,98,50,35,3,8,0,6,0,0,0,0,0,1,0,0,0,0,0,4,0,43.800904977375566,1.0330578512396695,98.96694214876032,20.668058455114824,36.53444676409186,20.45929018789144,10.438413361169102,7.306889352818372,0.6263048016701461,1.6701461377870561,0.0,1.2526096033402923,0.0,0.0,0.0,0.0,0.0,0.20876826722338201,0.0,0.0,0.0,0.0,0.0,0.8350730688935281,0.0
07320,07,320,1141,642,499,0,550,7,548,2,131,180,98,73,42,9,9,0,3,0,0,0,0,0,2,0,0,0,0,0,1,0,48.20333041191937,0.36363636363636365,99.63636363636364,23.905109489051096,32.846715328467155,17.88321167883212,13.321167883211679,7.664233576642336,1.6423357664233578,1.6423357664233578,0.0,0.5474452554744526,0.0,0.0,0.0,0.0,0.0,0.36496350364963503,0.0,0.0,0.0,0.0,0.0,0.18248175182481752,0.0
07321,07,321,1191,660,531,0,521,5,521,0,105,203,82,56,50,6,14,0,2,0,0,0,2,0,0,0,0,0,0,0,1,0,43.74475230898405,0.0,100.0,20.153550863723606,38.963531669865645,15.738963531669867,10.748560460652591,9.596928982725528,1.1516314779270633,2.6871401151631478,0.0,0.3838771593090211,0.0,0.0,0.0,0.3838771593090211,0.0,0.0,0.0,0.0,0.0,0.0,0.0,0.19193857965451055,0.0
07322,07,322,1173,736,437,0,536,7,532,4,138,144,86,81,58,14,8,0,2,0,0,0,1,0,0,0,0,0,0,0,0,0,45.694799658994036,0.7462686567164178,99.25373134328358,25.93984962406015,27.06766917293233,16.165413533834585,15.225563909774436,10.902255639097744,2.631578947368421,1.5037593984962405,0.0,0.37593984962406013,0.0,0.0,0.0,0.18796992481203006,0.0,0.0,0.0,0.0,0.0,0.0,0.0,0.0,0.0
07323,07,323,1159,842,317,0,585,8,579,6,183,113,81,117,45,9,12,0,15,0,0,0,0,0,2,0,0,0,0,0,2,0,50.47454702329595,1.0256410256410255,98.97435897435898,31.606217616580313,19.516407599309154,13.989637305699482,20.207253886010363,7.772020725388601,1.5544041450777202,2.072538860103627,0.0,2.5906735751295336,0.0,0.0,0.0,0.0,0.0,0.3454231433506045,0.0,0.0,0.0,0.0,0.0,0.3454231433506045,0.0
07324,07,324,1102,783,319,0,566,0,552,14,148,125,102,85,54,11,17,0,9,0,0,0,0,0,0,0,0,0,0,0,1,0,51.36116152450091,2.4734982332155475,97.52650176678446,26.811594202898554,22.644927536231883,18.478260869565215,15.39855072463768,9.782608695652174,1.9927536231884055,3.0797101449275366,0.0,1.6304347826086956,0.0,0.0,0.0,0.0,0.0,0.0,0.0,0.0,0.0,0.0,0.0,0.18115942028985507,0.0
07325,07,325,1221,734,487,0,624,5,619,5,136,240,84,74,51,17,12,0,1,0,0,0,2,0,0,0,0,0,0,0,2,0,51.105651105651106,0.8012820512820512,99.19871794871796,21.97092084006462,38.77221324717286,13.5702746365105,11.954765751211632,8.239095315024231,2.7463651050080773,1.938610662358643,0.0,0.16155088852988692,0.0,0.0,0.0,0.32310177705977383,0.0,0.0,0.0,0.0,0.0,0.0,0.0,0.32310177705977383,0.0
07326,07,326,1177,571,606,0,388,9,387,1,77,66,136,26,62,7,6,0,4,0,0,0,0,0,3,0,0,0,0,0,0,0,32.96516567544605,0.25773195876288657,99.74226804123711,19.896640826873384,17.05426356589147,35.14211886304909,6.718346253229974,16.020671834625322,1.8087855297157622,1.550387596899225,0.0,1.03359173126615,0.0,0.0,0.0,0.0,0.0,0.7751937984496124,0.0,0.0,0.0,0.0,0.0,0.0,0.0
07327,07,327,1108,627,481,0,458,8,451,7,87,60,93,74,98,13,12,0,9,0,0,0,3,0,2,0,0,0,0,0,0,0,41.335740072202164,1.5283842794759825,98.47161572052401,19.290465631929045,13.303769401330376,20.620842572062084,16.4079822616408,21.729490022172946,2.882483370288248,2.6607538802660753,0.0,1.9955654101995564,0.0,0.0,0.0,0.6651884700665188,0.0,0.4434589800443459,0.0,0.0,0.0,0.0,0.0,0.0,0.0
07328,07,328,1095,747,348,0,577,10,567,10,127,131,92,77,79,27,18,0,9,0,0,0,1,0,1,0,0,0,0,0,5,0,52.694063926940636,1.733102253032929,98.26689774696708,22.39858906525573,23.10405643738977,16.225749559082892,13.580246913580247,13.932980599647266,4.761904761904762,3.1746031746031744,0.0,1.5873015873015872,0.0,0.0,0.0,0.1763668430335097,0.0,0.1763668430335097,0.0,0.0,0.0,0.0,0.0,0.8818342151675485,0.0
07329,07,329,1089,719,370,0,524,4,520,4,127,79,90,74,94,23,19,0,7,0,0,0,1,0,1,0,0,0,0,0,5,0,48.117539026629935,0.7633587786259541,99.23664122137404,24.423076923076923,15.192307692307692,17.307692307692307,14.23076923076923,18.076923076923077,4.423076923076923,3.653846153846154,0.0,1.3461538461538463,0.0,0.0,0.0,0.19230769230769232,0.0,0.19230769230769232,0.0,0.0,0.0,0.0,0.0,0.9615384615384616,0.0
073A,07,3A,0,0,0,0,872,872,870,2,181,338,199,83,16,31,15,0,3,0,0,0,0,0,0,0,0,0,0,0,4,0,inf,0.22935779816513763,99.77064220183486,20.804597701149426,38.85057471264368,22.873563218390807,9.540229885057471,1.839080459770115,3.5632183908045976,1.7241379310344827,0.0,0.3448275862068966,0.0,0.0,0.0,0.0,0.0,0.0,0.0,0.0,0.0,0.0,0.0,0.45977011494252873,0.0
073B,07,3B,0,0,0,0,815,815,810,5,171,324,163,83,27,17,19,0,0,0,0,0,0,0,3,0,0,0,0,0,3,0,inf,0.6134969325153374,99.38650306748467,21.11111111111111,40.0,20.123456790123456,10.246913580246913,3.3333333333333335,2.0987654320987654,2.345679012345679,0.0,0.0,0.0,0.0,0.0,0.0,0.0,0.3703703703703704,0.0,0.0,0.0,0.0,0.0,0.3703703703703704,0.0
073C,07,3C,0,0,0,0,523,523,522,1,130,195,114,41,15,15,6,0,1,0,0,0,0,0,2,0,0,0,0,0,3,0,inf,0.19120458891013384,99.80879541108987,24.904214559386972,37.35632183908046,21.839080459770116,7.854406130268199,2.8735632183908044,2.8735632183908044,1.1494252873563218,0.0,0.19157088122605362,0.0,0.0,0.0,0.0,0.0,0.38314176245210724,0.0,0.0,0.0,0.0,0.0,0.5747126436781609,0.0
073D,07,3D,0,0,0,0,447,447,445,2,103,147,97,43,30,7,12,0,3,0,0,0,0,0,0,0,0,0,0,0,3,0,inf,0.44742729306487694,99.55257270693512,23.146067415730336,33.03370786516854,21.79775280898876,9.662921348314606,6.741573033707865,1.5730337078651686,2.696629213483146,0.0,0.6741573033707865,0.0,0.0,0.0,0.0,0.0,0.0,0.0,0.0,0.0,0.0,0.0,0.6741573033707865,0.0
073E,07,3E,0,0,0,0,924,924,922,2,206,363,195,81,27,28,12,0,5,0,0,0,1,0,0,0,0,0,0,0,4,0,inf,0.21645021645021645,99.78354978354979,22.342733188720175,39.37093275488069,21.149674620390453,8.785249457700651,2.928416485900217,3.036876355748373,1.3015184381778742,0.0,0.5422993492407809,0.0,0.0,0.0,0.10845986984815618,0.0,0.0,0.0,0.0,0.0,0.0,0.0,0.43383947939262474,0.0
073F,07,3F,0,0,0,0,513,513,510,3,111,181,117,52,23,14,8,0,0,0,0,0,1,0,0,0,0,0,0,0,3,0,inf,0.5847953216374269,99.41520467836257,21.764705882352942,35.490196078431374,22.941176470588236,10.196078431372548,4.509803921568627,2.7450980392156863,1.5686274509803921,0.0,0.0,0.0,0.0,0.0,0.19607843137254902,0.0,0.0,0.0,0.0,0.0,0.0,0.0,0.5882352941176471,0.0
073G,07,3G,0,0,0,0,408,408,407,1,82,159,103,33,16,7,5,0,2,0,0,0,0,0,0,0,0,0,0,0,0,0,inf,0.24509803921568626,99.75490196078431,20.14742014742015,39.06633906633907,25.307125307125304,8.108108108108109,3.9312039312039313,1.71990171990172,1.2285012285012284,0.0,0.4914004914004914,0.0,0.0,0.0,0.0,0.0,0.0,0.0,0.0,0.0,0.0,0.0,0.0,0.0
073H,07,3H,0,0,0,0,444,444,440,4,92,154,118,42,19,8,6,0,0,0,0,0,0,0,0,0,0,0,0,0,1,0,inf,0.9009009009009009,99.09909909909909,20.909090909090907,35.0,26.81818181818182,9.545454545454547,4.318181818181818,1.8181818181818181,1.3636363636363635,0.0,0.0,0.0,0.0,0.0,0.0,0.0,0.0,0.0,0.0,0.0,0.0,0.0,0.22727272727272727,0.0
073I,07,3I,0,0,0,0,546,546,545,1,121,222,117,41,19,11,10,0,0,0,0,0,0,0,0,0,0,0,0,0,4,0,inf,0.18315018315018314,99.81684981684981,22.201834862385322,40.73394495412844,21.467889908256883,7.522935779816514,3.486238532110092,2.0183486238532113,1.834862385321101,0.0,0.0,0.0,0.0,0.0,0.0,0.0,0.0,0.0,0.0,0.0,0.0,0.0,0.7339449541284404,0.0
073K,07,3K,0,0,0,0,506,506,502,4,101,186,98,58,24,16,13,0,3,0,0,0,2,0,0,0,0,0,0,0,1,0,inf,0.7905138339920948,99.2094861660079,20.119521912350596,37.05179282868526,19.52191235059761,11.553784860557768,4.780876494023905,3.187250996015936,2.589641434262948,0.0,0.5976095617529881,0.0,0.0,0.0,0.398406374501992,0.0,0.0,0.0,0.0,0.0,0.0,0.0,0.199203187250996,0.0
073L,07,3L,0,0,0,0,416,416,413,3,99,153,87,35,11,16,8,0,2,0,0,0,0,0,0,0,0,0,0,0,2,0,inf,0.7211538461538461,99.27884615384616,23.97094430992736,37.04600484261501,21.06537530266344,8.47457627118644,2.663438256658596,3.87409200968523,1.937046004842615,0.0,0.48426150121065376,0.0,0.0,0.0,0.0,0.0,0.0,0.0,0.0,0.0,0.0,0.0,0.48426150121065376,0.0
073M,07,3M,0,0,0,0,478,478,473,5,106,160,101,52,20,16,9,0,5,0,0,0,0,0,3,0,0,0,0,0,1,0,inf,1.0460251046025104,98.9539748953975,22.41014799154334,33.82663847780127,21.353065539112052,10.993657505285412,4.2283298097251585,3.382663847780127,1.9027484143763214,0.0,1.0570824524312896,0.0,0.0,0.0,0.0,0.0,0.6342494714587738,0.0,0.0,0.0,0.0,0.0,0.21141649048625794,0.0
073N,07,3N,0,0,0,0,566,566,564,2,138,202,130,59,17,5,10,0,1,0,0,0,0,0,1,0,0,0,0,0,1,0,inf,0.35335689045936397,99.64664310954063,24.46808510638298,35.815602836879435,23.04964539007092,10.460992907801419,3.0141843971631204,0.8865248226950355,1.773049645390071,0.0,0.1773049645390071,0.0,0.0,0.0,0.0,0.0,0.1773049645390071,0.0,0.0,0.0,0.0,0.0,0.1773049645390071,0.0
073P,07,3P,0,0,0,0,451,451,451,0,108,177,78,41,18,13,12,0,1,0,0,0,0,0,0,0,0,0,0,0,3,0,inf,0.0,100.0,23.946784922394677,39.24611973392461,17.29490022172949,9.090909090909092,3.9911308203991127,2.882483370288248,2.6607538802660753,0.0,0.22172949002217296,0.0,0.0,0.0,0.0,0.0,0.0,0.0,0.0,0.0,0.0,0.0,0.6651884700665188,0.0
073R,07,3R,0,0,0,0,967,967,963,4,200,372,184,99,47,26,17,0,6,0,0,0,3,0,2,0,0,0,0,0,7,0,inf,0.4136504653567736,99.58634953464323,20.768431983385256,38.62928348909657,19.106957424714434,10.2803738317757,4.880581516095535,2.699896157840083,1.7653167185877467,0.0,0.6230529595015576,0.0,0.0,0.0,0.3115264797507788,0.0,0.20768431983385255,0.0,0.0,0.0,0.0,0.0,0.726895119418484,0.0
073S,07,3S,0,0,0,0,991,991,984,7,200,424,167,100,34,23,22,0,6,0,0,0,1,0,3,0,0,0,0,0,4,0,inf,0.7063572149344097,99.2936427850656,20.32520325203252,43.08943089430895,16.971544715447155,10.16260162601626,3.4552845528455287,2.33739837398374,2.2357723577235773,0.0,0.6097560975609756,0.0,0.0,0.0,0.10162601626016261,0.0,0.3048780487804878,0.0,0.0,0.0,0.0,0.0,0.40650406504065045,0.0
073T,07,3T,0,0,0,0,403,403,403,0,109,125,82,44,18,14,9,0,2,0,0,0,0,0,0,0,0,0,0,0,0,0,inf,0.0,100.0,27.04714640198511,31.017369727047146,20.34739454094293,10.918114143920596,4.466501240694789,3.4739454094292808,2.2332506203473943,0.0,0.49627791563275436,0.0,0.0,0.0,0.0,0.0,0.0,0.0,0.0,0.0,0.0,0.0,0.0,0.0
073U,07,3U,0,0,0,0,281,281,277,4,68,83,35,44,20,13,6,0,7,0,0,0,0,0,0,0,0,0,0,0,1,0,inf,1.4234875444839856,98.57651245551602,24.548736462093864,29.96389891696751,12.63537906137184,15.884476534296029,7.2202166064981945,4.693140794223827,2.166064981949458,0.0,2.527075812274368,0.0,0.0,0.0,0.0,0.0,0.0,0.0,0.0,0.0,0.0,0.0,0.36101083032490977,0.0
073V,07,3V,0,0,0,0,290,290,290,0,79,95,37,34,20,3,12,0,4,0,0,0,0,0,0,0,0,0,0,0,6,0,inf,0.0,100.0,27.241379310344826,32.758620689655174,12.758620689655173,11.724137931034482,6.896551724137931,1.0344827586206897,4.137931034482759,0.0,1.3793103448275863,0.0,0.0,0.0,0.0,0.0,0.0,0.0,0.0,0.0,0.0,0.0,2.0689655172413794,0.0
073W,07,3W,0,0,0,0,461,461,459,2,107,201,86,34,14,10,6,0,0,0,0,0,1,0,0,0,0,0,0,0,0,0,inf,0.43383947939262474,99.56616052060737,23.311546840958606,43.790849673202615,18.736383442265794,7.4074074074074066,3.0501089324618738,2.178649237472767,1.3071895424836601,0.0,0.0,0.0,0.0,0.0,0.2178649237472767,0.0,0.0,0.0,0.0,0.0,0.0,0.0,0.0,0.0
073X,07,3X,0,0,0,0,1002,1002,995,7,258,150,339,77,88,32,29,0,8,0,0,0,1,0,8,0,0,0,0,0,5,0,inf,0.6986027944111777,99.30139720558883,25.92964824120603,15.07537688442211,34.07035175879397,7.738693467336684,8.84422110552764,3.2160804020100504,2.9145728643216082,0.0,0.8040201005025126,0.0,0.0,0.0,0.10050251256281408,0.0,0.8040201005025126,0.0,0.0,0.0,0.0,0.0,0.5025125628140703,0.0
073Y,07,3Y,0,0,0,0,668,668,664,4,158,176,127,78,65,16,26,0,11,0,0,0,3,0,2,0,0,0,0,0,2,0,inf,0.5988023952095809,99.40119760479041,23.795180722891565,26.506024096385545,19.126506024096386,11.74698795180723,9.789156626506024,2.4096385542168677,3.91566265060241,0.0,1.6566265060240966,0.0,0.0,0.0,0.4518072289156626,0.0,0.30120481927710846,0.0,0.0,0.0,0.0,0.0,0.30120481927710846,0.0
07401,07,401,1111,662,449,0,551,10,551,0,121,194,93,79,32,17,9,0,3,0,0,0,0,0,3,0,0,0,0,0,0,0,49.594959495949595,0.0,100.0,21.960072595281307,35.208711433756804,16.878402903811253,14.337568058076226,5.807622504537205,3.0852994555353903,1.6333938294010888,0.0,0.5444646098003629,0.0,0.0,0.0,0.0,0.0,0.5444646098003629,0.0,0.0,0.0,0.0,0.0,0.0,0.0
07402,07,402,1136,680,456,0,529,13,517,12,112,137,107,78,57,9,5,0,6,0,0,0,0,0,2,0,0,0,0,0,4,0,46.566901408450704,2.2684310018903595,97.73156899810964,21.663442940038685,26.4990328820116,20.6963249516441,15.087040618955513,11.02514506769826,1.7408123791102514,0.9671179883945842,0.0,1.160541586073501,0.0,0.0,0.0,0.0,0.0,0.3868471953578337,0.0,0.0,0.0,0.0,0.0,0.7736943907156674,0.0
07403,07,403,1173,701,472,0,582,14,574,8,102,203,101,76,61,7,7,0,12,0,0,0,2,0,1,0,0,0,0,0,2,0,49.61636828644501,1.3745704467353952,98.62542955326461,17.770034843205575,35.36585365853659,17.59581881533101,13.240418118466899,10.627177700348431,1.2195121951219512,1.2195121951219512,0.0,2.0905923344947737,0.0,0.0,0.0,0.34843205574912894,0.0,0.17421602787456447,0.0,0.0,0.0,0.0,0.0,0.34843205574912894,0.0
07404,07,404,1159,660,499,0,595,13,595,0,97,282,82,91,20,12,6,0,3,0,0,0,2,0,0,0,0,0,0,0,0,0,51.33735979292493,0.0,100.0,16.30252100840336,47.39495798319327,13.781512605042018,15.294117647058824,3.361344537815126,2.0168067226890756,1.0084033613445378,0.0,0.5042016806722689,0.0,0.0,0.0,0.33613445378151263,0.0,0.0,0.0,0.0,0.0,0.0,0.0,0.0,0.0
07405,07,405,1149,675,474,0,543,6,539,4,112,189,69,113,31,8,8,0,6,0,0,0,0,0,2,0,0,0,0,0,1,0,47.25848563968668,0.7366482504604052,99.2633517495396,20.77922077922078,35.064935064935064,12.80148423005566,20.964749536178108,5.75139146567718,1.4842300556586272,1.4842300556586272,0.0,1.1131725417439702,0.0,0.0,0.0,0.0,0.0,0.3710575139146568,0.0,0.0,0.0,0.0,0.0,0.1855287569573284,0.0
07406,07,406,1156,734,422,0,484,7,468,16,99,94,114,75,49,10,11,0,13,0,0,0,0,0,1,0,0,0,0,0,2,0,41.86851211072664,3.3057851239669422,96.69421487603306,21.153846153846153,20.085470085470085,24.358974358974358,16.025641025641026,10.47008547008547,2.1367521367521367,2.3504273504273505,0.0,2.7777777777777777,0.0,0.0,0.0,0.0,0.0,0.2136752136752137,0.0,0.0,0.0,0.0,0.0,0.4273504273504274,0.0
07407,07,407,1195,767,428,0,579,16,572,7,145,138,81,117,55,15,10,0,7,0,0,0,0,0,1,0,0,0,0,0,3,0,48.45188284518828,1.2089810017271159,98.79101899827289,25.34965034965035,24.125874125874127,14.160839160839162,20.454545454545457,9.615384615384617,2.6223776223776225,1.7482517482517483,0.0,1.2237762237762237,0.0,0.0,0.0,0.0,0.0,0.17482517482517482,0.0,0.0,0.0,0.0,0.0,0.5244755244755245,0.0
07408,07,408,889,596,293,0,381,11,372,9,103,59,37,91,54,13,8,0,6,0,0,0,0,0,1,0,0,0,0,0,0,0,42.857142857142854,2.3622047244094486,97.63779527559055,27.688172043010752,15.86021505376344,9.946236559139784,24.462365591397848,14.516129032258066,3.494623655913978,2.1505376344086025,0.0,1.6129032258064515,0.0,0.0,0.0,0.0,0.0,0.2688172043010753,0.0,0.0,0.0,0.0,0.0,0.0,0.0
07409,07,409,1044,697,347,0,497,13,494,3,85,84,78,118,79,10,25,0,8,0,0,0,2,0,1,0,0,0,0,0,4,0,47.605363984674334,0.6036217303822937,99.3963782696177,17.20647773279352,17.00404858299595,15.789473684210526,23.88663967611336,15.991902834008098,2.0242914979757085,5.060728744939271,0.0,1.6194331983805668,0.0,0.0,0.0,0.4048582995951417,0.0,0.20242914979757085,0.0,0.0,0.0,0.0,0.0,0.8097165991902834,0.0
07410,07,410,1226,789,437,0,563,0,555,8,124,70,127,78,105,18,19,0,4,0,0,0,2,0,5,0,0,0,0,0,3,0,45.92169657422512,1.4209591474245116,98.57904085257549,22.34234234234234,12.612612612612612,22.882882882882882,14.054054054054054,18.91891891891892,3.2432432432432434,3.423423423423423,0.0,0.7207207207207207,0.0,0.0,0.0,0.36036036036036034,0.0,0.9009009009009009,0.0,0.0,0.0,0.0,0.0,0.5405405405405406,0.0
07411,07,411,1154,723,431,0,546,6,534,12,108,149,98,72,77,9,5,0,9,0,0,0,1,0,3,0,0,0,0,0,3,0,47.313691507798964,2.197802197802198,97.8021978021978,20.224719101123593,27.902621722846444,18.352059925093634,13.48314606741573,14.41947565543071,1.6853932584269662,0.9363295880149813,0.0,1.6853932584269662,0.0,0.0,0.0,0.18726591760299627,0.0,0.5617977528089888,0.0,0.0,0.0,0.0,0.0,0.5617977528089888,0.0
07412,07,412,1217,652,565,0,508,9,507,1,101,182,79,78,46,6,7,0,5,0,0,0,1,0,1,0,0,0,0,0,1,0,41.74198849630238,0.19685039370078738,99.80314960629921,19.92110453648915,35.8974358974359,15.581854043392504,15.384615384615385,9.072978303747535,1.183431952662722,1.3806706114398422,0.0,0.9861932938856016,0.0,0.0,0.0,0.19723865877712032,0.0,0.19723865877712032,0.0,0.0,0.0,0.0,0.0,0.19723865877712032,0.0
07413,07,413,1097,625,472,0,462,7,460,2,79,129,80,79,66,12,6,0,8,0,0,0,0,0,0,0,0,0,0,0,1,0,42.11485870556062,0.4329004329004329,99.56709956709958,17.17391304347826,28.043478260869563,17.391304347826086,17.17391304347826,14.347826086956522,2.608695652173913,1.3043478260869565,0.0,1.7391304347826086,0.0,0.0,0.0,0.0,0.0,0.0,0.0,0.0,0.0,0.0,0.0,0.21739130434782608,0.0
07414,07,414,1194,713,481,0,582,3,577,5,132,149,115,86,65,14,5,0,7,0,0,0,1,0,1,0,0,0,0,0,2,0,48.743718592964825,0.859106529209622,99.14089347079039,22.876949740034664,25.82322357019064,19.930675909878683,14.904679376083187,11.265164644714037,2.4263431542461005,0.8665511265164645,0.0,1.2131715771230502,0.0,0.0,0.0,0.17331022530329288,0.0,0.17331022530329288,0.0,0.0,0.0,0.0,0.0,0.34662045060658575,0.0
07415,07,415,1120,722,398,0,455,4,443,12,126,65,65,82,62,17,9,0,10,0,0,0,0,0,4,0,0,0,0,0,3,0,40.625,2.6373626373626373,97.36263736263736,28.442437923250562,14.672686230248308,14.672686230248308,18.510158013544018,13.99548532731377,3.837471783295711,2.0316027088036117,0.0,2.2573363431151243,0.0,0.0,0.0,0.0,0.0,0.9029345372460496,0.0,0.0,0.0,0.0,0.0,0.6772009029345373,0.0
07416,07,416,1196,696,500,0,517,8,512,5,101,105,112,83,79,9,17,0,4,0,0,0,0,0,0,0,0,0,0,0,2,0,43.22742474916388,0.9671179883945842,99.03288201160542,19.7265625,20.5078125,21.875,16.2109375,15.4296875,1.7578125,3.3203125,0.0,0.78125,0.0,0.0,0.0,0.0,0.0,0.0,0.0,0.0,0.0,0.0,0.0,0.390625,0.0
07417,07,417,1130,768,362,0,552,7,541,11,112,74,138,92,89,14,10,0,9,0,0,0,0,0,1,0,0,0,0,0,2,0,48.849557522123895,1.9927536231884055,98.0072463768116,20.70240295748614,13.67837338262477,25.508317929759706,17.005545286506468,16.45101663585952,2.5878003696857674,1.8484288354898337,0.0,1.6635859519408502,0.0,0.0,0.0,0.0,0.0,0.18484288354898337,0.0,0.0,0.0,0.0,0.0,0.36968576709796674,0.0
07418,07,418,1153,665,488,0,455,4,451,4,102,113,78,89,34,17,9,0,2,0,0,0,1,0,0,0,0,0,0,0,6,0,39.46227233304423,0.8791208791208791,99.12087912087912,22.61640798226164,25.055432372505543,17.29490022172949,19.733924611973393,7.5388026607538805,3.7694013303769403,1.9955654101995564,0.0,0.4434589800443459,0.0,0.0,0.0,0.22172949002217296,0.0,0.0,0.0,0.0,0.0,0.0,0.0,1.3303769401330376,0.0
07419,07,419,1037,551,486,0,389,5,382,7,72,108,55,65,42,14,16,0,6,0,0,0,0,0,4,0,0,0,0,0,0,0,37.51205400192864,1.7994858611825193,98.20051413881748,18.848167539267017,28.272251308900525,14.397905759162304,17.015706806282722,10.99476439790576,3.664921465968586,4.18848167539267,0.0,1.5706806282722512,0.0,0.0,0.0,0.0,0.0,1.0471204188481675,0.0,0.0,0.0,0.0,0.0,0.0,0.0
07420,07,420,1095,753,342,0,561,6,557,4,106,141,83,115,69,11,15,0,7,0,0,0,2,0,2,0,0,0,0,0,6,0,51.23287671232877,0.7130124777183601,99.28698752228165,19.03052064631957,25.314183123877914,14.90125673249551,20.646319569120287,12.387791741472173,1.9748653500897666,2.6929982046678633,0.0,1.2567324955116697,0.0,0.0,0.0,0.3590664272890485,0.0,0.3590664272890485,0.0,0.0,0.0,0.0,0.0,1.0771992818671454,0.0
07421,07,421,1230,718,512,0,577,14,569,8,107,172,77,109,63,12,19,0,4,0,0,0,1,0,2,0,0,0,0,0,3,0,46.91056910569106,1.386481802426343,98.61351819757365,18.804920913884008,30.228471001757466,13.53251318101933,19.15641476274165,11.072056239015819,2.10896309314587,3.3391915641476277,0.0,0.7029876977152899,0.0,0.0,0.0,0.17574692442882248,0.0,0.35149384885764495,0.0,0.0,0.0,0.0,0.0,0.5272407732864675,0.0
07422,07,422,1063,697,366,0,523,9,515,8,114,128,102,86,46,17,15,0,5,0,0,0,0,0,2,0,0,0,0,0,0,0,49.20037629350894,1.5296367112810707,98.47036328871893,22.135922330097088,24.854368932038835,19.80582524271845,16.699029126213592,8.932038834951456,3.300970873786408,2.912621359223301,0.0,0.9708737864077669,0.0,0.0,0.0,0.0,0.0,0.3883495145631068,0.0,0.0,0.0,0.0,0.0,0.0,0.0
07423,07,423,1167,755,412,0,505,3,499,6,109,61,97,96,96,13,15,0,1,0,0,0,2,0,3,0,0,0,0,0,6,0,43.27335047129392,1.188118811881188,98.8118811881188,21.8436873747495,12.224448897795591,19.438877755511022,19.238476953907817,19.238476953907817,2.6052104208416833,3.006012024048096,0.0,0.2004008016032064,0.0,0.0,0.0,0.4008016032064128,0.0,0.6012024048096193,0.0,0.0,0.0,0.0,0.0,1.2024048096192386,0.0
07424,07,424,1183,785,398,0,591,8,589,2,136,118,117,115,61,8,7,0,19,0,0,0,0,0,0,0,0,0,0,0,8,0,49.95773457311919,0.338409475465313,99.66159052453469,23.089983022071305,20.0339558573854,19.864176570458405,19.524617996604416,10.35653650254669,1.3582342954159592,1.1884550084889642,0.0,3.225806451612903,0.0,0.0,0.0,0.0,0.0,0.0,0.0,0.0,0.0,0.0,0.0,1.3582342954159592,0.0
07425,07,425,1147,690,457,0,436,4,433,3,93,54,94,66,82,15,15,0,9,0,0,0,0,0,2,0,0,0,0,0,3,0,38.012205754141235,0.6880733944954129,99.31192660550458,21.478060046189377,12.471131639722865,21.709006928406467,15.242494226327944,18.937644341801384,3.4642032332563506,3.4642032332563506,0.0,2.0785219399538106,0.0,0.0,0.0,0.0,0.0,0.4618937644341801,0.0,0.0,0.0,0.0,0.0,0.6928406466512702,0.0
07426,07,426,1162,747,415,0,547,5,535,12,113,138,102,92,58,10,12,0,7,0,0,0,1,0,1,0,0,0,0,0,1,0,47.07401032702238,2.1937842778793417,97.80621572212065,21.121495327102803,25.794392523364486,19.065420560747665,17.19626168224299,10.841121495327103,1.8691588785046727,2.2429906542056073,0.0,1.3084112149532712,0.0,0.0,0.0,0.1869158878504673,0.0,0.1869158878504673,0.0,0.0,0.0,0.0,0.0,0.1869158878504673,0.0
07427,07,427,1220,770,450,0,571,10,569,2,107,102,117,83,105,21,22,0,7,0,0,0,0,0,3,0,0,0,0,0,2,0,46.80327868852459,0.3502626970227671,99.64973730297724,18.804920913884008,17.926186291739896,20.56239015817223,14.586994727592268,18.45342706502636,3.690685413005272,3.8664323374340945,0.0,1.2302284710017575,0.0,0.0,0.0,0.0,0.0,0.5272407732864675,0.0,0.0,0.0,0.0,0.0,0.35149384885764495,0.0
07428,07,428,1317,799,518,0,540,9,533,7,114,86,121,80,96,8,19,0,6,0,0,0,1,0,0,0,0,0,0,0,2,0,41.00227790432802,1.2962962962962963,98.70370370370371,21.388367729831145,16.135084427767353,22.70168855534709,15.0093808630394,18.01125703564728,1.5009380863039399,3.564727954971857,0.0,1.125703564727955,0.0,0.0,0.0,0.18761726078799248,0.0,0.0,0.0,0.0,0.0,0.0,0.0,0.37523452157598497,0.0
074A,07,4A,0,0,0,0,870,870,861,9,161,380,149,100,23,14,22,0,12,0,0,0,0,0,0,0,0,0,0,0,0,0,inf,1.0344827586206897,98.9655172413793,18.69918699186992,44.134727061556326,17.305458768873404,11.614401858304298,2.671312427409988,1.6260162601626018,2.5551684088269457,0.0,1.3937282229965158,0.0,0.0,0.0,0.0,0.0,0.0,0.0,0.0,0.0,0.0,0.0,0.0,0.0
074B,07,4B,0,0,0,0,413,413,412,1,85,105,119,47,30,8,13,0,3,0,0,0,0,0,0,0,0,0,0,0,2,0,inf,0.24213075060532688,99.75786924939467,20.631067961165048,25.485436893203882,28.883495145631066,11.407766990291263,7.281553398058252,1.9417475728155338,3.1553398058252426,0.0,0.7281553398058253,0.0,0.0,0.0,0.0,0.0,0.0,0.0,0.0,0.0,0.0,0.0,0.48543689320388345,0.0
074C,07,4C,0,0,0,0,439,439,438,1,91,162,102,42,17,11,9,0,2,0,0,0,0,0,0,0,0,0,0,0,2,0,inf,0.22779043280182232,99.77220956719817,20.776255707762555,36.986301369863014,23.28767123287671,9.58904109589041,3.881278538812785,2.5114155251141552,2.054794520547945,0.0,0.45662100456621,0.0,0.0,0.0,0.0,0.0,0.0,0.0,0.0,0.0,0.0,0.0,0.45662100456621,0.0
074D,07,4D,0,0,0,0,825,825,818,7,199,220,205,77,62,16,25,0,8,0,0,0,1,0,1,0,0,0,0,0,4,0,inf,0.8484848484848486,99.15151515151514,24.327628361858192,26.894865525672373,25.06112469437653,9.41320293398533,7.579462102689487,1.9559902200488997,3.056234718826406,0.0,0.9779951100244498,0.0,0.0,0.0,0.12224938875305623,0.0,0.12224938875305623,0.0,0.0,0.0,0.0,0.0,0.4889975550122249,0.0
074E,07,4E,0,0,0,0,656,656,647,9,137,195,129,104,37,17,12,0,6,0,0,0,2,0,2,0,0,0,0,0,6,0,inf,1.3719512195121952,98.6280487804878,21.174652241112828,30.139103554868623,19.938176197836167,16.0741885625966,5.7187017001545595,2.627511591962906,1.8547140649149922,0.0,0.9273570324574961,0.0,0.0,0.0,0.3091190108191654,0.0,0.3091190108191654,0.0,0.0,0.0,0.0,0.0,0.9273570324574961,0.0
074F,07,4F,0,0,0,0,316,316,314,2,67,70,86,37,29,9,9,0,4,0,0,0,0,0,0,0,0,0,0,0,3,0,inf,0.6329113924050633,99.36708860759494,21.337579617834397,22.29299363057325,27.388535031847134,11.78343949044586,9.235668789808917,2.8662420382165608,2.8662420382165608,0.0,1.2738853503184715,0.0,0.0,0.0,0.0,0.0,0.0,0.0,0.0,0.0,0.0,0.0,0.9554140127388535,0.0
074G,07,4G,0,0,0,0,411,411,406,5,86,63,132,44,46,8,20,0,4,0,0,0,0,0,0,0,0,0,0,0,3,0,inf,1.2165450121654502,98.78345498783455,21.182266009852217,15.517241379310345,32.51231527093596,10.83743842364532,11.330049261083744,1.9704433497536946,4.926108374384237,0.0,0.9852216748768473,0.0,0.0,0.0,0.0,0.0,0.0,0.0,0.0,0.0,0.0,0.0,0.7389162561576355,0.0
074H,07,4H,0,0,0,0,410,410,407,3,74,136,88,52,31,7,14,0,3,0,0,0,0,0,0,0,0,0,0,0,2,0,inf,0.7317073170731708,99.26829268292683,18.181818181818183,33.415233415233416,21.62162162162162,12.776412776412776,7.616707616707617,1.71990171990172,3.43980343980344,0.0,0.7371007371007371,0.0,0.0,0.0,0.0,0.0,0.0,0.0,0.0,0.0,0.0,0.0,0.4914004914004914,0.0
074I,07,4I,0,0,0,0,535,535,532,3,116,159,130,57,28,18,12,0,7,0,0,0,0,0,0,0,0,0,0,0,5,0,inf,0.5607476635514018,99.4392523364486,21.804511278195488,29.887218045112785,24.43609022556391,10.714285714285714,5.263157894736842,3.3834586466165413,2.2556390977443606,0.0,1.3157894736842104,0.0,0.0,0.0,0.0,0.0,0.0,0.0,0.0,0.0,0.0,0.0,0.9398496240601504,0.0
074K,07,4K,0,0,0,0,450,450,445,5,90,145,89,47,38,16,14,0,5,0,0,0,1,0,0,0,0,0,0,0,0,0,inf,1.1111111111111112,98.88888888888889,20.224719101123593,32.58426966292135,20.0,10.561797752808989,8.539325842696629,3.5955056179775284,3.146067415730337,0.0,1.1235955056179776,0.0,0.0,0.0,0.22471910112359553,0.0,0.0,0.0,0.0,0.0,0.0,0.0,0.0,0.0
074L,07,4L,0,0,0,0,841,841,832,9,197,221,156,145,46,25,29,0,5,0,0,0,4,0,0,0,0,0,0,0,4,0,inf,1.070154577883472,98.92984542211653,23.677884615384613,26.5625,18.75,17.427884615384613,5.528846153846153,3.0048076923076925,3.4855769230769234,0.0,0.6009615384615385,0.0,0.0,0.0,0.4807692307692308,0.0,0.0,0.0,0.0,0.0,0.0,0.0,0.4807692307692308,0.0
074M,07,4M,0,0,0,0,801,801,795,6,154,209,202,102,71,14,27,0,8,0,0,0,1,0,3,0,0,0,0,0,4,0,inf,0.7490636704119851,99.25093632958801,19.371069182389938,26.28930817610063,25.40880503144654,12.830188679245284,8.930817610062892,1.7610062893081762,3.3962264150943398,0.0,1.0062893081761006,0.0,0.0,0.0,0.12578616352201258,0.0,0.37735849056603776,0.0,0.0,0.0,0.0,0.0,0.5031446540880503,0.0
074N,07,4N,0,0,0,0,905,905,899,6,203,258,193,124,53,17,29,0,5,0,0,0,2,0,3,0,0,0,0,0,12,0,inf,0.6629834254143646,99.33701657458563,22.58064516129032,28.698553948832036,21.46829810901001,13.793103448275861,5.89543937708565,1.8909899888765296,3.225806451612903,0.0,0.5561735261401557,0.0,0.0,0.0,0.22246941045606228,0.0,0.33370411568409347,0.0,0.0,0.0,0.0,0.0,1.3348164627363739,0.0
074P,07,4P,0,0,0,0,326,326,324,2,71,107,50,51,23,7,8,0,1,0,0,0,0,0,2,0,0,0,0,0,4,0,inf,0.6134969325153374,99.38650306748467,21.91358024691358,33.0246913580247,15.432098765432098,15.74074074074074,7.098765432098765,2.1604938271604937,2.4691358024691357,0.0,0.30864197530864196,0.0,0.0,0.0,0.0,0.0,0.6172839506172839,0.0,0.0,0.0,0.0,0.0,1.2345679012345678,0.0
074R,07,4R,0,0,0,0,486,486,477,9,101,159,92,74,22,5,19,0,1,0,0,0,0,0,1,0,0,0,0,0,3,0,inf,1.8518518518518516,98.14814814814815,21.17400419287212,33.33333333333333,19.28721174004193,15.513626834381553,4.612159329140461,1.0482180293501049,3.9832285115303985,0.0,0.20964360587002098,0.0,0.0,0.0,0.0,0.0,0.20964360587002098,0.0,0.0,0.0,0.0,0.0,0.628930817610063,0.0
074S,07,4S,0,0,0,0,341,341,340,1,72,120,54,51,17,13,5,0,2,0,0,0,3,0,1,0,0,0,0,0,2,0,inf,0.2932551319648094,99.70674486803519,21.176470588235293,35.294117647058826,15.88235294117647,15.0,5.0,3.823529411764706,1.4705882352941175,0.0,0.5882352941176471,0.0,0.0,0.0,0.8823529411764706,0.0,0.29411764705882354,0.0,0.0,0.0,0.0,0.0,0.5882352941176471,0.0
074T,07,4T,0,0,0,0,380,380,376,4,86,71,91,47,42,10,21,0,3,0,0,0,0,0,4,0,0,0,0,0,1,0,inf,1.0526315789473684,98.94736842105263,22.872340425531913,18.882978723404257,24.20212765957447,12.5,11.170212765957446,2.6595744680851063,5.585106382978723,0.0,0.7978723404255319,0.0,0.0,0.0,0.0,0.0,1.0638297872340425,0.0,0.0,0.0,0.0,0.0,0.26595744680851063,0.0
074U,07,4U,0,0,0,0,370,370,367,3,67,116,93,37,25,7,14,0,5,0,0,0,0,0,0,0,0,0,0,0,3,0,inf,0.8108108108108109,99.1891891891892,18.256130790190735,31.607629427792915,25.340599455040874,10.08174386920981,6.811989100817439,1.9073569482288828,3.8147138964577656,0.0,1.3623978201634876,0.0,0.0,0.0,0.0,0.0,0.0,0.0,0.0,0.0,0.0,0.0,0.8174386920980926,0.0
074V,07,4V,0,0,0,0,429,429,421,8,86,73,144,42,24,15,27,0,9,0,0,0,0,0,0,0,0,0,0,0,1,0,inf,1.8648018648018647,98.13519813519814,20.42755344418052,17.339667458432302,34.204275534441805,9.97624703087886,5.7007125890736345,3.5629453681710213,6.413301662707839,0.0,2.137767220902613,0.0,0.0,0.0,0.0,0.0,0.0,0.0,0.0,0.0,0.0,0.0,0.23752969121140144,0.0
074W,07,4W,0,0,0,0,399,399,396,3,85,127,69,47,26,12,12,0,12,0,0,0,0,0,1,0,0,0,0,0,5,0,inf,0.7518796992481203,99.24812030075188,21.464646464646464,32.07070707070707,17.424242424242426,11.868686868686869,6.565656565656567,3.0303030303030303,3.0303030303030303,0.0,3.0303030303030303,0.0,0.0,0.0,0.0,0.0,0.25252525252525254,0.0,0.0,0.0,0.0,0.0,1.2626262626262625,0.0
074X,07,4X,0,0,0,0,428,428,423,5,95,89,120,44,39,5,20,0,1,0,0,0,2,0,2,0,0,0,0,0,6,0,inf,1.1682242990654206,98.83177570093457,22.458628841607563,21.04018912529551,28.368794326241137,10.401891252955082,9.219858156028367,1.1820330969267139,4.7281323877068555,0.0,0.2364066193853428,0.0,0.0,0.0,0.4728132387706856,0.0,0.4728132387706856,0.0,0.0,0.0,0.0,0.0,1.4184397163120568,0.0
074Y,07,4Y,0,0,0,0,474,474,471,3,117,82,126,61,49,6,20,0,5,0,0,0,1,0,0,0,0,0,0,0,4,0,inf,0.6329113924050633,99.36708860759494,24.840764331210192,17.40976645435244,26.751592356687897,12.951167728237792,10.40339702760085,1.2738853503184715,4.246284501061571,0.0,1.0615711252653928,0.0,0.0,0.0,0.21231422505307856,0.0,0.0,0.0,0.0,0.0,0.0,0.0,0.8492569002123143,0.0
07501,07,501,1069,701,368,0,409,3,404,5,85,59,85,63,84,10,7,0,7,0,0,0,0,0,4,0,0,0,0,0,0,0,38.2600561272217,1.2224938875305624,98.77750611246944,21.03960396039604,14.603960396039604,21.03960396039604,15.594059405940595,20.792079207920793,2.4752475247524752,1.7326732673267329,0.0,1.7326732673267329,0.0,0.0,0.0,0.0,0.0,0.9900990099009901,0.0,0.0,0.0,0.0,0.0,0.0,0.0
07502,07,502,1113,703,410,0,490,5,483,7,90,67,121,79,89,12,17,0,4,0,0,0,1,0,1,0,0,0,0,0,2,0,44.0251572327044,1.4285714285714286,98.57142857142858,18.633540372670808,13.871635610766045,25.051759834368532,16.35610766045549,18.426501035196686,2.484472049689441,3.5196687370600417,0.0,0.8281573498964804,0.0,0.0,0.0,0.2070393374741201,0.0,0.2070393374741201,0.0,0.0,0.0,0.0,0.0,0.4140786749482402,0.0
07503,07,503,1240,794,446,0,575,8,565,10,118,95,136,79,92,20,13,0,9,0,0,0,1,0,2,0,0,0,0,0,0,0,46.37096774193548,1.7391304347826086,98.26086956521739,20.884955752212388,16.8141592920354,24.07079646017699,13.982300884955754,16.283185840707965,3.5398230088495577,2.3008849557522124,0.0,1.592920353982301,0.0,0.0,0.0,0.17699115044247787,0.0,0.35398230088495575,0.0,0.0,0.0,0.0,0.0,0.0,0.0
07504,07,504,1110,800,310,0,488,2,479,9,106,51,94,111,80,17,8,0,11,0,0,0,1,0,0,0,0,0,0,0,0,0,43.96396396396396,1.8442622950819672,98.15573770491804,22.129436325678498,10.647181628392484,19.624217118997915,23.173277661795407,16.701461377870565,3.549060542797495,1.6701461377870561,0.0,2.2964509394572024,0.0,0.0,0.0,0.20876826722338201,0.0,0.0,0.0,0.0,0.0,0.0,0.0,0.0,0.0
07505,07,505,1031,590,441,0,409,4,405,4,85,82,103,43,67,10,7,0,3,0,0,0,1,0,3,0,0,0,0,0,1,0,39.67022308438409,0.9779951100244498,99.02200488997555,20.98765432098765,20.246913580246915,25.432098765432098,10.617283950617285,16.543209876543212,2.4691358024691357,1.728395061728395,0.0,0.7407407407407408,0.0,0.0,0.0,0.24691358024691357,0.0,0.7407407407407408,0.0,0.0,0.0,0.0,0.0,0.24691358024691357,0.0
07506,07,506,1037,729,308,0,513,8,499,14,112,46,130,78,85,15,16,0,9,0,0,0,1,0,5,0,0,0,0,0,2,0,49.46962391513983,2.729044834307992,97.270955165692,22.44488977955912,9.218436873747494,26.052104208416832,15.631262525050099,17.034068136272545,3.006012024048096,3.2064128256513023,0.0,1.8036072144288577,0.0,0.0,0.0,0.2004008016032064,0.0,1.002004008016032,0.0,0.0,0.0,0.0,0.0,0.4008016032064128,0.0
07507,07,507,940,689,251,0,434,6,423,11,66,60,79,88,92,10,15,0,6,0,0,0,2,0,3,0,0,0,0,0,2,0,46.170212765957444,2.5345622119815667,97.46543778801843,15.602836879432624,14.184397163120568,18.67612293144208,20.803782505910164,21.749408983451538,2.3640661938534278,3.546099290780142,0.0,1.4184397163120568,0.0,0.0,0.0,0.4728132387706856,0.0,0.7092198581560284,0.0,0.0,0.0,0.0,0.0,0.4728132387706856,0.0
07508,07,508,908,655,253,0,408,5,400,8,77,87,52,87,60,10,12,0,8,0,0,0,0,0,2,0,0,0,0,0,5,0,44.93392070484582,1.9607843137254901,98.0392156862745,19.25,21.75,13.0,21.75,15.0,2.5,3.0,0.0,2.0,0.0,0.0,0.0,0.0,0.0,0.5,0.0,0.0,0.0,0.0,0.0,1.25,0.0
07509,07,509,1166,745,421,0,539,8,534,5,93,52,142,71,127,15,19,0,10,0,0,0,0,0,4,0,0,0,0,0,1,0,46.22641509433962,0.927643784786642,99.07235621521335,17.415730337078653,9.737827715355806,26.591760299625467,13.295880149812733,23.782771535580522,2.8089887640449436,3.5580524344569286,0.0,1.8726591760299627,0.0,0.0,0.0,0.0,0.0,0.7490636704119851,0.0,0.0,0.0,0.0,0.0,0.18726591760299627,0.0
07510,07,510,1191,744,447,0,535,4,522,13,111,52,157,53,107,14,21,0,5,0,0,0,0,0,1,0,0,0,0,0,1,0,44.92023509655751,2.4299065420560746,97.57009345794393,21.26436781609195,9.961685823754788,30.07662835249042,10.153256704980842,20.49808429118774,2.681992337164751,4.022988505747127,0.0,0.9578544061302682,0.0,0.0,0.0,0.0,0.0,0.19157088122605362,0.0,0.0,0.0,0.0,0.0,0.19157088122605362,0.0
07511,07,511,1206,710,496,0,480,5,472,8,67,66,133,63,103,15,13,0,4,0,0,0,2,0,1,0,0,0,0,0,5,0,39.800995024875625,1.6666666666666667,98.33333333333333,14.194915254237289,13.983050847457626,28.177966101694917,13.347457627118645,21.822033898305087,3.1779661016949152,2.754237288135593,0.0,0.847457627118644,0.0,0.0,0.0,0.423728813559322,0.0,0.211864406779661,0.0,0.0,0.0,0.0,0.0,1.059322033898305,0.0
07512,07,512,1187,770,417,0,518,10,512,6,109,61,93,67,137,16,21,0,1,0,0,0,1,0,3,0,0,0,0,0,3,0,43.639427127211455,1.1583011583011582,98.84169884169884,21.2890625,11.9140625,18.1640625,13.0859375,26.7578125,3.125,4.1015625,0.0,0.1953125,0.0,0.0,0.0,0.1953125,0.0,0.5859375,0.0,0.0,0.0,0.0,0.0,0.5859375,0.0
07513,07,513,1074,722,352,0,523,13,513,10,104,82,115,85,87,9,15,0,5,0,0,0,2,0,4,0,0,0,0,0,5,0,48.696461824953445,1.9120458891013385,98.08795411089865,20.2729044834308,15.984405458089668,22.417153996101362,16.569200779727094,16.95906432748538,1.7543859649122806,2.923976608187134,0.0,0.9746588693957114,0.0,0.0,0.0,0.3898635477582846,0.0,0.7797270955165692,0.0,0.0,0.0,0.0,0.0,0.9746588693957114,0.0
07514,07,514,942,620,322,0,382,6,372,10,65,75,79,56,67,5,13,0,6,0,0,0,2,0,2,0,0,0,0,0,2,0,40.552016985138,2.6178010471204187,97.38219895287958,17.473118279569892,20.161290322580644,21.236559139784948,15.053763440860216,18.010752688172044,1.3440860215053763,3.494623655913978,0.0,1.6129032258064515,0.0,0.0,0.0,0.5376344086021506,0.0,0.5376344086021506,0.0,0.0,0.0,0.0,0.0,0.5376344086021506,0.0
07515,07,515,1125,717,408,0,515,5,503,12,100,66,129,56,115,7,21,0,5,0,0,0,1,0,2,0,0,0,0,0,1,0,45.77777777777778,2.3300970873786406,97.66990291262137,19.880715705765407,13.12127236580517,25.646123260437374,11.133200795228628,22.86282306163022,1.3916500994035785,4.174950298210735,0.0,0.9940357852882704,0.0,0.0,0.0,0.19880715705765406,0.0,0.3976143141153081,0.0,0.0,0.0,0.0,0.0,0.19880715705765406,0.0
07516,07,516,1152,722,430,0,522,9,516,6,95,78,113,75,106,11,23,0,7,0,0,0,1,0,1,0,0,0,0,0,6,0,45.3125,1.1494252873563218,98.85057471264368,18.410852713178294,15.11627906976744,21.899224806201552,14.534883720930234,20.54263565891473,2.131782945736434,4.457364341085271,0.0,1.3565891472868217,0.0,0.0,0.0,0.1937984496124031,0.0,0.1937984496124031,0.0,0.0,0.0,0.0,0.0,1.1627906976744187,0.0
07517,07,517,1273,884,389,0,626,6,617,9,151,51,129,101,113,30,20,0,19,0,0,0,0,0,1,0,0,0,0,0,2,0,49.17517674783975,1.4376996805111821,98.56230031948881,24.473257698541328,8.26580226904376,20.907617504051863,16.369529983792543,18.31442463533225,4.862236628849271,3.2414910858995136,0.0,3.079416531604538,0.0,0.0,0.0,0.0,0.0,0.1620745542949757,0.0,0.0,0.0,0.0,0.0,0.3241491085899514,0.0
07518,07,518,1227,797,430,0,525,12,519,6,113,82,117,75,89,16,14,0,8,0,0,0,1,0,0,0,0,0,0,0,4,0,42.78728606356968,1.1428571428571428,98.85714285714286,21.772639691714836,15.79961464354528,22.54335260115607,14.450867052023122,17.148362235067438,3.0828516377649327,2.697495183044316,0.0,1.5414258188824663,0.0,0.0,0.0,0.1926782273603083,0.0,0.0,0.0,0.0,0.0,0.0,0.0,0.7707129094412332,0.0
07519,07,519,1149,731,418,0,471,8,462,9,102,61,124,47,93,8,14,0,7,0,0,0,0,0,2,0,0,0,0,0,4,0,40.992167101827675,1.910828025477707,98.08917197452229,22.07792207792208,13.203463203463203,26.83982683982684,10.173160173160174,20.12987012987013,1.7316017316017316,3.0303030303030303,0.0,1.5151515151515151,0.0,0.0,0.0,0.0,0.0,0.4329004329004329,0.0,0.0,0.0,0.0,0.0,0.8658008658008658,0.0
07520,07,520,1036,709,327,0,463,5,456,7,87,68,120,84,70,12,8,0,4,0,0,0,0,0,2,0,0,0,0,0,1,0,44.69111969111969,1.511879049676026,98.48812095032397,19.078947368421055,14.912280701754385,26.31578947368421,18.421052631578945,15.350877192982457,2.631578947368421,1.7543859649122806,0.0,0.8771929824561403,0.0,0.0,0.0,0.0,0.0,0.43859649122807015,0.0,0.0,0.0,0.0,0.0,0.21929824561403508,0.0
07521,07,521,1112,757,355,0,564,10,559,5,101,75,168,78,99,16,15,0,2,0,0,0,1,0,1,0,0,0,0,0,3,0,50.719424460431654,0.8865248226950355,99.11347517730496,18.067978533094813,13.416815742397137,30.05366726296959,13.953488372093023,17.71019677996422,2.862254025044723,2.6833631484794274,0.0,0.35778175313059035,0.0,0.0,0.0,0.17889087656529518,0.0,0.17889087656529518,0.0,0.0,0.0,0.0,0.0,0.5366726296958855,0.0
07522,07,522,1138,749,389,0,489,7,483,6,100,51,129,63,92,10,16,0,16,0,0,0,0,0,4,0,0,0,0,0,2,0,42.9701230228471,1.2269938650306749,98.77300613496932,20.70393374741201,10.559006211180124,26.70807453416149,13.043478260869565,19.047619047619047,2.070393374741201,3.3126293995859215,0.0,3.3126293995859215,0.0,0.0,0.0,0.0,0.0,0.8281573498964804,0.0,0.0,0.0,0.0,0.0,0.4140786749482402,0.0
07523,07,523,1445,897,548,0,674,9,671,3,136,107,185,83,111,24,17,0,7,0,0,0,0,0,1,0,0,0,0,0,0,0,46.64359861591695,0.44510385756676557,99.55489614243324,20.268256333830102,15.946348733233979,27.57078986587183,12.369597615499254,16.542473919523097,3.5767511177347244,2.533532041728763,0.0,1.0432190760059614,0.0,0.0,0.0,0.0,0.0,0.14903129657228018,0.0,0.0,0.0,0.0,0.0,0.0,0.0
07524,07,524,1092,670,422,0,513,4,508,5,97,72,163,37,96,21,13,0,7,0,0,0,1,0,0,0,0,0,0,0,1,0,46.97802197802198,0.9746588693957114,99.02534113060429,19.094488188976378,14.173228346456693,32.08661417322835,7.283464566929133,18.89763779527559,4.133858267716536,2.559055118110236,0.0,1.3779527559055118,0.0,0.0,0.0,0.19685039370078738,0.0,0.0,0.0,0.0,0.0,0.0,0.0,0.19685039370078738,0.0
07525,07,525,1128,619,509,0,467,5,466,1,77,69,161,35,90,14,12,0,6,0,0,0,0,0,0,0,0,0,0,0,2,0,41.40070921985816,0.21413276231263384,99.78586723768737,16.523605150214593,14.806866952789699,34.54935622317596,7.510729613733906,19.313304721030043,3.004291845493562,2.575107296137339,0.0,1.2875536480686696,0.0,0.0,0.0,0.0,0.0,0.0,0.0,0.0,0.0,0.0,0.0,0.4291845493562232,0.0
07526,07,526,1186,940,246,0,746,5,733,13,190,59,315,46,72,26,14,0,7,0,0,0,0,0,2,0,0,0,0,0,2,0,62.900505902192236,1.742627345844504,98.25737265415549,25.92087312414734,8.049113233287859,42.97407912687585,6.2755798090040935,9.822646657571624,3.547066848567531,1.9099590723055935,0.0,0.9549795361527967,0.0,0.0,0.0,0.0,0.0,0.2728512960436562,0.0,0.0,0.0,0.0,0.0,0.2728512960436562,0.0
07527,07,527,1132,836,296,0,534,3,522,12,99,57,117,71,127,20,15,0,9,0,0,0,2,0,3,0,0,0,0,0,2,0,47.17314487632509,2.247191011235955,97.75280898876404,18.96551724137931,10.919540229885058,22.413793103448278,13.601532567049809,24.32950191570881,3.8314176245210727,2.8735632183908044,0.0,1.7241379310344827,0.0,0.0,0.0,0.38314176245210724,0.0,0.5747126436781609,0.0,0.0,0.0,0.0,0.0,0.38314176245210724,0.0
07528,07,528,1218,833,385,0,638,0,632,6,133,79,203,60,117,16,12,0,4,0,0,0,1,0,3,0,0,0,0,0,4,0,52.38095238095239,0.9404388714733543,99.05956112852664,21.044303797468356,12.5,32.120253164556964,9.49367088607595,18.5126582278481,2.5316455696202533,1.89873417721519,0.0,0.6329113924050633,0.0,0.0,0.0,0.15822784810126583,0.0,0.4746835443037975,0.0,0.0,0.0,0.0,0.0,0.6329113924050633,0.0
07529,07,529,1003,769,234,0,531,8,523,8,99,67,109,79,122,17,18,0,5,0,0,0,1,0,4,0,0,0,0,0,2,0,52.94117647058824,1.5065913370998116,98.49340866290018,18.929254302103253,12.810707456978967,20.84130019120459,15.105162523900573,23.32695984703633,3.2504780114722758,3.4416826003824093,0.0,0.9560229445506693,0.0,0.0,0.0,0.19120458891013384,0.0,0.7648183556405354,0.0,0.0,0.0,0.0,0.0,0.3824091778202677,0.0
075A,07,5A,0,0,0,0,548,548,536,12,113,100,160,51,65,16,24,0,4,0,0,0,1,0,1,0,0,0,0,0,1,0,inf,2.18978102189781,97.8102189781022,21.082089552238806,18.65671641791045,29.850746268656714,9.514925373134329,12.126865671641792,2.9850746268656714,4.477611940298507,0.0,0.7462686567164178,0.0,0.0,0.0,0.18656716417910446,0.0,0.18656716417910446,0.0,0.0,0.0,0.0,0.0,0.18656716417910446,0.0
075B,07,5B,0,0,0,0,794,794,786,8,175,149,229,80,78,18,33,0,11,0,0,0,2,0,4,0,0,0,0,0,7,0,inf,1.0075566750629723,98.99244332493703,22.264631043256998,18.956743002544528,29.134860050890588,10.178117048346055,9.923664122137405,2.2900763358778624,4.198473282442748,0.0,1.3994910941475827,0.0,0.0,0.0,0.2544529262086514,0.0,0.5089058524173028,0.0,0.0,0.0,0.0,0.0,0.8905852417302799,0.0
075C,07,5C,0,0,0,0,688,688,682,6,138,149,212,67,54,15,22,0,22,0,0,0,0,0,0,0,0,0,0,0,3,0,inf,0.872093023255814,99.12790697674419,20.234604105571847,21.8475073313783,31.085043988269796,9.824046920821115,7.9178885630498534,2.1994134897360706,3.225806451612903,0.0,3.225806451612903,0.0,0.0,0.0,0.0,0.0,0.0,0.0,0.0,0.0,0.0,0.0,0.43988269794721413,0.0
075D,07,5D,0,0,0,0,659,659,652,7,114,94,248,64,82,24,12,0,11,0,0,0,1,0,0,0,0,0,0,0,2,0,inf,1.062215477996965,98.93778452200304,17.484662576687114,14.417177914110429,38.036809815950924,9.815950920245399,12.576687116564417,3.6809815950920246,1.8404907975460123,0.0,1.687116564417178,0.0,0.0,0.0,0.15337423312883436,0.0,0.0,0.0,0.0,0.0,0.0,0.0,0.3067484662576687,0.0
075E,07,5E,0,0,0,0,463,463,460,3,75,132,71,106,40,3,16,0,13,0,0,0,0,0,3,0,0,0,0,0,1,0,inf,0.6479481641468683,99.35205183585313,16.304347826086957,28.695652173913043,15.434782608695652,23.043478260869566,8.695652173913043,0.6521739130434783,3.4782608695652173,0.0,2.8260869565217392,0.0,0.0,0.0,0.0,0.0,0.6521739130434783,0.0,0.0,0.0,0.0,0.0,0.21739130434782608,0.0
075F,07,5F,0,0,0,0,736,736,729,7,156,91,271,62,85,22,28,0,4,0,0,0,4,0,4,0,0,0,0,0,2,0,inf,0.9510869565217392,99.04891304347827,21.39917695473251,12.482853223593965,37.174211248285324,8.50480109739369,11.659807956104252,3.017832647462277,3.840877914951989,0.0,0.5486968449931412,0.0,0.0,0.0,0.5486968449931412,0.0,0.5486968449931412,0.0,0.0,0.0,0.0,0.0,0.2743484224965706,0.0
075G,07,5G,0,0,0,0,455,455,452,3,106,79,141,42,35,11,24,0,10,0,0,0,1,0,0,0,0,0,0,0,3,0,inf,0.6593406593406593,99.34065934065934,23.451327433628318,17.47787610619469,31.194690265486724,9.29203539823009,7.7433628318584065,2.433628318584071,5.3097345132743365,0.0,2.2123893805309733,0.0,0.0,0.0,0.22123893805309736,0.0,0.0,0.0,0.0,0.0,0.0,0.0,0.6637168141592921,0.0
075H,07,5H,0,0,0,0,394,394,390,4,90,71,109,40,43,11,16,0,6,0,0,0,0,0,0,0,0,0,0,0,4,0,inf,1.015228426395939,98.98477157360406,23.076923076923077,18.205128205128204,27.94871794871795,10.256410256410255,11.025641025641026,2.8205128205128207,4.102564102564102,0.0,1.5384615384615385,0.0,0.0,0.0,0.0,0.0,0.0,0.0,0.0,0.0,0.0,0.0,1.0256410256410255,0.0
075I,07,5I,0,0,0,0,619,619,617,2,127,133,176,83,52,16,14,0,11,0,0,0,1,0,2,0,0,0,0,0,2,0,inf,0.32310177705977383,99.67689822294022,20.583468395461914,21.555915721231766,28.52512155591572,13.452188006482983,8.427876823338735,2.593192868719611,2.2690437601296596,0.0,1.7828200972447326,0.0,0.0,0.0,0.1620745542949757,0.0,0.3241491085899514,0.0,0.0,0.0,0.0,0.0,0.3241491085899514,0.0
075K,07,5K,0,0,0,0,777,777,772,5,155,147,240,77,78,25,37,0,8,0,0,0,2,0,1,0,0,0,0,0,2,0,inf,0.6435006435006435,99.35649935649936,20.077720207253886,19.041450777202073,31.088082901554404,9.974093264248705,10.103626943005182,3.2383419689119166,4.792746113989637,0.0,1.0362694300518136,0.0,0.0,0.0,0.2590673575129534,0.0,0.1295336787564767,0.0,0.0,0.0,0.0,0.0,0.2590673575129534,0.0
075L,07,5L,0,0,0,0,358,358,355,3,75,47,113,36,46,15,10,0,9,0,0,0,1,0,1,0,0,0,0,0,2,0,inf,0.8379888268156425,99.16201117318437,21.12676056338028,13.239436619718308,31.83098591549296,10.140845070422536,12.957746478873238,4.225352112676056,2.8169014084507045,0.0,2.535211267605634,0.0,0.0,0.0,0.28169014084507044,0.0,0.28169014084507044,0.0,0.0,0.0,0.0,0.0,0.5633802816901409,0.0
075M,07,5M,0,0,0,0,393,393,392,1,83,75,120,54,30,9,19,0,1,0,0,0,0,0,0,0,0,0,0,0,1,0,inf,0.2544529262086514,99.74554707379136,21.1734693877551,19.132653061224488,30.612244897959183,13.77551020408163,7.653061224489796,2.295918367346939,4.846938775510204,0.0,0.25510204081632654,0.0,0.0,0.0,0.0,0.0,0.0,0.0,0.0,0.0,0.0,0.0,0.25510204081632654,0.0
075N,07,5N,0,0,0,0,389,389,385,4,66,68,135,42,41,10,12,0,4,0,0,0,2,0,3,0,0,0,0,0,2,0,inf,1.0282776349614395,98.97172236503856,17.142857142857142,17.662337662337663,35.064935064935064,10.909090909090908,10.649350649350648,2.5974025974025974,3.116883116883117,0.0,1.0389610389610389,0.0,0.0,0.0,0.5194805194805194,0.0,0.7792207792207793,0.0,0.0,0.0,0.0,0.0,0.5194805194805194,0.0
075P,07,5P,0,0,0,0,783,783,780,3,162,135,301,57,58,25,17,0,18,0,0,0,2,0,3,0,0,0,0,0,2,0,inf,0.38314176245210724,99.61685823754789,20.76923076923077,17.307692307692307,38.58974358974359,7.307692307692308,7.435897435897436,3.205128205128205,2.1794871794871793,0.0,2.307692307692308,0.0,0.0,0.0,0.2564102564102564,0.0,0.38461538461538464,0.0,0.0,0.0,0.0,0.0,0.2564102564102564,0.0
075R,07,5R,0,0,0,0,343,343,340,3,76,47,140,26,20,10,13,0,7,0,0,0,1,0,0,0,0,0,0,0,0,0,inf,0.8746355685131195,99.12536443148689,22.35294117647059,13.823529411764707,41.17647058823529,7.647058823529412,5.88235294117647,2.941176470588235,3.823529411764706,0.0,2.0588235294117645,0.0,0.0,0.0,0.29411764705882354,0.0,0.0,0.0,0.0,0.0,0.0,0.0,0.0,0.0
075S,07,5S,0,0,0,0,515,515,514,1,102,72,213,29,47,20,18,0,12,0,0,0,0,0,0,0,0,0,0,0,1,0,inf,0.1941747572815534,99.80582524271846,19.844357976653697,14.007782101167315,41.43968871595331,5.642023346303502,9.14396887159533,3.8910505836575875,3.501945525291829,0.0,2.3346303501945527,0.0,0.0,0.0,0.0,0.0,0.0,0.0,0.0,0.0,0.0,0.0,0.19455252918287938,0.0
075T,07,5T,0,0,0,0,621,621,617,4,131,85,250,30,65,15,24,0,10,0,0,0,1,0,2,0,0,0,0,0,4,0,inf,0.644122383252818,99.35587761674718,21.231766612641813,13.776337115072934,40.51863857374392,4.862236628849271,10.53484602917342,2.4311183144246353,3.889789303079417,0.0,1.6207455429497568,0.0,0.0,0.0,0.1620745542949757,0.0,0.3241491085899514,0.0,0.0,0.0,0.0,0.0,0.6482982171799028,0.0
075U,07,5U,0,0,0,0,630,630,626,4,136,105,208,52,62,23,24,0,9,0,0,0,0,0,3,0,0,0,0,0,4,0,inf,0.6349206349206349,99.36507936507937,21.72523961661342,16.773162939297126,33.22683706070288,8.30670926517572,9.904153354632587,3.6741214057507987,3.8338658146964857,0.0,1.4376996805111821,0.0,0.0,0.0,0.0,0.0,0.4792332268370607,0.0,0.0,0.0,0.0,0.0,0.6389776357827476,0.0
07601,07,601,1107,846,261,0,666,9,653,13,146,39,267,56,102,25,10,0,6,0,0,0,2,0,0,0,0,0,0,0,0,0,60.16260162601627,1.951951951951952,98.04804804804806,22.358346094946402,5.972434915773354,40.888208269525265,8.575803981623277,15.620214395099541,3.828483920367534,1.5313935681470139,0.0,0.9188361408882083,0.0,0.0,0.0,0.3062787136294028,0.0,0.0,0.0,0.0,0.0,0.0,0.0,0.0,0.0
07602,07,602,1092,745,347,0,558,5,546,12,90,91,178,50,93,17,12,0,9,0,0,0,2,0,0,0,0,0,0,0,4,0,51.098901098901095,2.1505376344086025,97.84946236559139,16.483516483516482,16.666666666666664,32.6007326007326,9.157509157509157,17.032967032967033,3.1135531135531136,2.197802197802198,0.0,1.6483516483516485,0.0,0.0,0.0,0.3663003663003663,0.0,0.0,0.0,0.0,0.0,0.0,0.0,0.7326007326007326,0.0
07603,07,603,1272,916,356,0,654,6,647,7,123,46,191,68,165,22,24,0,3,0,0,0,0,0,2,0,0,0,0,0,3,0,51.41509433962265,1.0703363914373087,98.92966360856269,19.01081916537867,7.109737248840804,29.520865533230296,10.510046367851624,25.50231839258114,3.400309119010819,3.7094281298299845,0.0,0.46367851622874806,0.0,0.0,0.0,0.0,0.0,0.3091190108191654,0.0,0.0,0.0,0.0,0.0,0.46367851622874806,0.0
07604,07,604,970,769,201,0,498,2,493,5,95,30,121,67,139,21,14,0,1,0,0,0,1,0,2,0,0,0,0,0,2,0,51.340206185567006,1.0040160642570282,98.99598393574297,19.26977687626775,6.085192697768763,24.543610547667345,13.590263691683571,28.1947261663286,4.259634888438134,2.839756592292089,0.0,0.2028397565922921,0.0,0.0,0.0,0.2028397565922921,0.0,0.4056795131845842,0.0,0.0,0.0,0.0,0.0,0.4056795131845842,0.0
07605,07,605,1184,833,351,0,554,5,544,10,94,48,179,67,118,13,13,0,7,0,0,0,1,0,3,0,0,0,0,0,1,0,46.79054054054054,1.8050541516245486,98.19494584837545,17.27941176470588,8.823529411764707,32.904411764705884,12.316176470588236,21.691176470588236,2.389705882352941,2.389705882352941,0.0,1.2867647058823528,0.0,0.0,0.0,0.1838235294117647,0.0,0.5514705882352942,0.0,0.0,0.0,0.0,0.0,0.1838235294117647,0.0
07606,07,606,1207,748,459,0,520,7,513,7,113,36,147,65,123,9,10,0,1,0,0,0,2,0,4,0,0,0,0,0,3,0,43.082021541010775,1.3461538461538463,98.65384615384616,22.027290448343077,7.017543859649122,28.654970760233915,12.670565302144249,23.976608187134502,1.7543859649122806,1.949317738791423,0.0,0.1949317738791423,0.0,0.0,0.0,0.3898635477582846,0.0,0.7797270955165692,0.0,0.0,0.0,0.0,0.0,0.5847953216374269,0.0
07607,07,607,1078,688,390,0,470,4,464,6,71,25,126,50,137,17,27,0,6,0,0,0,2,0,2,0,0,0,0,0,1,0,43.59925788497217,1.276595744680851,98.72340425531915,15.301724137931034,5.387931034482758,27.155172413793103,10.775862068965516,29.52586206896552,3.6637931034482754,5.818965517241379,0.0,1.293103448275862,0.0,0.0,0.0,0.43103448275862066,0.0,0.43103448275862066,0.0,0.0,0.0,0.0,0.0,0.21551724137931033,0.0
07608,07,608,1155,824,331,0,511,1,501,10,98,20,131,58,152,14,14,0,8,0,0,0,0,0,4,0,0,0,0,0,2,0,44.24242424242424,1.9569471624266144,98.04305283757338,19.560878243512974,3.992015968063872,26.147704590818364,11.57684630738523,30.33932135728543,2.7944111776447107,2.7944111776447107,0.0,1.5968063872255487,0.0,0.0,0.0,0.0,0.0,0.7984031936127743,0.0,0.0,0.0,0.0,0.0,0.39920159680638717,0.0
07609,07,609,1167,854,313,0,573,0,567,6,100,36,145,49,199,8,10,0,6,0,0,0,2,0,8,0,0,0,0,0,4,0,49.10025706940874,1.0471204188481675,98.95287958115183,17.636684303350968,6.349206349206349,25.573192239858905,8.641975308641975,35.09700176366843,1.4109347442680775,1.763668430335097,0.0,1.0582010582010581,0.0,0.0,0.0,0.3527336860670194,0.0,1.4109347442680775,0.0,0.0,0.0,0.0,0.0,0.7054673721340388,0.0
07610,07,610,1123,829,294,0,538,1,522,16,115,21,146,51,150,13,16,0,6,0,0,0,2,0,2,0,0,0,0,0,0,0,47.90739091718611,2.973977695167286,97.02602230483272,22.03065134099617,4.022988505747127,27.969348659003828,9.770114942528735,28.735632183908045,2.490421455938697,3.065134099616858,0.0,1.1494252873563218,0.0,0.0,0.0,0.38314176245210724,0.0,0.38314176245210724,0.0,0.0,0.0,0.0,0.0,0.0,0.0
07611,07,611,1059,827,232,0,494,4,482,12,95,14,116,73,143,10,19,0,9,0,0,0,1,0,0,0,0,0,0,0,2,0,46.64778092540132,2.42914979757085,97.57085020242914,19.70954356846473,2.904564315352697,24.066390041493776,15.145228215767634,29.66804979253112,2.0746887966804977,3.941908713692946,0.0,1.8672199170124482,0.0,0.0,0.0,0.2074688796680498,0.0,0.0,0.0,0.0,0.0,0.0,0.0,0.4149377593360996,0.0
07612,07,612,1181,689,492,0,534,3,531,3,92,60,178,52,104,22,14,0,4,0,0,0,0,0,3,0,0,0,0,0,2,0,45.21591871295512,0.5617977528089888,99.43820224719101,17.325800376647834,11.299435028248588,33.52165725047081,9.792843691148775,19.58568738229755,4.143126177024483,2.6365348399246704,0.0,0.7532956685499058,0.0,0.0,0.0,0.0,0.0,0.5649717514124294,0.0,0.0,0.0,0.0,0.0,0.3766478342749529,0.0
07613,07,613,1137,763,374,0,594,5,588,6,110,83,194,54,97,22,13,0,3,0,0,0,4,0,4,0,0,0,0,0,4,0,52.242744063324544,1.0101010101010102,98.98989898989899,18.70748299319728,14.1156462585034,32.99319727891156,9.183673469387756,16.49659863945578,3.741496598639456,2.2108843537414966,0.0,0.5102040816326531,0.0,0.0,0.0,0.6802721088435374,0.0,0.6802721088435374,0.0,0.0,0.0,0.0,0.0,0.6802721088435374,0.0
07614,07,614,1138,867,271,0,510,6,494,16,80,27,115,65,176,8,12,0,3,0,0,0,1,0,3,0,0,0,0,0,4,0,44.81546572934973,3.1372549019607843,96.86274509803921,16.194331983805668,5.465587044534413,23.279352226720647,13.157894736842104,35.62753036437247,1.6194331983805668,2.42914979757085,0.0,0.6072874493927125,0.0,0.0,0.0,0.20242914979757085,0.0,0.6072874493927125,0.0,0.0,0.0,0.0,0.0,0.8097165991902834,0.0
07615,07,615,1323,736,587,0,646,0,645,1,96,116,281,24,101,16,8,0,2,0,0,0,0,0,1,0,0,0,0,0,0,0,48.828420256991684,0.15479876160990713,99.84520123839009,14.883720930232558,17.984496124031008,43.565891472868216,3.7209302325581395,15.658914728682172,2.4806201550387597,1.2403100775193798,0.0,0.31007751937984496,0.0,0.0,0.0,0.0,0.0,0.15503875968992248,0.0,0.0,0.0,0.0,0.0,0.0,0.0
07616,07,616,1139,646,493,0,450,3,440,10,70,60,183,32,63,13,10,0,3,0,0,0,1,0,4,0,0,0,0,0,1,0,39.50834064969271,2.2222222222222223,97.77777777777777,15.909090909090908,13.636363636363635,41.590909090909086,7.2727272727272725,14.318181818181818,2.9545454545454546,2.272727272727273,0.0,0.6818181818181818,0.0,0.0,0.0,0.22727272727272727,0.0,0.9090909090909091,0.0,0.0,0.0,0.0,0.0,0.22727272727272727,0.0
07617,07,617,1214,706,508,0,594,7,588,6,123,78,209,38,95,23,7,0,10,0,0,0,0,0,1,0,0,0,0,0,4,0,48.92915980230643,1.0101010101010102,98.98989898989899,20.918367346938776,13.26530612244898,35.544217687074834,6.462585034013606,16.156462585034014,3.9115646258503403,1.1904761904761905,0.0,1.7006802721088436,0.0,0.0,0.0,0.0,0.0,0.17006802721088435,0.0,0.0,0.0,0.0,0.0,0.6802721088435374,0.0
07618,07,618,1081,791,290,0,541,5,533,8,102,51,143,63,143,15,11,0,2,0,0,0,2,0,0,0,0,0,0,0,1,0,50.04625346901017,1.478743068391867,98.52125693160814,19.136960600375236,9.568480300187618,26.82926829268293,11.819887429643527,26.82926829268293,2.8142589118198873,2.0637898686679175,0.0,0.37523452157598497,0.0,0.0,0.0,0.37523452157598497,0.0,0.0,0.0,0.0,0.0,0.0,0.0,0.18761726078799248,0.0
07619,07,619,1177,785,392,0,526,3,519,7,100,36,128,48,169,11,17,0,4,0,0,0,1,0,3,0,0,0,0,0,2,0,44.689889549702634,1.3307984790874523,98.66920152091255,19.26782273603083,6.9364161849710975,24.66281310211946,9.248554913294797,32.5626204238921,2.119460500963391,3.275529865125241,0.0,0.7707129094412332,0.0,0.0,0.0,0.1926782273603083,0.0,0.5780346820809248,0.0,0.0,0.0,0.0,0.0,0.3853564547206166,0.0
07620,07,620,1005,653,352,0,504,4,497,7,103,47,140,45,133,17,6,0,4,0,0,0,0,0,2,0,0,0,0,0,0,0,50.14925373134328,1.3888888888888888,98.61111111111111,20.72434607645875,9.456740442655935,28.169014084507044,9.054325955734406,26.76056338028169,3.420523138832998,1.2072434607645874,0.0,0.8048289738430584,0.0,0.0,0.0,0.0,0.0,0.4024144869215292,0.0,0.0,0.0,0.0,0.0,0.0,0.0
07621,07,621,1094,623,471,0,540,6,538,2,85,77,229,30,83,16,9,0,3,0,0,0,1,0,4,0,0,0,0,0,1,0,49.36014625228519,0.3703703703703704,99.62962962962963,15.79925650557621,14.312267657992564,42.56505576208178,5.5762081784386615,15.427509293680297,2.973977695167286,1.6728624535315983,0.0,0.5576208178438662,0.0,0.0,0.0,0.18587360594795538,0.0,0.7434944237918215,0.0,0.0,0.0,0.0,0.0,0.18587360594795538,0.0
07622,07,622,1015,671,344,0,433,2,430,3,88,32,113,55,104,10,9,0,10,0,0,0,1,0,3,0,0,0,0,0,5,0,42.66009852216749,0.6928406466512702,99.30715935334872,20.46511627906977,7.441860465116279,26.27906976744186,12.790697674418606,24.186046511627907,2.3255813953488373,2.0930232558139537,0.0,2.3255813953488373,0.0,0.0,0.0,0.23255813953488372,0.0,0.6976744186046512,0.0,0.0,0.0,0.0,0.0,1.1627906976744187,0.0
07623,07,623,1197,889,308,0,650,9,640,10,134,31,257,71,93,22,17,0,10,0,0,0,1,0,1,0,0,0,0,0,3,0,54.30242272347535,1.5384615384615385,98.46153846153847,20.9375,4.84375,40.15625,11.09375,14.531250000000002,3.4375000000000004,2.65625,0.0,1.5625,0.0,0.0,0.0,0.15625,0.0,0.15625,0.0,0.0,0.0,0.0,0.0,0.46875,0.0
07624,07,624,1067,647,420,0,485,9,483,2,127,35,150,50,87,19,7,0,3,0,0,0,0,0,3,0,0,0,0,0,2,0,45.45454545454545,0.4123711340206186,99.58762886597938,26.293995859213247,7.246376811594203,31.05590062111801,10.351966873706004,18.012422360248447,3.9337474120082816,1.4492753623188406,0.0,0.6211180124223602,0.0,0.0,0.0,0.0,0.0,0.6211180124223602,0.0,0.0,0.0,0.0,0.0,0.4140786749482402,0.0
07625,07,625,1037,617,420,0,528,9,522,6,96,69,180,27,112,19,12,0,2,0,0,0,1,0,4,0,0,0,0,0,0,0,50.91610414657667,1.1363636363636365,98.86363636363636,18.39080459770115,13.218390804597702,34.48275862068966,5.172413793103448,21.455938697318008,3.6398467432950192,2.2988505747126435,0.0,0.38314176245210724,0.0,0.0,0.0,0.19157088122605362,0.0,0.7662835249042145,0.0,0.0,0.0,0.0,0.0,0.0,0.0
07626,07,626,1123,630,493,0,495,6,488,7,83,69,166,36,102,17,5,0,5,0,0,0,1,0,1,0,0,0,0,0,3,0,44.078361531611755,1.4141414141414141,98.58585858585859,17.008196721311474,14.139344262295081,34.01639344262295,7.377049180327869,20.901639344262296,3.483606557377049,1.0245901639344261,0.0,1.0245901639344261,0.0,0.0,0.0,0.20491803278688525,0.0,0.20491803278688525,0.0,0.0,0.0,0.0,0.0,0.6147540983606558,0.0
07627,07,627,579,364,215,0,318,2,317,1,55,43,141,19,37,18,2,0,2,0,0,0,0,0,0,0,0,0,0,0,0,0,54.92227979274611,0.3144654088050315,99.68553459119497,17.350157728706623,13.564668769716087,44.479495268138805,5.993690851735016,11.67192429022082,5.678233438485805,0.6309148264984227,0.0,0.6309148264984227,0.0,0.0,0.0,0.0,0.0,0.0,0.0,0.0,0.0,0.0,0.0,0.0,0.0
07628,07,628,1086,629,457,0,537,2,532,5,82,76,225,38,85,16,4,0,2,0,0,0,0,0,3,0,0,0,0,0,1,0,49.447513812154696,0.931098696461825,99.06890130353817,15.413533834586465,14.285714285714285,42.29323308270676,7.142857142857142,15.977443609022558,3.007518796992481,0.7518796992481203,0.0,0.37593984962406013,0.0,0.0,0.0,0.0,0.0,0.5639097744360901,0.0,0.0,0.0,0.0,0.0,0.18796992481203006,0.0
076A,07,6A,0,0,0,0,633,633,631,2,151,104,259,25,57,17,10,0,6,0,0,0,2,0,0,0,0,0,0,0,0,0,inf,0.315955766192733,99.68404423380727,23.93026941362916,16.48177496038035,41.0459587955626,3.9619651347068143,9.033280507131538,2.694136291600634,1.5847860538827259,0.0,0.9508716323296356,0.0,0.0,0.0,0.31695721077654515,0.0,0.0,0.0,0.0,0.0,0.0,0.0,0.0,0.0
076B,07,6B,0,0,0,0,641,641,636,5,121,99,228,45,73,30,25,0,4,0,0,0,3,0,2,0,0,0,0,0,6,0,inf,0.7800312012480499,99.21996879875195,19.025157232704405,15.566037735849056,35.84905660377358,7.0754716981132075,11.477987421383649,4.716981132075472,3.930817610062893,0.0,0.628930817610063,0.0,0.0,0.0,0.4716981132075472,0.0,0.3144654088050315,0.0,0.0,0.0,0.0,0.0,0.9433962264150944,0.0
076C,07,6C,0,0,0,0,535,535,532,3,85,86,211,41,60,23,14,0,2,0,0,0,2,0,2,0,0,0,0,0,6,0,inf,0.5607476635514018,99.4392523364486,15.977443609022558,16.165413533834585,39.661654135338345,7.7067669172932325,11.278195488721805,4.323308270676692,2.631578947368421,0.0,0.37593984962406013,0.0,0.0,0.0,0.37593984962406013,0.0,0.37593984962406013,0.0,0.0,0.0,0.0,0.0,1.1278195488721803,0.0
076D,07,6D,0,0,0,0,327,327,325,2,67,32,127,23,41,7,14,0,9,0,0,0,2,0,0,0,0,0,0,0,3,0,inf,0.6116207951070336,99.38837920489296,20.615384615384617,9.846153846153847,39.07692307692307,7.076923076923077,12.615384615384615,2.1538461538461537,4.3076923076923075,0.0,2.769230769230769,0.0,0.0,0.0,0.6153846153846154,0.0,0.0,0.0,0.0,0.0,0.0,0.0,0.9230769230769231,0.0
076E,07,6E,0,0,0,0,425,425,422,3,101,28,179,28,47,11,18,0,6,0,0,0,2,0,1,0,0,0,0,0,1,0,inf,0.7058823529411765,99.29411764705883,23.933649289099527,6.6350710900473935,42.41706161137441,6.6350710900473935,11.137440758293838,2.6066350710900474,4.265402843601896,0.0,1.4218009478672986,0.0,0.0,0.0,0.47393364928909953,0.0,0.23696682464454977,0.0,0.0,0.0,0.0,0.0,0.23696682464454977,0.0
076F,07,6F,0,0,0,0,661,661,653,8,133,45,256,47,102,17,34,0,4,0,0,0,1,0,5,0,0,0,0,0,9,0,inf,1.2102874432677762,98.78971255673223,20.367534456355283,6.891271056661561,39.20367534456356,7.197549770290965,15.620214395099541,2.6033690658499236,5.206738131699847,0.0,0.6125574272588056,0.0,0.0,0.0,0.1531393568147014,0.0,0.7656967840735069,0.0,0.0,0.0,0.0,0.0,1.3782542113323124,0.0
076G,07,6G,0,0,0,0,578,578,568,10,137,47,221,40,80,12,20,0,7,0,0,0,1,0,1,0,0,0,0,0,2,0,inf,1.7301038062283738,98.26989619377161,24.119718309859156,8.274647887323944,38.90845070422535,7.042253521126761,14.084507042253522,2.112676056338028,3.5211267605633805,0.0,1.232394366197183,0.0,0.0,0.0,0.17605633802816903,0.0,0.17605633802816903,0.0,0.0,0.0,0.0,0.0,0.35211267605633806,0.0
076H,07,6H,0,0,0,0,463,463,460,3,117,31,130,42,91,16,24,0,3,0,0,0,1,0,4,0,0,0,0,0,1,0,inf,0.6479481641468683,99.35205183585313,25.43478260869565,6.739130434782608,28.26086956521739,9.130434782608695,19.782608695652172,3.4782608695652173,5.217391304347826,0.0,0.6521739130434783,0.0,0.0,0.0,0.21739130434782608,0.0,0.8695652173913043,0.0,0.0,0.0,0.0,0.0,0.21739130434782608,0.0
076I,07,6I,0,0,0,0,461,461,456,5,93,85,175,22,41,19,14,0,5,0,0,0,0,0,0,0,0,0,0,0,2,0,inf,1.0845986984815619,98.91540130151843,20.394736842105264,18.640350877192983,38.377192982456144,4.824561403508771,8.991228070175438,4.166666666666666,3.070175438596491,0.0,1.0964912280701753,0.0,0.0,0.0,0.0,0.0,0.0,0.0,0.0,0.0,0.0,0.0,0.43859649122807015,0.0
076K,07,6K,0,0,0,0,878,878,877,1,155,123,416,40,84,26,22,0,5,0,0,0,0,0,4,0,0,0,0,0,2,0,inf,0.11389521640091116,99.88610478359908,17.67388825541619,14.02508551881414,47.43443557582668,4.561003420752566,9.578107183580387,2.9646522234891677,2.508551881413911,0.0,0.5701254275940707,0.0,0.0,0.0,0.0,0.0,0.45610034207525657,0.0,0.0,0.0,0.0,0.0,0.22805017103762829,0.0
076L,07,6L,0,0,0,0,923,923,920,3,220,122,403,31,65,38,35,0,5,0,0,0,0,0,0,0,0,0,0,0,1,0,inf,0.3250270855904659,99.67497291440954,23.91304347826087,13.260869565217392,43.80434782608696,3.369565217391304,7.065217391304348,4.130434782608695,3.804347826086957,0.0,0.5434782608695652,0.0,0.0,0.0,0.0,0.0,0.0,0.0,0.0,0.0,0.0,0.0,0.10869565217391304,0.0
076M,07,6M,0,0,0,0,479,479,477,2,90,58,241,19,39,17,8,0,2,0,0,0,1,0,1,0,0,0,0,0,1,0,inf,0.41753653444676403,99.58246346555325,18.867924528301888,12.159329140461216,50.524109014675055,3.9832285115303985,8.176100628930817,3.563941299790356,1.6771488469601679,0.0,0.41928721174004197,0.0,0.0,0.0,0.20964360587002098,0.0,0.20964360587002098,0.0,0.0,0.0,0.0,0.0,0.20964360587002098,0.0
076N,07,6N,0,0,0,0,639,639,631,8,133,62,222,51,96,14,28,0,9,0,0,0,2,0,10,0,0,0,0,0,4,0,inf,1.2519561815336464,98.74804381846636,21.077654516640255,9.8256735340729,35.182250396196515,8.082408874801903,15.213946117274169,2.218700475435816,4.437400950871632,0.0,1.4263074484944533,0.0,0.0,0.0,0.31695721077654515,0.0,1.5847860538827259,0.0,0.0,0.0,0.0,0.0,0.6339144215530903,0.0
076P,07,6P,0,0,0,0,730,730,727,3,142,81,326,41,69,29,17,0,12,0,0,0,0,0,5,0,0,0,0,0,5,0,inf,0.410958904109589,99.58904109589041,19.53232462173315,11.141678129298487,44.84181568088033,5.639614855570839,9.491059147180192,3.988995873452544,2.3383768913342506,0.0,1.6506189821182942,0.0,0.0,0.0,0.0,0.0,0.6877579092159559,0.0,0.0,0.0,0.0,0.0,0.6877579092159559,0.0
076R,07,6R,0,0,0,0,711,711,709,2,120,88,313,42,84,15,24,0,15,0,0,0,1,0,2,0,0,0,0,0,5,0,inf,0.2812939521800281,99.71870604781998,16.92524682651622,12.411847672778562,44.14668547249647,5.923836389280677,11.847672778561353,2.1156558533145273,3.385049365303244,0.0,2.1156558533145273,0.0,0.0,0.0,0.14104372355430184,0.0,0.2820874471086037,0.0,0.0,0.0,0.0,0.0,0.7052186177715092,0.0
076S,07,6S,0,0,0,0,670,670,665,5,135,105,277,30,69,25,19,0,3,0,0,0,0,0,1,0,0,0,0,0,1,0,inf,0.7462686567164178,99.25373134328358,20.30075187969925,15.789473684210526,41.65413533834587,4.511278195488721,10.37593984962406,3.7593984962406015,2.857142857142857,0.0,0.4511278195488722,0.0,0.0,0.0,0.0,0.0,0.15037593984962408,0.0,0.0,0.0,0.0,0.0,0.15037593984962408,0.0
07701,07,701,1136,640,496,0,515,6,511,4,81,75,195,40,83,20,9,0,3,0,0,0,0,0,4,0,0,0,0,0,1,0,45.33450704225352,0.7766990291262136,99.22330097087378,15.851272015655576,14.677103718199607,38.16046966731898,7.8277886497064575,16.2426614481409,3.9138943248532287,1.761252446183953,0.0,0.5870841487279843,0.0,0.0,0.0,0.0,0.0,0.7827788649706457,0.0,0.0,0.0,0.0,0.0,0.19569471624266144,0.0
07702,07,702,1161,718,443,0,600,10,592,8,108,84,236,33,92,15,14,0,0,0,0,0,2,0,3,0,0,0,0,0,5,0,51.67958656330749,1.3333333333333335,98.66666666666667,18.243243243243242,14.18918918918919,39.86486486486486,5.574324324324325,15.54054054054054,2.5337837837837838,2.364864864864865,0.0,0.0,0.0,0.0,0.0,0.33783783783783783,0.0,0.5067567567567568,0.0,0.0,0.0,0.0,0.0,0.8445945945945946,0.0
07703,07,703,1027,689,338,0,518,5,510,8,81,52,208,39,86,21,13,0,6,0,0,0,1,0,1,0,0,0,0,0,2,0,50.43816942551119,1.5444015444015444,98.45559845559846,15.88235294117647,10.196078431372548,40.78431372549019,7.647058823529412,16.862745098039216,4.117647058823529,2.549019607843137,0.0,1.1764705882352942,0.0,0.0,0.0,0.19607843137254902,0.0,0.19607843137254902,0.0,0.0,0.0,0.0,0.0,0.39215686274509803,0.0
07704,07,704,1034,672,362,0,481,6,476,5,79,40,150,49,115,10,23,0,7,0,0,0,1,0,0,0,0,0,0,0,2,0,46.518375241779495,1.0395010395010396,98.96049896049897,16.596638655462183,8.403361344537815,31.512605042016805,10.294117647058822,24.159663865546218,2.100840336134454,4.831932773109244,0.0,1.4705882352941175,0.0,0.0,0.0,0.21008403361344538,0.0,0.0,0.0,0.0,0.0,0.0,0.0,0.42016806722689076,0.0
07705,07,705,1036,618,418,0,444,8,440,4,75,56,136,37,100,17,17,0,0,0,0,0,0,0,2,0,0,0,0,0,0,0,42.857142857142854,0.9009009009009009,99.09909909909909,17.045454545454543,12.727272727272727,30.909090909090907,8.409090909090908,22.727272727272727,3.8636363636363633,3.8636363636363633,0.0,0.0,0.0,0.0,0.0,0.0,0.0,0.45454545454545453,0.0,0.0,0.0,0.0,0.0,0.0,0.0
07706,07,706,998,699,299,0,577,4,576,1,89,93,216,31,111,18,11,0,2,0,0,0,1,0,3,0,0,0,0,0,1,0,57.815631262525045,0.17331022530329288,99.8266897746967,15.45138888888889,16.145833333333336,37.5,5.381944444444445,19.270833333333336,3.125,1.9097222222222223,0.0,0.3472222222222222,0.0,0.0,0.0,0.1736111111111111,0.0,0.5208333333333333,0.0,0.0,0.0,0.0,0.0,0.1736111111111111,0.0
07707,07,707,1212,714,498,0,587,9,579,8,83,77,260,35,89,26,8,0,0,0,0,0,0,0,0,0,0,0,0,0,1,0,48.43234323432343,1.362862010221465,98.63713798977854,14.335060449050086,13.298791018998275,44.90500863557859,6.0449050086355784,15.3713298791019,4.490500863557859,1.381692573402418,0.0,0.0,0.0,0.0,0.0,0.0,0.0,0.0,0.0,0.0,0.0,0.0,0.0,0.17271157167530224,0.0
07708,07,708,1278,954,324,0,621,6,613,8,118,43,142,88,164,8,27,0,12,0,0,0,0,0,2,0,0,0,0,0,9,0,48.59154929577465,1.288244766505636,98.71175523349437,19.249592169657422,7.01468189233279,23.164763458401303,14.355628058727568,26.753670473083197,1.3050570962479608,4.404567699836868,0.0,1.957585644371941,0.0,0.0,0.0,0.0,0.0,0.3262642740619902,0.0,0.0,0.0,0.0,0.0,1.468189233278956,0.0
07709,07,709,1092,711,381,0,541,9,536,5,96,31,183,43,139,20,15,0,6,0,0,0,0,0,1,0,0,0,0,0,2,0,49.54212454212454,0.9242144177449169,99.07578558225508,17.91044776119403,5.7835820895522385,34.14179104477612,8.022388059701493,25.932835820895523,3.731343283582089,2.798507462686567,0.0,1.1194029850746268,0.0,0.0,0.0,0.0,0.0,0.18656716417910446,0.0,0.0,0.0,0.0,0.0,0.3731343283582089,0.0
07710,07,710,1144,803,341,0,573,3,567,6,94,49,179,50,145,17,20,0,8,0,0,0,0,0,2,0,0,0,0,0,3,0,50.08741258741259,1.0471204188481675,98.95287958115183,16.57848324514991,8.641975308641975,31.569664902998234,8.818342151675484,25.573192239858905,2.9982363315696645,3.527336860670194,0.0,1.4109347442680775,0.0,0.0,0.0,0.0,0.0,0.3527336860670194,0.0,0.0,0.0,0.0,0.0,0.5291005291005291,0.0
07711,07,711,1203,742,461,0,632,5,632,0,107,88,227,44,124,20,14,0,4,0,0,0,1,0,3,0,0,0,0,0,0,0,52.53532834580216,0.0,100.0,16.930379746835442,13.924050632911392,35.91772151898734,6.962025316455696,19.62025316455696,3.1645569620253164,2.2151898734177213,0.0,0.6329113924050633,0.0,0.0,0.0,0.15822784810126583,0.0,0.4746835443037975,0.0,0.0,0.0,0.0,0.0,0.0,0.0
07712,07,712,1210,775,435,0,609,10,604,5,110,54,238,26,132,20,17,0,4,0,0,0,0,0,1,0,0,0,0,0,2,0,50.3305785123967,0.8210180623973727,99.17898193760263,18.211920529801322,8.940397350993377,39.40397350993378,4.304635761589404,21.85430463576159,3.3112582781456954,2.814569536423841,0.0,0.6622516556291391,0.0,0.0,0.0,0.0,0.0,0.16556291390728478,0.0,0.0,0.0,0.0,0.0,0.33112582781456956,0.0
07713,07,713,1150,761,389,0,558,6,548,10,84,59,203,39,109,19,27,0,2,0,0,0,0,0,6,0,0,0,0,0,0,0,48.52173913043478,1.7921146953405016,98.2078853046595,15.328467153284672,10.766423357664232,37.04379562043796,7.116788321167883,19.89051094890511,3.4671532846715327,4.927007299270073,0.0,0.36496350364963503,0.0,0.0,0.0,0.0,0.0,1.094890510948905,0.0,0.0,0.0,0.0,0.0,0.0,0.0
07714,07,714,1110,691,419,0,472,4,467,5,92,33,155,36,120,13,14,0,3,0,0,0,0,0,1,0,0,0,0,0,0,0,42.52252252252252,1.059322033898305,98.9406779661017,19.700214132762312,7.066381156316917,33.190578158458244,7.708779443254818,25.69593147751606,2.7837259100642395,2.9978586723768736,0.0,0.6423982869379015,0.0,0.0,0.0,0.0,0.0,0.21413276231263384,0.0,0.0,0.0,0.0,0.0,0.0,0.0
07715,07,715,1200,820,380,0,494,3,489,5,105,31,109,55,148,16,15,0,2,0,0,0,1,0,4,0,0,0,0,0,3,0,41.16666666666667,1.0121457489878543,98.98785425101214,21.472392638036812,6.339468302658487,22.290388548057262,11.247443762781186,30.265848670756647,3.2719836400818,3.067484662576687,0.0,0.408997955010225,0.0,0.0,0.0,0.2044989775051125,0.0,0.81799591002045,0.0,0.0,0.0,0.0,0.0,0.6134969325153374,0.0
07716,07,716,1088,824,264,0,623,5,618,5,108,122,158,67,98,29,17,0,13,0,0,0,0,0,4,0,0,0,0,0,2,0,57.26102941176471,0.8025682182985553,99.19743178170144,17.475728155339805,19.741100323624593,25.5663430420712,10.841423948220065,15.857605177993527,4.692556634304207,2.750809061488673,0.0,2.103559870550162,0.0,0.0,0.0,0.0,0.0,0.6472491909385114,0.0,0.0,0.0,0.0,0.0,0.3236245954692557,0.0
07717,07,717,1151,733,418,0,617,2,604,13,106,79,235,66,78,18,15,0,1,0,0,0,0,0,1,0,0,0,0,0,5,0,53.60556038227629,2.106969205834684,97.89303079416531,17.549668874172188,13.079470198675496,38.907284768211916,10.927152317880795,12.91390728476821,2.980132450331126,2.4834437086092715,0.0,0.16556291390728478,0.0,0.0,0.0,0.0,0.0,0.16556291390728478,0.0,0.0,0.0,0.0,0.0,0.8278145695364238,0.0
07718,07,718,1194,662,532,0,551,2,545,6,95,110,188,39,75,25,10,0,1,0,0,0,0,0,1,0,0,0,0,0,1,0,46.14740368509212,1.0889292196007259,98.91107078039929,17.431192660550458,20.18348623853211,34.4954128440367,7.155963302752294,13.761467889908257,4.587155963302752,1.834862385321101,0.0,0.1834862385321101,0.0,0.0,0.0,0.0,0.0,0.1834862385321101,0.0,0.0,0.0,0.0,0.0,0.1834862385321101,0.0
07719,07,719,1183,761,422,0,605,3,601,4,102,106,232,45,82,21,7,0,3,0,0,0,1,0,2,0,0,0,0,0,0,0,51.14116652578191,0.6611570247933884,99.3388429752066,16.97171381031614,17.637271214642265,38.60232945091514,7.487520798668886,13.643926788685523,3.494176372712146,1.1647254575707155,0.0,0.49916805324459235,0.0,0.0,0.0,0.16638935108153077,0.0,0.33277870216306155,0.0,0.0,0.0,0.0,0.0,0.0,0.0
07720,07,720,1224,815,409,0,582,7,576,6,86,69,206,41,139,17,12,0,1,0,0,0,1,0,2,0,0,0,0,0,2,0,47.549019607843135,1.0309278350515463,98.96907216494846,14.930555555555555,11.979166666666668,35.76388888888889,7.118055555555555,24.131944444444446,2.951388888888889,2.083333333333333,0.0,0.1736111111111111,0.0,0.0,0.0,0.1736111111111111,0.0,0.3472222222222222,0.0,0.0,0.0,0.0,0.0,0.3472222222222222,0.0
07721,07,721,1132,662,470,0,552,9,547,5,72,67,217,53,105,19,10,0,3,0,0,0,0,0,0,0,0,0,0,0,1,0,48.76325088339223,0.9057971014492754,99.09420289855072,13.16270566727605,12.248628884826324,39.6709323583181,9.689213893967093,19.195612431444243,3.473491773308958,1.8281535648994516,0.0,0.5484460694698354,0.0,0.0,0.0,0.0,0.0,0.0,0.0,0.0,0.0,0.0,0.0,0.18281535648994515,0.0
07722,07,722,1289,889,400,0,581,7,576,5,113,40,150,65,166,5,27,0,2,0,0,0,0,0,5,0,0,0,0,0,3,0,45.07370054305663,0.8605851979345954,99.1394148020654,19.618055555555554,6.944444444444445,26.041666666666668,11.284722222222223,28.819444444444443,0.8680555555555556,4.6875,0.0,0.3472222222222222,0.0,0.0,0.0,0.0,0.0,0.8680555555555556,0.0,0.0,0.0,0.0,0.0,0.5208333333333333,0.0
07723,07,723,1056,745,311,0,542,2,533,9,79,56,167,65,122,7,17,0,7,0,0,0,1,0,6,0,0,0,0,0,6,0,51.32575757575758,1.6605166051660518,98.33948339483395,14.821763602251407,10.506566604127581,31.33208255159475,12.195121951219512,22.88930581613508,1.3133208255159476,3.189493433395872,0.0,1.3133208255159476,0.0,0.0,0.0,0.18761726078799248,0.0,1.125703564727955,0.0,0.0,0.0,0.0,0.0,1.125703564727955,0.0
07724,07,724,1175,888,287,0,611,5,598,13,115,39,167,51,170,21,20,0,10,0,0,0,2,0,3,0,0,0,0,0,0,0,52.0,2.127659574468085,97.87234042553192,19.230769230769234,6.521739130434782,27.926421404682273,8.528428093645484,28.428093645484946,3.511705685618729,3.3444816053511706,0.0,1.6722408026755853,0.0,0.0,0.0,0.33444816053511706,0.0,0.5016722408026756,0.0,0.0,0.0,0.0,0.0,0.0,0.0
07725,07,725,1131,862,269,0,520,5,516,4,95,35,130,80,135,11,15,0,11,0,0,0,0,0,4,0,0,0,0,0,0,0,45.97701149425287,0.7692307692307693,99.23076923076923,18.410852713178294,6.782945736434108,25.1937984496124,15.503875968992247,26.16279069767442,2.131782945736434,2.9069767441860463,0.0,2.131782945736434,0.0,0.0,0.0,0.0,0.0,0.7751937984496124,0.0,0.0,0.0,0.0,0.0,0.0,0.0
07726,07,726,1079,648,431,0,496,6,490,6,84,63,190,25,92,16,13,0,3,0,0,0,1,0,3,0,0,0,0,0,0,0,45.968489341983314,1.2096774193548387,98.79032258064517,17.142857142857142,12.857142857142856,38.775510204081634,5.1020408163265305,18.775510204081634,3.2653061224489797,2.6530612244897958,0.0,0.6122448979591837,0.0,0.0,0.0,0.20408163265306123,0.0,0.6122448979591837,0.0,0.0,0.0,0.0,0.0,0.0,0.0
07727,07,727,1181,630,551,0,515,5,508,7,85,59,200,29,90,29,10,0,1,0,0,0,0,0,5,0,0,0,0,0,0,0,43.60711261642676,1.3592233009708738,98.64077669902913,16.73228346456693,11.614173228346457,39.37007874015748,5.708661417322835,17.716535433070867,5.708661417322835,1.968503937007874,0.0,0.19685039370078738,0.0,0.0,0.0,0.0,0.0,0.984251968503937,0.0,0.0,0.0,0.0,0.0,0.0,0.0
07728,07,728,1149,829,320,0,585,4,576,9,104,35,189,41,162,21,14,0,6,0,0,0,2,0,1,0,0,0,0,0,1,0,50.91383812010444,1.5384615384615385,98.46153846153847,18.055555555555554,6.076388888888888,32.8125,7.118055555555555,28.125,3.6458333333333335,2.430555555555556,0.0,1.0416666666666665,0.0,0.0,0.0,0.3472222222222222,0.0,0.1736111111111111,0.0,0.0,0.0,0.0,0.0,0.1736111111111111,0.0
077A,07,7A,0,0,0,0,883,883,873,10,149,128,406,43,68,47,22,0,5,0,0,0,0,0,3,0,0,0,0,0,2,0,inf,1.1325028312570782,98.86749716874293,17.06758304696449,14.66208476517755,46.506300114547535,4.925544100801833,7.789232531500573,5.383734249713632,2.520045819014891,0.0,0.572737686139748,0.0,0.0,0.0,0.0,0.0,0.3436426116838488,0.0,0.0,0.0,0.0,0.0,0.22909507445589922,0.0
077B,07,7B,0,0,0,0,780,780,777,3,132,117,365,36,73,26,21,0,4,0,0,0,0,0,3,0,0,0,0,0,0,0,inf,0.38461538461538464,99.61538461538461,16.988416988416986,15.057915057915059,46.975546975546976,4.633204633204633,9.395109395109396,3.346203346203346,2.7027027027027026,0.0,0.5148005148005148,0.0,0.0,0.0,0.0,0.0,0.3861003861003861,0.0,0.0,0.0,0.0,0.0,0.0,0.0
077C,07,7C,0,0,0,0,690,690,685,5,132,56,305,30,93,22,30,0,10,0,0,0,0,0,6,0,0,0,0,0,1,0,inf,0.7246376811594203,99.27536231884058,19.27007299270073,8.175182481751825,44.52554744525548,4.37956204379562,13.576642335766422,3.2116788321167884,4.37956204379562,0.0,1.4598540145985401,0.0,0.0,0.0,0.0,0.0,0.8759124087591241,0.0,0.0,0.0,0.0,0.0,0.145985401459854,0.0
077D,07,7D,0,0,0,0,678,678,674,4,126,81,306,27,76,33,17,0,4,0,0,0,1,0,0,0,0,0,0,0,3,0,inf,0.5899705014749262,99.41002949852508,18.694362017804153,12.01780415430267,45.40059347181009,4.005934718100891,11.275964391691394,4.896142433234421,2.522255192878338,0.0,0.5934718100890208,0.0,0.0,0.0,0.1483679525222552,0.0,0.0,0.0,0.0,0.0,0.0,0.0,0.44510385756676557,0.0
077E,07,7E,0,0,0,0,299,299,293,6,57,29,109,36,39,8,6,0,3,0,0,0,1,0,2,0,0,0,0,0,3,0,inf,2.0066889632107023,97.9933110367893,19.453924914675767,9.897610921501707,37.20136518771331,12.286689419795222,13.310580204778159,2.7303754266211606,2.04778156996587,0.0,1.023890784982935,0.0,0.0,0.0,0.3412969283276451,0.0,0.6825938566552902,0.0,0.0,0.0,0.0,0.0,1.023890784982935,0.0
077F,07,7F,0,0,0,0,756,756,751,5,154,91,354,32,66,18,26,0,7,0,0,0,0,0,2,0,0,0,0,0,1,0,inf,0.6613756613756614,99.33862433862434,20.505992010652463,12.117177097203728,47.13715046604528,4.26098535286285,8.788282290279627,2.396804260985353,3.462050599201065,0.0,0.9320905459387484,0.0,0.0,0.0,0.0,0.0,0.2663115845539281,0.0,0.0,0.0,0.0,0.0,0.13315579227696406,0.0
077G,07,7G,0,0,0,0,779,779,774,5,133,75,373,56,83,18,24,0,6,0,0,0,4,0,1,0,0,0,0,0,1,0,inf,0.6418485237483954,99.3581514762516,17.183462532299743,9.689922480620156,48.19121447028424,7.235142118863049,10.723514211886306,2.3255813953488373,3.10077519379845,0.0,0.7751937984496124,0.0,0.0,0.0,0.516795865633075,0.0,0.12919896640826875,0.0,0.0,0.0,0.0,0.0,0.12919896640826875,0.0
077H,07,7H,0,0,0,0,393,393,390,3,81,38,191,19,34,7,14,0,3,0,0,0,1,0,0,0,0,0,0,0,2,0,inf,0.7633587786259541,99.23664122137404,20.76923076923077,9.743589743589745,48.97435897435897,4.871794871794872,8.717948717948717,1.7948717948717947,3.5897435897435894,0.0,0.7692307692307693,0.0,0.0,0.0,0.2564102564102564,0.0,0.0,0.0,0.0,0.0,0.0,0.0,0.5128205128205128,0.0
077I,07,7I,0,0,0,0,601,601,597,4,134,73,226,43,81,14,16,0,6,0,0,0,1,0,0,0,0,0,0,0,3,0,inf,0.6655574043261231,99.33444259567388,22.445561139028474,12.227805695142377,37.85594639865997,7.202680067001675,13.5678391959799,2.3450586264656614,2.680067001675042,0.0,1.0050251256281406,0.0,0.0,0.0,0.16750418760469013,0.0,0.0,0.0,0.0,0.0,0.0,0.0,0.5025125628140703,0.0
077K,07,7K,0,0,0,0,903,903,897,6,149,164,404,45,83,33,15,0,2,0,0,0,1,0,0,0,0,0,0,0,1,0,inf,0.6644518272425249,99.33554817275747,16.61092530657748,18.283166109253067,45.039018952062435,5.016722408026756,9.253065774804906,3.678929765886288,1.6722408026755853,0.0,0.2229654403567447,0.0,0.0,0.0,0.11148272017837235,0.0,0.0,0.0,0.0,0.0,0.0,0.0,0.11148272017837235,0.0
077L,07,7L,0,0,0,0,846,846,840,6,137,134,405,32,90,23,12,0,0,0,0,0,0,0,4,0,0,0,0,0,3,0,inf,0.7092198581560284,99.29078014184397,16.30952380952381,15.95238095238095,48.214285714285715,3.8095238095238098,10.714285714285714,2.738095238095238,1.4285714285714286,0.0,0.0,0.0,0.0,0.0,0.0,0.0,0.4761904761904762,0.0,0.0,0.0,0.0,0.0,0.35714285714285715,0.0
077M,07,7M,0,0,0,0,389,389,388,1,83,55,155,26,41,12,10,0,1,0,0,0,2,0,1,0,0,0,0,0,2,0,inf,0.2570694087403599,99.74293059125964,21.391752577319586,14.175257731958762,39.948453608247426,6.701030927835052,10.56701030927835,3.0927835051546393,2.5773195876288657,0.0,0.25773195876288657,0.0,0.0,0.0,0.5154639175257731,0.0,0.25773195876288657,0.0,0.0,0.0,0.0,0.0,0.5154639175257731,0.0
077N,07,7N,0,0,0,0,373,373,369,4,83,36,129,29,56,9,19,0,1,0,0,0,2,0,2,0,0,0,0,0,3,0,inf,1.0723860589812333,98.92761394101876,22.493224932249323,9.75609756097561,34.959349593495936,7.8590785907859075,15.176151761517614,2.4390243902439024,5.149051490514905,0.0,0.27100271002710025,0.0,0.0,0.0,0.5420054200542005,0.0,0.5420054200542005,0.0,0.0,0.0,0.0,0.0,0.8130081300813009,0.0
077P,07,7P,0,0,0,0,555,555,554,1,114,47,243,27,75,16,21,0,7,0,0,0,0,0,1,0,0,0,0,0,3,0,inf,0.18018018018018017,99.81981981981983,20.577617328519857,8.483754512635379,43.86281588447653,4.873646209386282,13.537906137184116,2.888086642599278,3.790613718411552,0.0,1.263537906137184,0.0,0.0,0.0,0.0,0.0,0.18050541516245489,0.0,0.0,0.0,0.0,0.0,0.5415162454873645,0.0
077R,07,7R,0,0,0,0,655,655,652,3,117,74,317,33,72,20,15,0,1,0,0,0,0,0,1,0,0,0,0,0,2,0,inf,0.45801526717557256,99.54198473282443,17.94478527607362,11.349693251533742,48.61963190184049,5.061349693251533,11.042944785276074,3.067484662576687,2.3006134969325154,0.0,0.15337423312883436,0.0,0.0,0.0,0.0,0.0,0.15337423312883436,0.0,0.0,0.0,0.0,0.0,0.3067484662576687,0.0
077S,07,7S,0,0,0,0,825,825,817,8,154,103,372,43,87,22,27,0,2,0,0,0,0,0,2,0,0,0,0,0,5,0,inf,0.9696969696969697,99.03030303030303,18.849449204406366,12.607099143206854,45.532435740514074,5.263157894736842,10.648714810281518,2.692778457772338,3.3047735618115053,0.0,0.24479804161566704,0.0,0.0,0.0,0.0,0.0,0.24479804161566704,0.0,0.0,0.0,0.0,0.0,0.6119951040391677,0.0
08101,08,101,1042,560,482,0,422,12,415,7,81,82,21,205,12,3,3,2,4,1,0,0,0,0,0,0,0,0,1,0,0,0,40.49904030710173,1.6587677725118484,98.34123222748815,19.518072289156628,19.759036144578314,5.0602409638554215,49.39759036144578,2.891566265060241,0.7228915662650602,0.7228915662650602,0.48192771084337355,0.9638554216867471,0.24096385542168677,0.0,0.0,0.0,0.0,0.0,0.0,0.0,0.0,0.24096385542168677,0.0,0.0,0.0
08102,08,102,1046,553,493,0,428,9,427,1,70,96,27,200,18,3,3,3,5,1,0,1,0,0,0,0,0,0,0,0,0,0,40.91778202676864,0.23364485981308408,99.76635514018692,16.39344262295082,22.482435597189696,6.323185011709602,46.8384074941452,4.215456674473068,0.702576112412178,0.702576112412178,0.702576112412178,1.1709601873536302,0.234192037470726,0.0,0.234192037470726,0.0,0.0,0.0,0.0,0.0,0.0,0.0,0.0,0.0,0.0
08103,08,103,978,549,429,0,402,6,402,0,59,87,19,184,28,4,7,5,3,2,0,1,0,0,3,0,0,0,0,0,0,0,41.104294478527606,0.0,100.0,14.676616915422885,21.641791044776117,4.72636815920398,45.77114427860697,6.965174129353234,0.9950248756218906,1.7412935323383085,1.2437810945273633,0.7462686567164178,0.4975124378109453,0.0,0.24875621890547264,0.0,0.0,0.7462686567164178,0.0,0.0,0.0,0.0,0.0,0.0,0.0
08104,08,104,1071,611,460,0,466,10,464,2,95,93,37,206,16,5,3,5,3,0,0,0,0,0,1,0,0,0,0,0,0,0,43.51073762838469,0.4291845493562232,99.57081545064378,20.474137931034484,20.04310344827586,7.974137931034483,44.396551724137936,3.4482758620689653,1.0775862068965518,0.646551724137931,1.0775862068965518,0.646551724137931,0.0,0.0,0.0,0.0,0.0,0.21551724137931033,0.0,0.0,0.0,0.0,0.0,0.0,0.0
08105,08,105,944,590,354,0,450,8,447,3,81,77,26,222,20,6,5,6,3,0,0,1,0,0,0,0,0,0,0,0,0,0,47.66949152542373,0.6666666666666667,99.33333333333333,18.120805369127517,17.225950782997764,5.8165548098434,49.664429530201346,4.47427293064877,1.342281879194631,1.1185682326621924,1.342281879194631,0.6711409395973155,0.0,0.0,0.22371364653243847,0.0,0.0,0.0,0.0,0.0,0.0,0.0,0.0,0.0,0.0
08106,08,106,927,520,407,0,425,13,422,3,72,78,39,196,19,3,0,8,5,0,0,1,0,0,0,0,0,0,1,0,0,0,45.84681769147789,0.7058823529411765,99.29411764705883,17.061611374407583,18.48341232227488,9.24170616113744,46.44549763033176,4.502369668246446,0.7109004739336493,0.0,1.8957345971563981,1.1848341232227488,0.0,0.0,0.23696682464454977,0.0,0.0,0.0,0.0,0.0,0.0,0.23696682464454977,0.0,0.0,0.0
08107,08,107,951,540,411,0,435,10,434,1,78,68,28,219,29,1,2,6,1,0,0,2,0,0,0,0,0,0,0,0,0,0,45.74132492113564,0.22988505747126436,99.77011494252874,17.972350230414747,15.668202764976957,6.451612903225806,50.46082949308756,6.682027649769585,0.2304147465437788,0.4608294930875576,1.3824884792626728,0.2304147465437788,0.0,0.0,0.4608294930875576,0.0,0.0,0.0,0.0,0.0,0.0,0.0,0.0,0.0,0.0
08108,08,108,1095,727,368,0,508,20,499,9,89,63,21,272,27,9,1,3,10,1,0,1,0,0,0,0,0,0,2,0,0,0,46.39269406392694,1.7716535433070866,98.22834645669292,17.835671342685373,12.625250501002002,4.208416833667335,54.50901803607214,5.410821643286573,1.8036072144288577,0.2004008016032064,0.6012024048096193,2.004008016032064,0.2004008016032064,0.0,0.2004008016032064,0.0,0.0,0.0,0.0,0.0,0.0,0.4008016032064128,0.0,0.0,0.0
08109,08,109,1071,686,385,0,467,9,464,3,72,65,23,242,35,6,6,9,2,0,0,4,0,0,0,0,0,0,0,0,0,0,43.604108309990664,0.6423982869379015,99.3576017130621,15.517241379310345,14.00862068965517,4.956896551724138,52.1551724137931,7.543103448275862,1.293103448275862,1.293103448275862,1.9396551724137931,0.43103448275862066,0.0,0.0,0.8620689655172413,0.0,0.0,0.0,0.0,0.0,0.0,0.0,0.0,0.0,0.0
08110,08,110,1010,634,376,0,472,17,470,2,78,74,30,237,24,9,0,6,8,1,0,1,0,0,2,0,0,0,0,0,0,0,46.73267326732674,0.423728813559322,99.57627118644068,16.595744680851062,15.74468085106383,6.382978723404255,50.42553191489362,5.106382978723404,1.9148936170212765,0.0,1.276595744680851,1.702127659574468,0.2127659574468085,0.0,0.2127659574468085,0.0,0.0,0.425531914893617,0.0,0.0,0.0,0.0,0.0,0.0,0.0
08111,08,111,982,622,360,0,473,13,468,5,63,85,20,244,33,5,1,6,7,3,0,1,0,0,0,0,0,0,0,0,0,0,48.16700610997963,1.0570824524312896,98.94291754756871,13.461538461538462,18.162393162393162,4.273504273504273,52.13675213675214,7.051282051282051,1.0683760683760684,0.2136752136752137,1.282051282051282,1.4957264957264957,0.641025641025641,0.0,0.2136752136752137,0.0,0.0,0.0,0.0,0.0,0.0,0.0,0.0,0.0,0.0
08112,08,112,1257,836,421,0,517,7,512,5,91,59,34,257,42,5,12,5,4,0,0,0,0,0,3,0,0,0,0,0,0,0,41.1296738265712,0.9671179883945842,99.03288201160542,17.7734375,11.5234375,6.640625,50.1953125,8.203125,0.9765625,2.34375,0.9765625,0.78125,0.0,0.0,0.0,0.0,0.0,0.5859375,0.0,0.0,0.0,0.0,0.0,0.0,0.0
08113,08,113,1004,638,366,0,471,10,467,4,57,75,25,259,23,2,3,13,7,1,0,2,0,0,0,0,0,0,0,0,0,0,46.91235059760957,0.8492569002123143,99.15074309978769,12.205567451820128,16.059957173447536,5.353319057815846,55.46038543897216,4.925053533190578,0.4282655246252677,0.6423982869379015,2.7837259100642395,1.4989293361884368,0.21413276231263384,0.0,0.4282655246252677,0.0,0.0,0.0,0.0,0.0,0.0,0.0,0.0,0.0,0.0
08114,08,114,1108,635,473,0,415,9,415,0,70,61,18,224,16,7,5,8,4,1,0,1,0,0,0,0,0,0,0,0,0,0,37.454873646209386,0.0,100.0,16.867469879518072,14.698795180722893,4.337349397590361,53.975903614457835,3.8554216867469884,1.6867469879518073,1.2048192771084338,1.9277108433734942,0.9638554216867471,0.24096385542168677,0.0,0.24096385542168677,0.0,0.0,0.0,0.0,0.0,0.0,0.0,0.0,0.0,0.0
08115,08,115,983,646,337,0,463,4,458,5,77,68,28,224,35,4,4,7,11,0,0,0,0,0,0,0,0,0,0,0,0,0,47.10071210579858,1.079913606911447,98.92008639308855,16.812227074235807,14.847161572052403,6.11353711790393,48.90829694323144,7.641921397379912,0.8733624454148471,0.8733624454148471,1.5283842794759825,2.4017467248908297,0.0,0.0,0.0,0.0,0.0,0.0,0.0,0.0,0.0,0.0,0.0,0.0,0.0
08116,08,116,1141,621,520,0,443,8,443,0,76,60,26,242,23,3,4,2,4,2,0,0,0,0,0,0,0,0,1,0,0,0,38.82559158632778,0.0,100.0,17.155756207674944,13.544018058690746,5.8690744920993225,54.627539503386004,5.191873589164786,0.6772009029345373,0.9029345372460496,0.4514672686230248,0.9029345372460496,0.4514672686230248,0.0,0.0,0.0,0.0,0.0,0.0,0.0,0.0,0.2257336343115124,0.0,0.0,0.0
08117,08,117,966,585,381,0,451,11,450,1,63,83,32,239,16,2,4,5,4,1,0,1,0,0,0,0,0,0,0,0,0,0,46.68737060041408,0.22172949002217296,99.77827050997783,14.000000000000002,18.444444444444443,7.111111111111111,53.11111111111111,3.5555555555555554,0.4444444444444444,0.8888888888888888,1.1111111111111112,0.8888888888888888,0.2222222222222222,0.0,0.2222222222222222,0.0,0.0,0.0,0.0,0.0,0.0,0.0,0.0,0.0,0.0
08118,08,118,995,615,380,0,447,5,445,2,63,68,36,215,39,6,3,6,6,0,0,2,0,0,0,0,0,0,1,0,0,0,44.92462311557789,0.44742729306487694,99.55257270693512,14.157303370786517,15.280898876404494,8.089887640449438,48.31460674157304,8.764044943820224,1.348314606741573,0.6741573033707865,1.348314606741573,1.348314606741573,0.0,0.0,0.44943820224719105,0.0,0.0,0.0,0.0,0.0,0.0,0.22471910112359553,0.0,0.0,0.0
08119,08,119,1137,609,528,0,465,14,461,4,64,61,36,249,34,3,3,1,4,1,0,0,0,0,5,0,0,0,0,0,0,0,40.89709762532981,0.8602150537634409,99.13978494623656,13.882863340563992,13.232104121475055,7.809110629067245,54.01301518438177,7.37527114967462,0.6507592190889371,0.6507592190889371,0.21691973969631237,0.8676789587852495,0.21691973969631237,0.0,0.0,0.0,0.0,1.0845986984815619,0.0,0.0,0.0,0.0,0.0,0.0,0.0
08120,08,120,956,560,396,0,403,4,398,5,41,67,21,227,23,2,2,9,3,0,0,1,0,0,1,0,0,0,1,0,0,0,42.15481171548117,1.240694789081886,98.75930521091811,10.301507537688442,16.834170854271356,5.276381909547738,57.03517587939698,5.778894472361809,0.5025125628140703,0.5025125628140703,2.261306532663317,0.7537688442211055,0.0,0.0,0.25125628140703515,0.0,0.0,0.25125628140703515,0.0,0.0,0.0,0.25125628140703515,0.0,0.0,0.0
08121,08,121,1101,698,403,0,480,6,474,6,81,54,25,251,40,1,7,4,9,1,0,0,0,0,1,0,0,0,0,0,0,0,43.596730245231605,1.25,98.75,17.088607594936708,11.39240506329114,5.274261603375527,52.95358649789029,8.438818565400844,0.21097046413502107,1.4767932489451476,0.8438818565400843,1.89873417721519,0.21097046413502107,0.0,0.0,0.0,0.0,0.21097046413502107,0.0,0.0,0.0,0.0,0.0,0.0,0.0
08122,08,122,887,550,337,0,385,10,384,1,52,53,40,189,25,7,4,10,0,1,0,1,0,0,2,0,0,0,0,0,0,0,43.404735062006765,0.2597402597402597,99.74025974025975,13.541666666666666,13.802083333333334,10.416666666666668,49.21875,6.510416666666667,1.8229166666666667,1.0416666666666665,2.604166666666667,0.0,0.26041666666666663,0.0,0.26041666666666663,0.0,0.0,0.5208333333333333,0.0,0.0,0.0,0.0,0.0,0.0,0.0
08123,08,123,1022,577,445,0,397,4,394,3,65,36,56,127,76,10,7,10,3,0,0,0,0,0,2,0,0,0,2,0,0,0,38.845401174168295,0.7556675062972292,99.24433249370277,16.49746192893401,9.137055837563452,14.213197969543149,32.233502538071065,19.289340101522843,2.5380710659898478,1.7766497461928936,2.5380710659898478,0.7614213197969544,0.0,0.0,0.0,0.0,0.0,0.5076142131979695,0.0,0.0,0.0,0.5076142131979695,0.0,0.0,0.0
08124,08,124,868,535,333,0,410,10,407,3,62,68,15,230,18,4,5,5,0,0,0,0,0,0,0,0,0,0,0,0,0,0,47.235023041474655,0.7317073170731708,99.26829268292683,15.233415233415235,16.707616707616708,3.6855036855036856,56.51105651105651,4.422604422604422,0.9828009828009828,1.2285012285012284,1.2285012285012284,0.0,0.0,0.0,0.0,0.0,0.0,0.0,0.0,0.0,0.0,0.0,0.0,0.0,0.0
08125,08,125,1058,599,459,0,432,5,432,0,48,42,40,221,54,4,9,6,5,2,0,0,0,0,1,0,0,0,0,0,0,0,40.831758034026464,0.0,100.0,11.11111111111111,9.722222222222223,9.25925925925926,51.157407407407405,12.5,0.9259259259259258,2.083333333333333,1.3888888888888888,1.1574074074074074,0.4629629629629629,0.0,0.0,0.0,0.0,0.23148148148148145,0.0,0.0,0.0,0.0,0.0,0.0,0.0
08126,08,126,954,568,386,0,417,6,416,1,58,62,31,196,40,5,3,8,4,1,0,7,0,0,1,0,0,0,0,0,0,0,43.710691823899374,0.2398081534772182,99.76019184652279,13.942307692307693,14.903846153846153,7.451923076923077,47.11538461538461,9.615384615384617,1.201923076923077,0.7211538461538461,1.9230769230769231,0.9615384615384616,0.2403846153846154,0.0,1.6826923076923077,0.0,0.0,0.2403846153846154,0.0,0.0,0.0,0.0,0.0,0.0,0.0
08127,08,127,1171,781,390,0,483,6,474,9,73,45,43,226,56,7,11,4,6,0,0,0,0,0,3,0,0,0,0,0,0,0,41.246797608881295,1.8633540372670807,98.13664596273291,15.400843881856542,9.49367088607595,9.071729957805907,47.67932489451477,11.814345991561181,1.4767932489451476,2.320675105485232,0.8438818565400843,1.2658227848101267,0.0,0.0,0.0,0.0,0.0,0.6329113924050633,0.0,0.0,0.0,0.0,0.0,0.0,0.0
08128,08,128,893,634,259,0,353,12,353,0,50,45,26,171,41,5,3,3,5,0,0,1,0,0,2,0,0,0,1,0,0,0,39.52967525195968,0.0,100.0,14.164305949008499,12.747875354107649,7.365439093484419,48.44192634560906,11.614730878186968,1.41643059490085,0.84985835694051,0.84985835694051,1.41643059490085,0.0,0.0,0.28328611898017,0.0,0.0,0.56657223796034,0.0,0.0,0.0,0.28328611898017,0.0,0.0,0.0
08129,08,129,1015,597,418,0,431,7,426,5,84,57,31,191,41,5,6,6,2,2,0,1,0,0,0,0,0,0,0,0,0,0,42.463054187192114,1.160092807424594,98.83990719257541,19.718309859154928,13.380281690140844,7.276995305164319,44.835680751173705,9.624413145539906,1.1737089201877933,1.4084507042253522,1.4084507042253522,0.4694835680751174,0.4694835680751174,0.0,0.2347417840375587,0.0,0.0,0.0,0.0,0.0,0.0,0.0,0.0,0.0,0.0
08130,08,130,933,650,283,0,443,10,439,4,64,54,49,201,42,8,5,6,4,3,0,1,0,0,2,0,0,0,0,0,0,0,47.48124330117899,0.9029345372460496,99.09706546275395,14.578587699316628,12.300683371298406,11.161731207289293,45.78587699316628,9.567198177676538,1.8223234624145785,1.1389521640091116,1.366742596810934,0.9111617312072893,0.683371298405467,0.0,0.22779043280182232,0.0,0.0,0.45558086560364464,0.0,0.0,0.0,0.0,0.0,0.0,0.0
08131,08,131,843,635,208,0,341,4,335,6,55,28,27,167,38,4,3,4,2,4,0,3,0,0,0,0,0,0,0,0,0,0,40.45077105575326,1.7595307917888565,98.24046920821115,16.417910447761194,8.358208955223882,8.059701492537313,49.850746268656714,11.343283582089553,1.1940298507462688,0.8955223880597015,1.1940298507462688,0.5970149253731344,1.1940298507462688,0.0,0.8955223880597015,0.0,0.0,0.0,0.0,0.0,0.0,0.0,0.0,0.0,0.0
081A,08,1A,0,0,0,0,443,443,440,3,93,101,33,177,5,3,6,9,11,1,0,1,0,0,0,0,0,0,0,0,0,0,inf,0.6772009029345373,99.32279909706546,21.136363636363637,22.954545454545457,7.5,40.22727272727273,1.1363636363636365,0.6818181818181818,1.3636363636363635,2.0454545454545454,2.5,0.22727272727272727,0.0,0.22727272727272727,0.0,0.0,0.0,0.0,0.0,0.0,0.0,0.0,0.0,0.0
081B,08,1B,0,0,0,0,451,451,451,0,78,118,46,180,8,5,8,4,2,2,0,0,0,0,0,0,0,0,0,0,0,0,inf,0.0,100.0,17.29490022172949,26.164079822616408,10.199556541019955,39.91130820399113,1.7738359201773837,1.1086474501108647,1.7738359201773837,0.8869179600886918,0.4434589800443459,0.4434589800443459,0.0,0.0,0.0,0.0,0.0,0.0,0.0,0.0,0.0,0.0,0.0,0.0
081C,08,1C,0,0,0,0,777,777,774,3,121,229,55,318,18,11,8,8,4,2,0,0,0,0,0,0,0,0,0,0,0,0,inf,0.3861003861003861,99.61389961389962,15.633074935400519,29.58656330749354,7.10594315245478,41.08527131782946,2.3255813953488373,1.421188630490956,1.03359173126615,1.03359173126615,0.516795865633075,0.2583979328165375,0.0,0.0,0.0,0.0,0.0,0.0,0.0,0.0,0.0,0.0,0.0,0.0
081D,08,1D,0,0,0,0,422,422,419,3,84,108,19,181,5,9,3,3,3,2,0,1,0,0,1,0,0,0,0,0,0,0,inf,0.7109004739336493,99.28909952606635,20.047732696897373,25.775656324582343,4.534606205250596,43.198090692124104,1.1933174224343674,2.1479713603818613,0.7159904534606205,0.7159904534606205,0.7159904534606205,0.47732696897374705,0.0,0.23866348448687352,0.0,0.0,0.23866348448687352,0.0,0.0,0.0,0.0,0.0,0.0,0.0
081E,08,1E,0,0,0,0,326,326,325,1,53,93,14,148,7,1,3,5,1,0,0,0,0,0,0,0,0,0,0,0,0,0,inf,0.3067484662576687,99.69325153374233,16.307692307692307,28.615384615384613,4.3076923076923075,45.53846153846154,2.1538461538461537,0.3076923076923077,0.9230769230769231,1.5384615384615385,0.3076923076923077,0.0,0.0,0.0,0.0,0.0,0.0,0.0,0.0,0.0,0.0,0.0,0.0,0.0
081F,08,1F,0,0,0,0,719,719,716,3,119,209,53,281,19,10,7,6,3,5,0,2,0,0,1,0,0,0,1,0,0,0,inf,0.4172461752433936,99.58275382475661,16.620111731843576,29.18994413407821,7.402234636871509,39.245810055865924,2.653631284916201,1.3966480446927374,0.9776536312849162,0.8379888268156425,0.41899441340782123,0.6983240223463687,0.0,0.27932960893854747,0.0,0.0,0.13966480446927373,0.0,0.0,0.0,0.13966480446927373,0.0,0.0,0.0
081G,08,1G,0,0,0,0,680,680,678,2,111,129,47,345,15,9,1,13,8,0,0,0,0,0,0,0,0,0,0,0,0,0,inf,0.29411764705882354,99.70588235294117,16.371681415929203,19.02654867256637,6.932153392330384,50.88495575221239,2.2123893805309733,1.3274336283185841,0.14749262536873156,1.9174041297935103,1.1799410029498525,0.0,0.0,0.0,0.0,0.0,0.0,0.0,0.0,0.0,0.0,0.0,0.0,0.0
081H,08,1H,0,0,0,0,657,657,655,2,103,147,44,325,18,2,7,6,1,1,0,0,0,0,1,0,0,0,0,0,0,0,inf,0.30441400304414,99.69558599695586,15.725190839694655,22.442748091603054,6.7175572519083975,49.61832061068702,2.7480916030534353,0.3053435114503817,1.0687022900763359,0.9160305343511451,0.15267175572519084,0.15267175572519084,0.0,0.0,0.0,0.0,0.15267175572519084,0.0,0.0,0.0,0.0,0.0,0.0,0.0
081I,08,1I,0,0,0,0,735,735,734,1,121,124,76,314,37,13,24,8,8,6,0,3,0,0,0,0,0,0,0,0,0,0,inf,0.13605442176870747,99.8639455782313,16.4850136239782,16.893732970027248,10.354223433242508,42.77929155313351,5.040871934604905,1.7711171662125342,3.2697547683923704,1.08991825613079,1.08991825613079,0.8174386920980926,0.0,0.4087193460490463,0.0,0.0,0.0,0.0,0.0,0.0,0.0,0.0,0.0,0.0
081J,08,1J,0,0,0,0,782,782,782,0,121,175,52,377,14,5,8,12,8,6,0,4,0,0,0,0,0,0,0,0,0,0,inf,0.0,100.0,15.473145780051151,22.37851662404092,6.649616368286446,48.209718670076725,1.7902813299232736,0.639386189258312,1.0230179028132993,1.5345268542199488,1.0230179028132993,0.7672634271099744,0.0,0.5115089514066496,0.0,0.0,0.0,0.0,0.0,0.0,0.0,0.0,0.0,0.0
081K,08,1K,0,0,0,0,801,801,797,4,101,172,46,421,21,8,16,4,5,2,0,0,0,0,0,0,0,0,1,0,0,0,inf,0.4993757802746567,99.50062421972534,12.672521957340024,21.580928481806776,5.771643663739021,52.82308657465495,2.6348808030112925,1.0037641154328731,2.0075282308657463,0.5018820577164366,0.6273525721455459,0.2509410288582183,0.0,0.0,0.0,0.0,0.0,0.0,0.0,0.0,0.12547051442910914,0.0,0.0,0.0
081L,08,1L,0,0,0,0,492,492,492,0,84,103,34,237,15,1,9,6,2,0,0,0,0,0,1,0,0,0,0,0,0,0,inf,0.0,100.0,17.073170731707318,20.934959349593495,6.910569105691057,48.170731707317074,3.048780487804878,0.20325203252032523,1.8292682926829267,1.2195121951219512,0.40650406504065045,0.0,0.0,0.0,0.0,0.0,0.20325203252032523,0.0,0.0,0.0,0.0,0.0,0.0,0.0
081M,08,1M,0,0,0,0,756,756,753,3,98,192,60,337,32,8,9,11,1,3,0,0,0,0,2,0,0,0,0,0,0,0,inf,0.3968253968253968,99.60317460317461,13.014608233731739,25.49800796812749,7.968127490039841,44.754316069057104,4.249667994687915,1.0624169986719787,1.1952191235059761,1.4608233731739706,0.13280212483399734,0.398406374501992,0.0,0.0,0.0,0.0,0.2656042496679947,0.0,0.0,0.0,0.0,0.0,0.0,0.0
081N,08,1N,0,0,0,0,687,687,682,5,104,142,61,319,25,4,10,9,3,1,0,1,0,0,2,0,0,0,1,0,0,0,inf,0.727802037845706,99.2721979621543,15.249266862170089,20.821114369501466,8.944281524926687,46.774193548387096,3.6656891495601176,0.5865102639296188,1.466275659824047,1.3196480938416422,0.43988269794721413,0.1466275659824047,0.0,0.1466275659824047,0.0,0.0,0.2932551319648094,0.0,0.0,0.0,0.1466275659824047,0.0,0.0,0.0
081P,08,1P,0,0,0,0,399,399,396,3,87,58,67,112,39,6,13,5,2,4,0,0,0,0,2,0,0,0,1,0,0,0,inf,0.7518796992481203,99.24812030075188,21.96969696969697,14.646464646464647,16.91919191919192,28.28282828282828,9.848484848484848,1.5151515151515151,3.2828282828282833,1.2626262626262625,0.5050505050505051,1.0101010101010102,0.0,0.0,0.0,0.0,0.5050505050505051,0.0,0.0,0.0,0.25252525252525254,0.0,0.0,0.0
081Q,08,1Q,0,0,0,0,529,529,529,0,69,117,49,259,11,2,7,5,4,3,0,2,0,0,1,0,0,0,0,0,0,0,inf,0.0,100.0,13.043478260869565,22.117202268431,9.262759924385634,48.96030245746692,2.0793950850661624,0.3780718336483932,1.3232514177693762,0.945179584120983,0.7561436672967864,0.5671077504725899,0.0,0.3780718336483932,0.0,0.0,0.1890359168241966,0.0,0.0,0.0,0.0,0.0,0.0,0.0
081R,08,1R,0,0,0,0,424,424,420,4,61,81,49,172,20,7,8,11,1,6,0,1,0,0,2,0,0,0,1,0,0,0,inf,0.9433962264150944,99.05660377358491,14.523809523809526,19.28571428571429,11.666666666666666,40.95238095238095,4.761904761904762,1.6666666666666667,1.9047619047619049,2.619047619047619,0.2380952380952381,1.4285714285714286,0.0,0.2380952380952381,0.0,0.0,0.4761904761904762,0.0,0.0,0.0,0.2380952380952381,0.0,0.0,0.0
081S,08,1S,0,0,0,0,714,714,712,2,147,128,68,287,41,3,17,11,6,2,0,1,0,0,0,0,0,0,1,0,0,0,inf,0.2801120448179272,99.71988795518207,20.646067415730336,17.97752808988764,9.550561797752808,40.30898876404495,5.758426966292135,0.42134831460674155,2.387640449438202,1.544943820224719,0.8426966292134831,0.2808988764044944,0.0,0.1404494382022472,0.0,0.0,0.0,0.0,0.0,0.0,0.1404494382022472,0.0,0.0,0.0
081T,08,1T,0,0,0,0,451,451,450,1,61,100,30,197,27,6,6,10,8,1,0,1,0,0,3,0,0,0,0,0,0,0,inf,0.22172949002217296,99.77827050997783,13.555555555555557,22.22222222222222,6.666666666666667,43.77777777777778,6.0,1.3333333333333335,1.3333333333333335,2.2222222222222223,1.7777777777777777,0.2222222222222222,0.0,0.2222222222222222,0.0,0.0,0.6666666666666667,0.0,0.0,0.0,0.0,0.0,0.0,0.0
08201,08,201,1114,654,460,0,473,11,471,2,80,99,42,190,30,9,5,7,4,2,0,0,0,0,3,0,0,0,0,0,0,0,42.45960502692998,0.42283298097251587,99.57716701902748,16.985138004246284,21.019108280254777,8.9171974522293,40.339702760084926,6.369426751592357,1.910828025477707,1.0615711252653928,1.48619957537155,0.8492569002123143,0.42462845010615713,0.0,0.0,0.0,0.0,0.6369426751592357,0.0,0.0,0.0,0.0,0.0,0.0,0.0
08202,08,202,989,665,324,0,471,10,464,7,75,79,15,229,41,4,5,9,3,3,0,1,0,0,0,0,0,0,0,0,0,0,47.62386248736097,1.48619957537155,98.51380042462846,16.163793103448278,17.025862068965516,3.2327586206896552,49.353448275862064,8.836206896551724,0.8620689655172413,1.0775862068965518,1.9396551724137931,0.646551724137931,0.646551724137931,0.0,0.21551724137931033,0.0,0.0,0.0,0.0,0.0,0.0,0.0,0.0,0.0,0.0
08203,08,203,976,663,313,0,451,4,447,4,67,78,25,221,23,8,5,4,8,1,0,3,0,0,2,0,0,0,2,0,0,0,46.209016393442624,0.8869179600886918,99.1130820399113,14.988814317673377,17.449664429530202,5.592841163310962,49.44071588366891,5.1454138702460845,1.7897091722595078,1.1185682326621924,0.8948545861297539,1.7897091722595078,0.22371364653243847,0.0,0.6711409395973155,0.0,0.0,0.44742729306487694,0.0,0.0,0.0,0.44742729306487694,0.0,0.0,0.0
08204,08,204,988,599,389,0,445,5,441,4,60,76,31,217,37,3,6,3,4,2,0,1,0,0,0,0,0,0,1,0,0,0,45.040485829959515,0.8988764044943821,99.10112359550561,13.60544217687075,17.233560090702948,7.029478458049887,49.2063492063492,8.390022675736962,0.6802721088435374,1.3605442176870748,0.6802721088435374,0.9070294784580499,0.45351473922902497,0.0,0.22675736961451248,0.0,0.0,0.0,0.0,0.0,0.0,0.22675736961451248,0.0,0.0,0.0
08205,08,205,1010,641,369,0,452,6,449,3,54,73,24,236,31,3,4,8,5,0,0,9,0,0,1,0,0,0,1,0,0,0,44.75247524752476,0.6637168141592921,99.33628318584071,12.026726057906458,16.258351893095767,5.3452115812917596,52.56124721603563,6.904231625835189,0.6681514476614699,0.8908685968819599,1.7817371937639197,1.1135857461024499,0.0,0.0,2.0044543429844097,0.0,0.0,0.22271714922048996,0.0,0.0,0.0,0.22271714922048996,0.0,0.0,0.0
08206,08,206,1163,717,446,0,468,4,463,5,83,68,22,243,31,2,2,3,4,0,0,5,0,0,0,0,0,0,0,0,0,0,40.24075666380051,1.0683760683760684,98.93162393162393,17.92656587473002,14.686825053995682,4.751619870410368,52.48380129589633,6.695464362850973,0.4319654427645789,0.4319654427645789,0.6479481641468683,0.8639308855291578,0.0,0.0,1.079913606911447,0.0,0.0,0.0,0.0,0.0,0.0,0.0,0.0,0.0,0.0
08207,08,207,1070,666,404,0,483,21,476,7,82,68,32,259,18,3,4,5,3,1,0,1,0,0,0,0,0,0,0,0,0,0,45.140186915887845,1.4492753623188406,98.55072463768117,17.22689075630252,14.285714285714285,6.722689075630252,54.41176470588235,3.7815126050420167,0.6302521008403361,0.8403361344537815,1.050420168067227,0.6302521008403361,0.21008403361344538,0.0,0.21008403361344538,0.0,0.0,0.0,0.0,0.0,0.0,0.0,0.0,0.0,0.0
08208,08,208,979,551,428,0,360,5,357,3,61,56,17,180,23,5,2,1,9,1,0,2,0,0,0,0,0,0,0,0,0,0,36.77221654749744,0.8333333333333334,99.16666666666667,17.086834733893557,15.686274509803921,4.761904761904762,50.42016806722689,6.442577030812324,1.400560224089636,0.5602240896358543,0.2801120448179272,2.5210084033613445,0.2801120448179272,0.0,0.5602240896358543,0.0,0.0,0.0,0.0,0.0,0.0,0.0,0.0,0.0,0.0
08209,08,209,996,607,389,0,412,8,409,3,54,41,19,261,12,2,6,1,8,2,0,0,0,0,3,0,0,0,0,0,0,0,41.365461847389554,0.7281553398058253,99.27184466019418,13.202933985330073,10.024449877750612,4.645476772616137,63.81418092909536,2.93398533007335,0.4889975550122249,1.466992665036675,0.24449877750611246,1.9559902200488997,0.4889975550122249,0.0,0.0,0.0,0.0,0.7334963325183375,0.0,0.0,0.0,0.0,0.0,0.0,0.0
08210,08,210,1052,698,354,0,425,5,416,9,72,49,36,174,53,9,1,3,12,5,0,1,0,0,1,0,0,0,0,0,0,0,40.39923954372623,2.1176470588235294,97.88235294117648,17.307692307692307,11.778846153846153,8.653846153846153,41.82692307692308,12.740384615384615,2.1634615384615383,0.2403846153846154,0.7211538461538461,2.8846153846153846,1.201923076923077,0.0,0.2403846153846154,0.0,0.0,0.2403846153846154,0.0,0.0,0.0,0.0,0.0,0.0,0.0
08211,08,211,1149,708,441,0,467,10,464,3,73,70,38,223,36,4,3,4,5,0,0,3,0,0,4,0,0,0,1,0,0,0,40.644038294168844,0.6423982869379015,99.3576017130621,15.732758620689655,15.086206896551724,8.189655172413794,48.060344827586206,7.758620689655173,0.8620689655172413,0.646551724137931,0.8620689655172413,1.0775862068965518,0.0,0.0,0.646551724137931,0.0,0.0,0.8620689655172413,0.0,0.0,0.0,0.21551724137931033,0.0,0.0,0.0
08212,08,212,1153,689,464,0,489,8,488,1,78,82,20,258,26,1,7,4,12,0,0,0,0,0,0,0,0,0,0,0,0,0,42.41110147441457,0.2044989775051125,99.79550102249489,15.983606557377051,16.80327868852459,4.098360655737705,52.86885245901639,5.327868852459016,0.20491803278688525,1.4344262295081966,0.819672131147541,2.459016393442623,0.0,0.0,0.0,0.0,0.0,0.0,0.0,0.0,0.0,0.0,0.0,0.0,0.0
08213,08,213,1095,655,440,0,452,12,448,4,55,72,20,247,33,6,4,5,4,1,0,0,0,0,0,0,0,0,1,0,0,0,41.278538812785385,0.8849557522123894,99.11504424778761,12.276785714285714,16.071428571428573,4.464285714285714,55.13392857142857,7.366071428571429,1.3392857142857142,0.8928571428571428,1.1160714285714286,0.8928571428571428,0.2232142857142857,0.0,0.0,0.0,0.0,0.0,0.0,0.0,0.0,0.2232142857142857,0.0,0.0,0.0
08214,08,214,1022,618,404,0,454,6,451,3,67,59,22,244,35,5,7,7,3,1,0,1,0,0,0,0,0,0,0,0,0,0,44.422700587084144,0.6607929515418502,99.33920704845815,14.855875831485587,13.082039911308204,4.878048780487805,54.1019955654102,7.760532150776053,1.1086474501108647,1.5521064301552108,1.5521064301552108,0.6651884700665188,0.22172949002217296,0.0,0.22172949002217296,0.0,0.0,0.0,0.0,0.0,0.0,0.0,0.0,0.0,0.0
08215,08,215,849,534,315,0,406,13,401,5,63,58,22,217,17,8,1,5,6,1,0,1,0,0,2,0,0,0,0,0,0,0,47.820965842167254,1.2315270935960592,98.76847290640394,15.710723192019952,14.463840399002494,5.486284289276807,54.11471321695761,4.239401496259352,1.99501246882793,0.24937655860349126,1.2468827930174564,1.4962593516209477,0.24937655860349126,0.0,0.24937655860349126,0.0,0.0,0.4987531172069825,0.0,0.0,0.0,0.0,0.0,0.0,0.0
08216,08,216,1033,668,365,0,502,14,497,5,91,88,29,222,47,2,6,5,4,1,0,2,0,0,0,0,0,0,0,0,0,0,48.59632139399807,0.9960159362549801,99.00398406374502,18.30985915492958,17.706237424547282,5.8350100603621735,44.668008048289735,9.456740442655935,0.4024144869215292,1.2072434607645874,1.0060362173038229,0.8048289738430584,0.2012072434607646,0.0,0.4024144869215292,0.0,0.0,0.0,0.0,0.0,0.0,0.0,0.0,0.0,0.0
08217,08,217,863,529,334,0,390,9,388,2,60,40,28,212,31,5,2,7,0,1,0,2,0,0,0,0,0,0,0,0,0,0,45.19119351100811,0.5128205128205128,99.48717948717949,15.463917525773196,10.309278350515463,7.216494845360824,54.63917525773196,7.989690721649484,1.2886597938144329,0.5154639175257731,1.804123711340206,0.0,0.25773195876288657,0.0,0.5154639175257731,0.0,0.0,0.0,0.0,0.0,0.0,0.0,0.0,0.0,0.0
08218,08,218,1023,664,359,0,480,17,479,1,62,59,24,258,37,5,5,12,7,3,0,0,0,0,6,0,0,0,1,0,0,0,46.9208211143695,0.20833333333333334,99.79166666666667,12.943632567849686,12.31732776617954,5.010438413361169,53.86221294363257,7.724425887265135,1.0438413361169103,1.0438413361169103,2.5052192066805845,1.4613778705636742,0.6263048016701461,0.0,0.0,0.0,0.0,1.2526096033402923,0.0,0.0,0.0,0.20876826722338201,0.0,0.0,0.0
08219,08,219,994,604,390,0,435,11,432,3,69,70,38,188,47,3,4,6,5,0,0,1,0,0,1,0,0,0,0,0,0,0,43.7625754527163,0.6896551724137931,99.3103448275862,15.972222222222221,16.203703703703702,8.796296296296296,43.51851851851852,10.87962962962963,0.6944444444444444,0.9259259259259258,1.3888888888888888,1.1574074074074074,0.0,0.0,0.23148148148148145,0.0,0.0,0.23148148148148145,0.0,0.0,0.0,0.0,0.0,0.0,0.0
08220,08,220,1094,684,410,0,480,6,478,2,75,48,34,252,45,5,9,6,3,0,0,0,0,0,1,0,0,0,0,0,0,0,43.875685557586834,0.4166666666666667,99.58333333333333,15.690376569037657,10.0418410041841,7.112970711297072,52.719665271966534,9.414225941422593,1.0460251046025104,1.882845188284519,1.2552301255230125,0.6276150627615062,0.0,0.0,0.0,0.0,0.0,0.20920502092050208,0.0,0.0,0.0,0.0,0.0,0.0,0.0
08221,08,221,1037,624,413,0,396,8,394,2,59,68,23,205,22,3,6,5,3,0,0,0,0,0,0,0,0,0,0,0,0,0,38.1870781099325,0.5050505050505051,99.4949494949495,14.974619289340103,17.258883248730964,5.83756345177665,52.03045685279187,5.583756345177665,0.7614213197969544,1.5228426395939088,1.2690355329949239,0.7614213197969544,0.0,0.0,0.0,0.0,0.0,0.0,0.0,0.0,0.0,0.0,0.0,0.0,0.0
08222,08,222,1076,665,411,0,450,21,449,1,54,56,29,254,37,5,4,3,5,0,0,1,0,0,0,0,0,0,1,0,0,0,41.82156133828997,0.2222222222222222,99.77777777777777,12.026726057906458,12.47216035634744,6.45879732739421,56.57015590200446,8.240534521158128,1.1135857461024499,0.8908685968819599,0.6681514476614699,1.1135857461024499,0.0,0.0,0.22271714922048996,0.0,0.0,0.0,0.0,0.0,0.0,0.22271714922048996,0.0,0.0,0.0
08223,08,223,1191,988,203,0,501,8,486,15,102,21,41,239,46,3,4,6,21,1,0,2,0,0,0,0,0,0,0,0,0,0,42.0654911838791,2.9940119760479043,97.0059880239521,20.98765432098765,4.320987654320987,8.436213991769549,49.17695473251029,9.465020576131687,0.6172839506172839,0.823045267489712,1.2345679012345678,4.320987654320987,0.205761316872428,0.0,0.411522633744856,0.0,0.0,0.0,0.0,0.0,0.0,0.0,0.0,0.0,0.0
08224,08,224,1171,849,322,0,582,8,571,11,83,42,56,295,58,7,6,3,18,1,0,1,0,0,1,0,0,0,0,0,0,0,49.70111016225449,1.8900343642611683,98.10996563573883,14.535901926444833,7.355516637478108,9.807355516637479,51.66374781085814,10.157618213660244,1.2259194395796849,1.0507880910683012,0.5253940455341506,3.1523642732049035,0.17513134851138354,0.0,0.17513134851138354,0.0,0.0,0.17513134851138354,0.0,0.0,0.0,0.0,0.0,0.0,0.0
08225,08,225,999,663,336,0,419,6,411,8,85,47,27,196,34,5,5,5,5,0,0,0,0,0,1,0,0,0,1,0,0,0,41.94194194194194,1.9093078758949882,98.09069212410502,20.68126520681265,11.435523114355231,6.569343065693431,47.688564476885645,8.27250608272506,1.2165450121654502,1.2165450121654502,1.2165450121654502,1.2165450121654502,0.0,0.0,0.0,0.0,0.0,0.24330900243309003,0.0,0.0,0.0,0.24330900243309003,0.0,0.0,0.0
08226,08,226,931,603,328,0,424,11,420,4,49,69,24,226,29,5,5,7,2,1,0,2,0,0,1,0,0,0,0,0,0,0,45.54242749731471,0.9433962264150944,99.05660377358491,11.666666666666666,16.428571428571427,5.714285714285714,53.80952380952381,6.904761904761905,1.1904761904761905,1.1904761904761905,1.6666666666666667,0.4761904761904762,0.2380952380952381,0.0,0.4761904761904762,0.0,0.0,0.2380952380952381,0.0,0.0,0.0,0.0,0.0,0.0,0.0
08227,08,227,903,597,306,0,448,11,443,5,77,68,28,225,22,6,7,3,7,0,0,0,0,0,0,0,0,0,0,0,0,0,49.6124031007752,1.1160714285714286,98.88392857142857,17.381489841986454,15.349887133182843,6.320541760722348,50.79006772009029,4.966139954853273,1.3544018058690745,1.580135440180587,0.6772009029345373,1.580135440180587,0.0,0.0,0.0,0.0,0.0,0.0,0.0,0.0,0.0,0.0,0.0,0.0,0.0
08228,08,228,961,643,318,0,421,9,416,5,52,49,40,223,24,9,6,0,9,2,0,0,0,0,1,0,0,0,1,0,0,0,43.80853277835588,1.187648456057007,98.812351543943,12.5,11.778846153846153,9.615384615384617,53.605769230769226,5.769230769230769,2.1634615384615383,1.4423076923076923,0.0,2.1634615384615383,0.4807692307692308,0.0,0.0,0.0,0.0,0.2403846153846154,0.0,0.0,0.0,0.2403846153846154,0.0,0.0,0.0
08229,08,229,1077,708,369,0,407,8,401,6,68,40,21,218,32,7,2,3,7,0,0,2,0,0,0,0,0,0,1,0,0,0,37.79015784586815,1.4742014742014742,98.52579852579852,16.957605985037407,9.975062344139651,5.236907730673317,54.3640897755611,7.98004987531172,1.7456359102244388,0.4987531172069825,0.7481296758104738,1.7456359102244388,0.0,0.0,0.4987531172069825,0.0,0.0,0.0,0.0,0.0,0.0,0.24937655860349126,0.0,0.0,0.0
08230,08,230,913,570,343,0,401,9,400,1,51,55,26,212,37,1,2,10,3,1,0,2,0,0,0,0,0,0,0,0,0,0,43.921139101861996,0.24937655860349126,99.75062344139651,12.75,13.750000000000002,6.5,53.0,9.25,0.25,0.5,2.5,0.75,0.25,0.0,0.5,0.0,0.0,0.0,0.0,0.0,0.0,0.0,0.0,0.0,0.0
08231,08,231,862,627,235,0,441,4,441,0,67,48,18,249,36,4,2,1,14,0,0,2,0,0,0,0,0,0,0,0,0,0,51.1600928074246,0.0,100.0,15.192743764172336,10.884353741496598,4.081632653061225,56.4625850340136,8.16326530612245,0.9070294784580499,0.45351473922902497,0.22675736961451248,3.1746031746031744,0.0,0.0,0.45351473922902497,0.0,0.0,0.0,0.0,0.0,0.0,0.0,0.0,0.0,0.0
082A,08,2A,0,0,0,0,708,708,705,3,104,216,54,272,13,17,12,6,9,0,0,1,0,0,1,0,0,0,0,0,0,0,inf,0.423728813559322,99.57627118644068,14.75177304964539,30.638297872340424,7.659574468085106,38.58156028368794,1.8439716312056738,2.4113475177304964,1.702127659574468,0.851063829787234,1.276595744680851,0.0,0.0,0.14184397163120568,0.0,0.0,0.14184397163120568,0.0,0.0,0.0,0.0,0.0,0.0,0.0
082B,08,2B,0,0,0,0,655,655,649,6,149,145,35,275,17,5,6,5,6,3,0,3,0,0,0,0,0,0,0,0,0,0,inf,0.9160305343511451,99.08396946564886,22.95839753466872,22.342064714946073,5.3929121725731894,42.3728813559322,2.6194144838212634,0.7704160246533128,0.9244992295839755,0.7704160246533128,0.9244992295839755,0.46224961479198773,0.0,0.46224961479198773,0.0,0.0,0.0,0.0,0.0,0.0,0.0,0.0,0.0,0.0
082C,08,2C,0,0,0,0,762,762,755,7,129,135,49,384,24,5,6,6,11,1,0,2,0,0,2,0,0,0,1,0,0,0,inf,0.9186351706036745,99.08136482939632,17.08609271523179,17.880794701986755,6.490066225165562,50.86092715231788,3.1788079470198674,0.6622516556291391,0.7947019867549668,0.7947019867549668,1.456953642384106,0.13245033112582782,0.0,0.26490066225165565,0.0,0.0,0.26490066225165565,0.0,0.0,0.0,0.13245033112582782,0.0,0.0,0.0
082D,08,2D,0,0,0,0,777,777,777,0,109,187,50,376,13,11,8,17,6,0,0,0,0,0,0,0,0,0,0,0,0,0,inf,0.0,100.0,14.028314028314028,24.066924066924066,6.435006435006435,48.39124839124839,1.673101673101673,1.4157014157014158,1.0296010296010296,2.187902187902188,0.7722007722007722,0.0,0.0,0.0,0.0,0.0,0.0,0.0,0.0,0.0,0.0,0.0,0.0,0.0
082E,08,2E,0,0,0,0,734,734,729,5,136,146,69,324,16,8,8,6,11,3,0,1,0,0,0,0,0,0,1,0,0,0,inf,0.6811989100817438,99.31880108991825,18.655692729766805,20.027434842249658,9.465020576131687,44.44444444444444,2.194787379972565,1.0973936899862824,1.0973936899862824,0.823045267489712,1.5089163237311385,0.411522633744856,0.0,0.1371742112482853,0.0,0.0,0.0,0.0,0.0,0.0,0.1371742112482853,0.0,0.0,0.0
082F,08,2F,0,0,0,0,663,663,661,2,103,128,49,303,30,12,12,11,9,0,0,0,0,0,4,0,0,0,0,0,0,0,inf,0.301659125188537,99.69834087481146,15.582450832072617,19.36459909228442,7.413010590015129,45.839636913767016,4.53857791225416,1.8154311649016641,1.8154311649016641,1.6641452344931922,1.361573373676248,0.0,0.0,0.0,0.0,0.0,0.6051437216338881,0.0,0.0,0.0,0.0,0.0,0.0,0.0
082G,08,2G,0,0,0,0,405,405,405,0,75,91,37,175,9,2,4,6,4,1,0,0,0,0,0,0,0,0,1,0,0,0,inf,0.0,100.0,18.51851851851852,22.469135802469136,9.135802469135802,43.20987654320987,2.2222222222222223,0.49382716049382713,0.9876543209876543,1.4814814814814816,0.9876543209876543,0.24691358024691357,0.0,0.0,0.0,0.0,0.0,0.0,0.0,0.0,0.24691358024691357,0.0,0.0,0.0
082H,08,2H,0,0,0,0,462,462,461,1,75,51,47,230,21,5,10,9,11,1,0,1,0,0,0,0,0,0,0,0,0,0,inf,0.21645021645021645,99.78354978354979,16.268980477223426,11.062906724511931,10.195227765726681,49.891540130151846,4.55531453362256,1.0845986984815619,2.1691973969631237,1.9522776572668112,2.386117136659436,0.21691973969631237,0.0,0.21691973969631237,0.0,0.0,0.0,0.0,0.0,0.0,0.0,0.0,0.0,0.0
082I,08,2I,0,0,0,0,765,765,760,5,125,190,45,342,21,7,12,11,5,0,0,1,0,0,1,0,0,0,0,0,0,0,inf,0.6535947712418301,99.34640522875817,16.447368421052634,25.0,5.921052631578947,45.0,2.763157894736842,0.9210526315789472,1.5789473684210527,1.4473684210526316,0.6578947368421052,0.0,0.0,0.13157894736842105,0.0,0.0,0.13157894736842105,0.0,0.0,0.0,0.0,0.0,0.0,0.0
082J,08,2J,0,0,0,0,660,660,657,3,94,133,59,319,15,13,9,6,7,1,0,0,0,0,1,0,0,0,0,0,0,0,inf,0.45454545454545453,99.54545454545455,14.30745814307458,20.24353120243531,8.980213089802131,48.55403348554033,2.28310502283105,1.97869101978691,1.36986301369863,0.91324200913242,1.06544901065449,0.15220700152207,0.0,0.0,0.0,0.0,0.15220700152207,0.0,0.0,0.0,0.0,0.0,0.0,0.0
082K,08,2K,0,0,0,0,691,691,690,1,95,158,45,332,23,9,9,9,4,2,0,1,0,0,0,0,0,0,3,0,0,0,inf,0.1447178002894356,99.85528219971056,13.768115942028986,22.89855072463768,6.521739130434782,48.11594202898551,3.3333333333333335,1.3043478260869565,1.3043478260869565,1.3043478260869565,0.5797101449275363,0.2898550724637681,0.0,0.14492753623188406,0.0,0.0,0.0,0.0,0.0,0.0,0.43478260869565216,0.0,0.0,0.0
082L,08,2L,0,0,0,0,623,623,620,3,80,133,41,324,24,1,9,4,1,2,0,1,0,0,0,0,0,0,0,0,0,0,inf,0.4815409309791332,99.51845906902086,12.903225806451612,21.451612903225804,6.612903225806452,52.25806451612903,3.870967741935484,0.16129032258064516,1.4516129032258065,0.6451612903225806,0.16129032258064516,0.3225806451612903,0.0,0.16129032258064516,0.0,0.0,0.0,0.0,0.0,0.0,0.0,0.0,0.0,0.0
082M,08,2M,0,0,0,0,750,750,748,2,107,149,60,362,36,4,10,7,10,1,0,1,0,0,0,0,0,0,1,0,0,0,inf,0.26666666666666666,99.73333333333333,14.304812834224597,19.919786096256683,8.02139037433155,48.39572192513369,4.81283422459893,0.53475935828877,1.3368983957219251,0.9358288770053476,1.3368983957219251,0.1336898395721925,0.0,0.1336898395721925,0.0,0.0,0.0,0.0,0.0,0.0,0.1336898395721925,0.0,0.0,0.0
082N,08,2N,0,0,0,0,574,574,570,4,75,140,41,277,17,7,4,4,5,0,0,0,0,0,0,0,0,0,0,0,0,0,inf,0.6968641114982579,99.30313588850174,13.157894736842104,24.561403508771928,7.192982456140351,48.59649122807018,2.982456140350877,1.2280701754385965,0.7017543859649122,0.7017543859649122,0.8771929824561403,0.0,0.0,0.0,0.0,0.0,0.0,0.0,0.0,0.0,0.0,0.0,0.0,0.0
082P,08,2P,0,0,0,0,637,637,635,2,78,122,49,329,30,7,6,7,4,3,0,0,0,0,0,0,0,0,0,0,0,0,inf,0.3139717425431711,99.68602825745683,12.283464566929133,19.212598425196852,7.716535433070866,51.811023622047244,4.724409448818897,1.1023622047244095,0.9448818897637795,1.1023622047244095,0.6299212598425197,0.47244094488188976,0.0,0.0,0.0,0.0,0.0,0.0,0.0,0.0,0.0,0.0,0.0,0.0
082Q,08,2Q,0,0,0,0,523,523,521,2,71,125,21,263,18,8,5,6,2,1,0,1,0,0,0,0,0,0,0,0,0,0,inf,0.3824091778202677,99.61759082217974,13.62763915547025,23.99232245681382,4.030710172744722,50.479846449136275,3.45489443378119,1.5355086372360844,0.9596928982725527,1.1516314779270633,0.3838771593090211,0.19193857965451055,0.0,0.19193857965451055,0.0,0.0,0.0,0.0,0.0,0.0,0.0,0.0,0.0,0.0
08301,08,301,908,569,339,0,429,10,427,2,79,74,39,181,35,3,6,6,1,2,0,0,0,0,0,0,0,0,1,0,0,0,47.246696035242294,0.4662004662004662,99.53379953379954,18.501170960187356,17.330210772833723,9.133489461358314,42.38875878220141,8.19672131147541,0.702576112412178,1.405152224824356,1.405152224824356,0.234192037470726,0.468384074941452,0.0,0.0,0.0,0.0,0.0,0.0,0.0,0.0,0.234192037470726,0.0,0.0,0.0
08302,08,302,914,553,361,0,404,9,397,7,42,61,36,203,37,5,4,3,4,1,0,1,0,0,0,0,0,0,0,0,0,0,44.201312910284464,1.7326732673267329,98.26732673267327,10.579345088161208,15.365239294710328,9.06801007556675,51.13350125944584,9.319899244332493,1.2594458438287155,1.0075566750629723,0.7556675062972292,1.0075566750629723,0.2518891687657431,0.0,0.2518891687657431,0.0,0.0,0.0,0.0,0.0,0.0,0.0,0.0,0.0,0.0
08303,08,303,987,625,362,0,425,8,416,9,66,37,32,225,31,7,6,4,5,1,0,2,0,0,0,0,0,0,0,0,0,0,43.059777102330294,2.1176470588235294,97.88235294117648,15.865384615384615,8.89423076923077,7.6923076923076925,54.08653846153846,7.451923076923077,1.6826923076923077,1.4423076923076923,0.9615384615384616,1.201923076923077,0.2403846153846154,0.0,0.4807692307692308,0.0,0.0,0.0,0.0,0.0,0.0,0.0,0.0,0.0,0.0
08304,08,304,1022,641,381,0,435,8,434,1,74,57,35,220,25,3,7,8,2,2,0,1,0,0,0,0,0,0,0,0,0,0,42.56360078277886,0.22988505747126436,99.77011494252874,17.050691244239633,13.13364055299539,8.064516129032258,50.69124423963134,5.76036866359447,0.6912442396313364,1.6129032258064515,1.8433179723502304,0.4608294930875576,0.4608294930875576,0.0,0.2304147465437788,0.0,0.0,0.0,0.0,0.0,0.0,0.0,0.0,0.0,0.0
08305,08,305,1011,689,322,0,463,12,454,9,57,61,29,246,41,4,4,4,5,1,0,1,0,0,1,0,0,0,0,0,0,0,45.79624134520277,1.9438444924406046,98.0561555075594,12.555066079295155,13.43612334801762,6.387665198237885,54.18502202643172,9.030837004405285,0.881057268722467,0.881057268722467,0.881057268722467,1.1013215859030838,0.22026431718061676,0.0,0.22026431718061676,0.0,0.0,0.22026431718061676,0.0,0.0,0.0,0.0,0.0,0.0,0.0
08306,08,306,911,595,316,0,462,9,459,3,74,78,21,219,38,6,8,6,4,1,0,2,0,0,2,0,0,0,0,0,0,0,50.713501646542255,0.6493506493506493,99.35064935064936,16.122004357298476,16.99346405228758,4.57516339869281,47.712418300653596,8.278867102396514,1.3071895424836601,1.7429193899782136,1.3071895424836601,0.8714596949891068,0.2178649237472767,0.0,0.4357298474945534,0.0,0.0,0.4357298474945534,0.0,0.0,0.0,0.0,0.0,0.0,0.0
08307,08,307,1045,684,361,0,467,13,461,6,58,38,32,272,35,7,5,6,5,0,0,1,0,0,2,0,0,0,0,0,0,0,44.688995215311,1.284796573875803,98.7152034261242,12.58134490238612,8.24295010845987,6.941431670281996,59.00216919739696,7.592190889370933,1.5184381778741864,1.0845986984815619,1.3015184381778742,1.0845986984815619,0.0,0.0,0.21691973969631237,0.0,0.0,0.43383947939262474,0.0,0.0,0.0,0.0,0.0,0.0,0.0
08308,08,308,901,585,316,0,428,4,420,8,78,64,20,213,29,4,2,4,5,0,0,1,0,0,0,0,0,0,0,0,0,0,47.502774694783575,1.8691588785046727,98.13084112149532,18.571428571428573,15.238095238095239,4.761904761904762,50.71428571428571,6.904761904761905,0.9523809523809524,0.4761904761904762,0.9523809523809524,1.1904761904761905,0.0,0.0,0.2380952380952381,0.0,0.0,0.0,0.0,0.0,0.0,0.0,0.0,0.0,0.0
08309,08,309,1001,804,197,0,442,2,429,13,93,15,54,206,33,3,6,2,13,0,0,2,0,0,2,0,0,0,0,0,0,0,44.15584415584416,2.941176470588235,97.05882352941177,21.678321678321677,3.4965034965034967,12.587412587412588,48.01864801864802,7.6923076923076925,0.6993006993006993,1.3986013986013985,0.4662004662004662,3.0303030303030303,0.0,0.0,0.4662004662004662,0.0,0.0,0.4662004662004662,0.0,0.0,0.0,0.0,0.0,0.0,0.0
08310,08,310,1030,900,130,0,465,4,453,12,87,8,40,222,58,5,4,1,22,0,0,3,0,0,3,0,0,0,0,0,0,0,45.14563106796117,2.5806451612903225,97.41935483870968,19.205298013245034,1.7660044150110374,8.830022075055188,49.00662251655629,12.803532008830022,1.1037527593818985,0.8830022075055187,0.22075055187637968,4.856512141280353,0.0,0.0,0.6622516556291391,0.0,0.0,0.6622516556291391,0.0,0.0,0.0,0.0,0.0,0.0,0.0
08311,08,311,861,554,307,0,427,0,422,5,83,34,101,92,63,14,15,6,7,2,0,1,0,0,0,0,0,0,4,0,0,0,49.59349593495935,1.1709601873536302,98.82903981264637,19.66824644549763,8.056872037914692,23.933649289099527,21.80094786729858,14.928909952606634,3.3175355450236967,3.5545023696682465,1.4218009478672986,1.6587677725118484,0.47393364928909953,0.0,0.23696682464454977,0.0,0.0,0.0,0.0,0.0,0.0,0.9478672985781991,0.0,0.0,0.0
08312,08,312,1208,992,216,0,502,3,495,7,84,12,58,222,72,11,6,3,17,2,0,7,0,0,1,0,0,0,0,0,0,0,41.556291390728475,1.394422310756972,98.60557768924303,16.969696969696972,2.4242424242424243,11.717171717171718,44.84848484848485,14.545454545454545,2.2222222222222223,1.2121212121212122,0.6060606060606061,3.4343434343434343,0.40404040404040403,0.0,1.4141414141414141,0.0,0.0,0.20202020202020202,0.0,0.0,0.0,0.0,0.0,0.0,0.0
08313,08,313,1185,966,219,0,491,6,480,11,80,14,40,248,52,5,2,2,27,2,0,4,0,0,4,0,0,0,0,0,0,0,41.434599156118146,2.240325865580448,97.75967413441956,16.666666666666664,2.9166666666666665,8.333333333333332,51.66666666666667,10.833333333333334,1.0416666666666665,0.4166666666666667,0.4166666666666667,5.625,0.4166666666666667,0.0,0.8333333333333334,0.0,0.0,0.8333333333333334,0.0,0.0,0.0,0.0,0.0,0.0,0.0
08314,08,314,1271,1030,241,0,501,3,491,10,100,9,56,178,99,5,11,7,20,1,0,3,0,0,2,0,0,0,0,0,0,0,39.417781274586936,1.996007984031936,98.00399201596807,20.366598778004075,1.8329938900203666,11.405295315682281,36.252545824847246,20.162932790224033,1.0183299389002036,2.240325865580448,1.4256619144602851,4.0733197556008145,0.20366598778004072,0.0,0.6109979633401221,0.0,0.0,0.40733197556008144,0.0,0.0,0.0,0.0,0.0,0.0,0.0
08315,08,315,1267,853,414,0,372,3,367,5,60,21,27,190,46,4,4,2,9,1,0,1,0,0,2,0,0,0,0,0,0,0,29.36069455406472,1.3440860215053763,98.65591397849462,16.348773841961854,5.722070844686648,7.3569482288828345,51.771117166212534,12.534059945504087,1.08991825613079,1.08991825613079,0.544959128065395,2.452316076294278,0.2724795640326975,0.0,0.2724795640326975,0.0,0.0,0.544959128065395,0.0,0.0,0.0,0.0,0.0,0.0,0.0
08316,08,316,1217,800,417,0,575,10,569,6,112,82,78,235,29,8,7,2,11,0,0,3,0,0,2,0,0,0,0,0,0,0,47.247329498767456,1.0434782608695654,98.95652173913044,19.68365553602812,14.411247803163443,13.708260105448156,41.30052724077329,5.0966608084358525,1.4059753954305798,1.2302284710017575,0.35149384885764495,1.9332161687170473,0.0,0.0,0.5272407732864675,0.0,0.0,0.35149384885764495,0.0,0.0,0.0,0.0,0.0,0.0,0.0
08317,08,317,981,671,310,0,491,6,485,6,96,36,113,104,112,7,7,1,7,0,0,0,0,0,2,0,0,0,0,0,0,0,50.05096839959226,1.2219959266802443,98.77800407331976,19.79381443298969,7.422680412371134,23.298969072164947,21.443298969072163,23.09278350515464,1.443298969072165,1.443298969072165,0.2061855670103093,1.443298969072165,0.0,0.0,0.0,0.0,0.0,0.4123711340206186,0.0,0.0,0.0,0.0,0.0,0.0,0.0
08318,08,318,1168,785,383,0,549,10,544,5,94,58,83,152,120,12,11,2,6,3,0,2,0,0,1,0,0,0,0,0,0,0,47.00342465753425,0.9107468123861567,99.08925318761385,17.27941176470588,10.661764705882353,15.257352941176471,27.941176470588236,22.058823529411764,2.2058823529411766,2.0220588235294117,0.3676470588235294,1.1029411764705883,0.5514705882352942,0.0,0.3676470588235294,0.0,0.0,0.1838235294117647,0.0,0.0,0.0,0.0,0.0,0.0,0.0
08319,08,319,1133,845,288,0,537,6,527,10,106,31,99,141,97,7,12,5,21,3,0,1,0,0,4,0,0,0,0,0,0,0,47.39629302736098,1.86219739292365,98.13780260707635,20.113851992409867,5.88235294117647,18.785578747628083,26.755218216318788,18.40607210626186,1.3282732447817838,2.2770398481973433,0.9487666034155597,3.984819734345351,0.5692599620493358,0.0,0.18975332068311196,0.0,0.0,0.7590132827324478,0.0,0.0,0.0,0.0,0.0,0.0,0.0
08320,08,320,1207,928,279,0,565,4,557,8,91,35,61,224,99,11,13,4,8,4,0,5,0,0,2,0,0,0,0,0,0,0,46.810273405136705,1.415929203539823,98.58407079646018,16.337522441651707,6.283662477558348,10.951526032315979,40.21543985637343,17.7737881508079,1.9748653500897666,2.333931777378815,0.718132854578097,1.436265709156194,0.718132854578097,0.0,0.8976660682226212,0.0,0.0,0.3590664272890485,0.0,0.0,0.0,0.0,0.0,0.0,0.0
08321,08,321,1488,1047,441,0,613,12,604,9,111,20,107,178,129,20,10,5,13,8,0,0,0,0,2,0,0,0,1,0,0,0,41.196236559139784,1.468189233278956,98.53181076672104,18.37748344370861,3.3112582781456954,17.715231788079468,29.47019867549669,21.357615894039736,3.3112582781456954,1.6556291390728477,0.8278145695364238,2.152317880794702,1.3245033112582782,0.0,0.0,0.0,0.0,0.33112582781456956,0.0,0.0,0.0,0.16556291390728478,0.0,0.0,0.0
08322,08,322,1596,1177,419,0,659,6,654,5,114,22,98,180,167,16,27,7,17,3,0,0,0,0,3,0,0,0,0,0,0,0,41.290726817042604,0.7587253414264037,99.2412746585736,17.431192660550458,3.3639143730886847,14.984709480122325,27.522935779816514,25.535168195718654,2.4464831804281344,4.128440366972478,1.0703363914373087,2.599388379204893,0.45871559633027525,0.0,0.0,0.0,0.0,0.45871559633027525,0.0,0.0,0.0,0.0,0.0,0.0,0.0
08323,08,323,1193,730,463,0,444,6,442,2,66,39,62,141,95,7,12,5,8,4,0,1,0,0,1,0,0,0,1,0,0,0,37.21709974853311,0.45045045045045046,99.54954954954955,14.93212669683258,8.823529411764707,14.027149321266968,31.90045248868778,21.49321266968326,1.583710407239819,2.7149321266968327,1.1312217194570136,1.809954751131222,0.904977375565611,0.0,0.22624434389140274,0.0,0.0,0.22624434389140274,0.0,0.0,0.0,0.22624434389140274,0.0,0.0,0.0
08324,08,324,1209,802,407,0,473,13,465,8,88,31,60,183,59,6,15,6,16,1,0,0,0,0,0,0,0,0,0,0,0,0,39.123242349048795,1.6913319238900635,98.30866807610994,18.9247311827957,6.666666666666667,12.903225806451612,39.35483870967742,12.688172043010754,1.2903225806451613,3.225806451612903,1.2903225806451613,3.4408602150537635,0.21505376344086022,0.0,0.0,0.0,0.0,0.0,0.0,0.0,0.0,0.0,0.0,0.0,0.0
08325,08,325,1085,816,269,0,549,13,544,5,72,41,58,245,74,8,7,3,23,2,0,4,0,0,5,0,0,0,2,0,0,0,50.59907834101382,0.9107468123861567,99.08925318761385,13.23529411764706,7.536764705882352,10.661764705882353,45.036764705882355,13.602941176470587,1.4705882352941175,1.2867647058823528,0.5514705882352942,4.227941176470589,0.3676470588235294,0.0,0.7352941176470588,0.0,0.0,0.9191176470588236,0.0,0.0,0.0,0.3676470588235294,0.0,0.0,0.0
08326,08,326,1038,747,291,0,488,9,484,4,71,52,38,261,34,4,6,2,9,0,0,5,0,0,1,0,0,0,1,0,0,0,47.01348747591522,0.819672131147541,99.18032786885246,14.669421487603307,10.743801652892563,7.851239669421488,53.925619834710744,7.024793388429752,0.8264462809917356,1.2396694214876034,0.4132231404958678,1.859504132231405,0.0,0.0,1.0330578512396695,0.0,0.0,0.2066115702479339,0.0,0.0,0.0,0.2066115702479339,0.0,0.0,0.0
08327,08,327,926,594,332,0,363,12,360,3,67,37,32,178,24,3,6,2,10,0,0,1,0,0,0,0,0,0,0,0,0,0,39.200863930885525,0.8264462809917356,99.17355371900827,18.61111111111111,10.277777777777777,8.88888888888889,49.44444444444444,6.666666666666667,0.8333333333333334,1.6666666666666667,0.5555555555555556,2.7777777777777777,0.0,0.0,0.2777777777777778,0.0,0.0,0.0,0.0,0.0,0.0,0.0,0.0,0.0,0.0
08328,08,328,1180,781,399,0,469,11,461,8,81,60,34,211,43,4,6,6,5,1,0,8,0,0,2,0,0,0,0,0,0,0,39.74576271186441,1.7057569296375266,98.29424307036247,17.570498915401302,13.015184381778742,7.37527114967462,45.770065075921906,9.327548806941431,0.8676789587852495,1.3015184381778742,1.3015184381778742,1.0845986984815619,0.21691973969631237,0.0,1.735357917570499,0.0,0.0,0.43383947939262474,0.0,0.0,0.0,0.0,0.0,0.0,0.0
08329,08,329,818,524,294,0,322,8,320,2,42,32,25,178,32,2,0,0,8,0,0,1,0,0,0,0,0,0,0,0,0,0,39.36430317848411,0.6211180124223602,99.37888198757764,13.125,10.0,7.8125,55.625,10.0,0.625,0.0,0.0,2.5,0.0,0.0,0.3125,0.0,0.0,0.0,0.0,0.0,0.0,0.0,0.0,0.0,0.0
08330,08,330,1187,725,462,0,468,4,462,6,74,49,57,201,57,1,9,7,4,0,0,1,0,0,2,0,0,0,0,0,0,0,39.42712721145746,1.282051282051282,98.71794871794873,16.017316017316016,10.606060606060606,12.337662337662337,43.506493506493506,12.337662337662337,0.21645021645021645,1.948051948051948,1.5151515151515151,0.8658008658008658,0.0,0.0,0.21645021645021645,0.0,0.0,0.4329004329004329,0.0,0.0,0.0,0.0,0.0,0.0,0.0
083A,08,3A,0,0,0,0,319,319,317,2,61,64,32,136,6,3,5,7,3,0,0,0,0,0,0,0,0,0,0,0,0,0,inf,0.6269592476489028,99.37304075235109,19.242902208201894,20.189274447949526,10.094637223974763,42.90220820189275,1.8927444794952681,0.9463722397476341,1.5772870662460567,2.2082018927444795,0.9463722397476341,0.0,0.0,0.0,0.0,0.0,0.0,0.0,0.0,0.0,0.0,0.0,0.0,0.0
083B,08,3B,0,0,0,0,290,290,290,0,34,63,24,148,11,3,2,4,0,0,0,1,0,0,0,0,0,0,0,0,0,0,inf,0.0,100.0,11.724137931034482,21.72413793103448,8.275862068965518,51.03448275862069,3.793103448275862,1.0344827586206897,0.6896551724137931,1.3793103448275863,0.0,0.0,0.0,0.3448275862068966,0.0,0.0,0.0,0.0,0.0,0.0,0.0,0.0,0.0,0.0
083C,08,3C,0,0,0,0,669,669,667,2,88,142,41,339,22,4,8,8,8,2,0,4,0,0,1,0,0,0,0,0,0,0,inf,0.29895366218236175,99.70104633781763,13.193403298350825,21.289355322338828,6.146926536731634,50.82458770614693,3.2983508245877062,0.5997001499250375,1.199400299850075,1.199400299850075,1.199400299850075,0.29985007496251875,0.0,0.5997001499250375,0.0,0.0,0.14992503748125938,0.0,0.0,0.0,0.0,0.0,0.0,0.0
083D,08,3D,0,0,0,0,521,521,521,0,115,85,50,215,31,2,7,5,6,1,0,1,0,0,1,0,0,0,2,0,0,0,inf,0.0,100.0,22.072936660268713,16.314779270633398,9.596928982725528,41.26679462571977,5.950095969289827,0.3838771593090211,1.3435700575815739,0.9596928982725527,1.1516314779270633,0.19193857965451055,0.0,0.19193857965451055,0.0,0.0,0.19193857965451055,0.0,0.0,0.0,0.3838771593090211,0.0,0.0,0.0
083E,08,3E,0,0,0,0,298,298,297,1,33,77,12,157,6,2,1,6,2,0,0,1,0,0,0,0,0,0,0,0,0,0,inf,0.33557046979865773,99.66442953020133,11.11111111111111,25.925925925925924,4.040404040404041,52.861952861952865,2.0202020202020203,0.6734006734006733,0.33670033670033667,2.0202020202020203,0.6734006734006733,0.0,0.0,0.33670033670033667,0.0,0.0,0.0,0.0,0.0,0.0,0.0,0.0,0.0,0.0
083F,08,3F,0,0,0,0,331,331,330,1,53,78,21,154,10,3,5,5,0,1,0,0,0,0,0,0,0,0,0,0,0,0,inf,0.3021148036253776,99.69788519637463,16.060606060606062,23.636363636363637,6.363636363636363,46.666666666666664,3.0303030303030303,0.9090909090909091,1.5151515151515151,1.5151515151515151,0.0,0.30303030303030304,0.0,0.0,0.0,0.0,0.0,0.0,0.0,0.0,0.0,0.0,0.0,0.0
083G,08,3G,0,0,0,0,291,291,289,2,47,62,19,146,4,0,5,1,3,2,0,0,0,0,0,0,0,0,0,0,0,0,inf,0.6872852233676976,99.3127147766323,16.26297577854671,21.453287197231834,6.5743944636678195,50.51903114186851,1.384083044982699,0.0,1.7301038062283738,0.34602076124567477,1.0380622837370241,0.6920415224913495,0.0,0.0,0.0,0.0,0.0,0.0,0.0,0.0,0.0,0.0,0.0,0.0
083H,08,3H,0,0,0,0,405,405,400,5,87,46,97,98,41,6,6,6,6,5,0,0,0,0,1,0,0,0,1,0,0,0,inf,1.2345679012345678,98.76543209876543,21.75,11.5,24.25,24.5,10.25,1.5,1.5,1.5,1.5,1.25,0.0,0.0,0.0,0.0,0.25,0.0,0.0,0.0,0.25,0.0,0.0,0.0
083I,08,3I,0,0,0,0,406,406,400,6,86,25,85,111,34,7,14,2,30,3,0,2,0,0,0,0,0,0,1,0,0,0,inf,1.477832512315271,98.52216748768473,21.5,6.25,21.25,27.750000000000004,8.5,1.7500000000000002,3.5000000000000004,0.5,7.5,0.75,0.0,0.5,0.0,0.0,0.0,0.0,0.0,0.0,0.25,0.0,0.0,0.0
083J,08,3J,0,0,0,0,556,556,550,6,103,65,73,211,41,6,21,6,12,7,0,0,0,0,3,0,0,0,2,0,0,0,inf,1.079136690647482,98.92086330935251,18.72727272727273,11.818181818181818,13.272727272727272,38.36363636363636,7.454545454545454,1.090909090909091,3.8181818181818183,1.090909090909091,2.181818181818182,1.2727272727272727,0.0,0.0,0.0,0.0,0.5454545454545455,0.0,0.0,0.0,0.36363636363636365,0.0,0.0,0.0
083K,08,3K,0,0,0,0,808,808,802,6,132,144,168,230,69,11,17,13,10,2,0,2,0,0,4,0,0,0,0,0,0,0,inf,0.7425742574257426,99.25742574257426,16.458852867830423,17.955112219451372,20.947630922693268,28.6783042394015,8.603491271820449,1.3715710723192018,2.119700748129676,1.6209476309226933,1.2468827930174564,0.24937655860349126,0.0,0.24937655860349126,0.0,0.0,0.4987531172069825,0.0,0.0,0.0,0.0,0.0,0.0,0.0
083L,08,3L,0,0,0,0,530,530,526,4,131,42,144,119,49,10,17,4,5,3,0,1,0,0,1,0,0,0,0,0,0,0,inf,0.7547169811320755,99.24528301886792,24.904942965779465,7.984790874524715,27.376425855513308,22.623574144486692,9.315589353612168,1.9011406844106464,3.2319391634980987,0.7604562737642585,0.9505703422053232,0.5703422053231939,0.0,0.19011406844106463,0.0,0.0,0.19011406844106463,0.0,0.0,0.0,0.0,0.0,0.0,0.0
083M,08,3M,0,0,0,0,343,343,342,1,71,54,82,79,27,3,11,2,7,3,0,1,0,0,1,0,0,0,1,0,0,0,inf,0.2915451895043732,99.70845481049562,20.760233918128655,15.789473684210526,23.976608187134502,23.099415204678362,7.894736842105263,0.8771929824561403,3.216374269005848,0.5847953216374269,2.046783625730994,0.8771929824561403,0.0,0.29239766081871343,0.0,0.0,0.29239766081871343,0.0,0.0,0.0,0.29239766081871343,0.0,0.0,0.0
083N,08,3N,0,0,0,0,619,619,617,2,99,76,106,237,40,10,17,7,15,5,0,3,0,0,2,0,0,0,0,0,0,0,inf,0.32310177705977383,99.67689822294022,16.045380875202593,12.317666126418152,17.179902755267424,38.41166936790924,6.482982171799027,1.6207455429497568,2.755267423014587,1.1345218800648298,2.4311183144246353,0.8103727714748784,0.0,0.48622366288492713,0.0,0.0,0.3241491085899514,0.0,0.0,0.0,0.0,0.0,0.0,0.0
083P,08,3P,0,0,0,0,746,746,733,13,147,58,176,159,107,16,30,6,18,8,0,3,0,0,4,0,0,0,1,0,0,0,inf,1.742627345844504,98.25737265415549,20.05457025920873,7.91268758526603,24.01091405184175,21.69167803547067,14.597544338335608,2.1828103683492497,4.092769440654844,0.8185538881309686,2.455661664392906,1.0914051841746248,0.0,0.4092769440654843,0.0,0.0,0.5457025920873124,0.0,0.0,0.0,0.1364256480218281,0.0,0.0,0.0
083Q,08,3Q,0,0,0,0,597,597,592,5,113,108,45,257,29,13,9,3,8,2,0,3,0,0,1,0,0,0,1,0,0,0,inf,0.8375209380234505,99.16247906197655,19.08783783783784,18.243243243243242,7.601351351351352,43.41216216216216,4.898648648648648,2.195945945945946,1.5202702702702704,0.5067567567567568,1.3513513513513513,0.33783783783783783,0.0,0.5067567567567568,0.0,0.0,0.16891891891891891,0.0,0.0,0.0,0.16891891891891891,0.0,0.0,0.0
083R,08,3R,0,0,0,0,539,539,538,1,101,112,47,228,23,5,3,10,6,2,0,0,0,0,1,0,0,0,0,0,0,0,inf,0.1855287569573284,99.81447124304268,18.773234200743495,20.817843866171003,8.736059479553903,42.37918215613383,4.275092936802974,0.929368029739777,0.5576208178438662,1.858736059479554,1.1152416356877324,0.37174721189591076,0.0,0.0,0.0,0.0,0.18587360594795538,0.0,0.0,0.0,0.0,0.0,0.0,0.0
083S,08,3S,0,0,0,0,697,697,691,6,105,128,90,290,37,5,12,9,4,6,0,0,0,0,5,0,0,0,0,0,0,0,inf,0.860832137733142,99.13916786226686,15.195369030390736,18.523878437047756,13.024602026049203,41.96816208393632,5.354558610709118,0.723589001447178,1.7366136034732274,1.3024602026049203,0.5788712011577424,0.8683068017366137,0.0,0.0,0.0,0.0,0.723589001447178,0.0,0.0,0.0,0.0,0.0,0.0,0.0
08401,08,401,1070,685,385,0,434,3,423,11,72,19,123,94,86,8,5,5,6,0,0,1,0,0,4,0,0,0,0,0,0,0,40.560747663551396,2.5345622119815667,97.46543778801843,17.02127659574468,4.491725768321513,29.078014184397162,22.22222222222222,20.33096926713948,1.8912529550827424,1.1820330969267139,1.1820330969267139,1.4184397163120568,0.0,0.0,0.2364066193853428,0.0,0.0,0.9456264775413712,0.0,0.0,0.0,0.0,0.0,0.0,0.0
08402,08,402,1031,671,360,0,460,5,452,8,91,35,103,84,101,13,10,2,7,3,0,1,0,0,2,0,0,0,0,0,0,0,44.6168768186227,1.7391304347826086,98.26086956521739,20.13274336283186,7.7433628318584065,22.787610619469024,18.58407079646018,22.345132743362832,2.8761061946902653,2.2123893805309733,0.4424778761061947,1.5486725663716814,0.6637168141592921,0.0,0.22123893805309736,0.0,0.0,0.4424778761061947,0.0,0.0,0.0,0.0,0.0,0.0,0.0
08403,08,403,1131,842,289,0,543,12,530,13,98,31,100,121,138,11,12,7,6,5,0,0,0,0,1,0,0,0,0,0,0,0,48.01061007957559,2.394106813996317,97.60589318600368,18.49056603773585,5.849056603773585,18.867924528301888,22.830188679245282,26.037735849056602,2.0754716981132075,2.2641509433962264,1.3207547169811322,1.1320754716981132,0.9433962264150944,0.0,0.0,0.0,0.0,0.18867924528301888,0.0,0.0,0.0,0.0,0.0,0.0,0.0
08404,08,404,1049,608,441,0,432,4,429,3,99,13,107,62,108,10,15,5,0,5,0,0,0,0,4,0,0,0,1,0,0,0,41.18207816968542,0.6944444444444444,99.30555555555556,23.076923076923077,3.0303030303030303,24.941724941724942,14.452214452214452,25.174825174825177,2.331002331002331,3.4965034965034967,1.1655011655011656,0.0,1.1655011655011656,0.0,0.0,0.0,0.0,0.9324009324009324,0.0,0.0,0.0,0.2331002331002331,0.0,0.0,0.0
08405,08,405,1104,778,326,0,480,3,474,6,78,22,116,102,114,12,8,0,6,3,0,4,0,0,9,0,0,0,0,0,0,0,43.47826086956522,1.25,98.75,16.455696202531644,4.641350210970464,24.47257383966245,21.518987341772153,24.050632911392405,2.5316455696202533,1.6877637130801686,0.0,1.2658227848101267,0.6329113924050633,0.0,0.8438818565400843,0.0,0.0,1.89873417721519,0.0,0.0,0.0,0.0,0.0,0.0,0.0
08406,08,406,1133,743,390,0,544,3,537,7,99,41,126,107,126,8,16,4,6,2,0,0,0,0,1,0,0,0,1,0,0,0,48.014121800529566,1.2867647058823528,98.71323529411765,18.435754189944134,7.635009310986965,23.463687150837988,19.925512104283055,23.463687150837988,1.48975791433892,2.97951582867784,0.74487895716946,1.1173184357541899,0.37243947858473,0.0,0.0,0.0,0.0,0.186219739292365,0.0,0.0,0.0,0.186219739292365,0.0,0.0,0.0
08407,08,407,1131,652,479,0,385,2,383,2,75,39,93,72,77,8,8,5,2,2,0,1,0,0,0,0,0,0,1,0,0,0,34.04067197170645,0.5194805194805194,99.48051948051948,19.5822454308094,10.182767624020887,24.281984334203656,18.79895561357702,20.10443864229765,2.088772845953003,2.088772845953003,1.3054830287206265,0.5221932114882507,0.5221932114882507,0.0,0.26109660574412535,0.0,0.0,0.0,0.0,0.0,0.0,0.26109660574412535,0.0,0.0,0.0
08408,08,408,847,563,284,0,412,6,410,2,78,34,96,93,79,9,6,4,6,3,0,1,0,0,1,0,0,0,0,0,0,0,48.642266824085006,0.48543689320388345,99.51456310679612,19.024390243902438,8.292682926829269,23.414634146341466,22.682926829268293,19.26829268292683,2.195121951219512,1.4634146341463417,0.975609756097561,1.4634146341463417,0.7317073170731708,0.0,0.24390243902439024,0.0,0.0,0.24390243902439024,0.0,0.0,0.0,0.0,0.0,0.0,0.0
08409,08,409,949,658,291,0,511,0,506,5,89,24,164,75,113,17,7,1,10,4,0,1,0,0,0,0,0,0,1,0,0,0,53.84615384615385,0.9784735812133072,99.02152641878669,17.588932806324113,4.743083003952568,32.41106719367589,14.82213438735178,22.33201581027668,3.3596837944664033,1.383399209486166,0.1976284584980237,1.9762845849802373,0.7905138339920948,0.0,0.1976284584980237,0.0,0.0,0.0,0.0,0.0,0.0,0.1976284584980237,0.0,0.0,0.0
08410,08,410,992,620,372,0,488,5,485,3,87,42,180,54,85,11,5,3,8,3,0,3,0,0,3,0,0,0,1,0,0,0,49.193548387096776,0.6147540983606558,99.38524590163934,17.938144329896907,8.65979381443299,37.11340206185567,11.134020618556702,17.525773195876287,2.268041237113402,1.0309278350515463,0.6185567010309279,1.6494845360824744,0.6185567010309279,0.0,0.6185567010309279,0.0,0.0,0.6185567010309279,0.0,0.0,0.0,0.2061855670103093,0.0,0.0,0.0
08411,08,411,1025,621,404,0,484,8,481,3,97,31,183,64,74,15,7,3,6,0,0,0,0,0,0,0,0,0,1,0,0,0,47.21951219512195,0.6198347107438017,99.3801652892562,20.16632016632017,6.4449064449064455,38.04573804573805,13.305613305613306,15.384615384615385,3.118503118503119,1.4553014553014554,0.6237006237006237,1.2474012474012475,0.0,0.0,0.0,0.0,0.0,0.0,0.0,0.0,0.0,0.2079002079002079,0.0,0.0,0.0
08412,08,412,1218,761,457,0,505,6,502,3,100,30,135,76,115,8,8,4,17,5,0,0,0,0,3,0,0,0,1,0,0,0,41.46141215106732,0.594059405940594,99.4059405940594,19.9203187250996,5.9760956175298805,26.89243027888446,15.139442231075698,22.90836653386454,1.593625498007968,1.593625498007968,0.796812749003984,3.386454183266932,0.9960159362549801,0.0,0.0,0.0,0.0,0.5976095617529881,0.0,0.0,0.0,0.199203187250996,0.0,0.0,0.0
08413,08,413,1090,750,340,0,509,5,506,3,95,19,121,114,105,16,12,2,17,2,0,0,0,0,3,0,0,0,0,0,0,0,46.69724770642202,0.5893909626719057,99.41060903732809,18.774703557312254,3.7549407114624502,23.91304347826087,22.529644268774703,20.75098814229249,3.1620553359683794,2.371541501976284,0.3952569169960474,3.3596837944664033,0.3952569169960474,0.0,0.0,0.0,0.0,0.592885375494071,0.0,0.0,0.0,0.0,0.0,0.0,0.0
08414,08,414,910,617,293,0,418,1,412,6,84,17,121,82,82,10,4,1,7,3,0,1,0,0,0,0,0,0,0,0,0,0,45.934065934065934,1.4354066985645932,98.56459330143541,20.388349514563107,4.12621359223301,29.36893203883495,19.902912621359224,19.902912621359224,2.4271844660194173,0.9708737864077669,0.24271844660194172,1.6990291262135921,0.7281553398058253,0.0,0.24271844660194172,0.0,0.0,0.0,0.0,0.0,0.0,0.0,0.0,0.0,0.0
08415,08,415,1299,978,321,0,569,4,557,12,98,13,131,120,146,9,8,2,16,6,0,2,0,0,5,0,0,0,1,0,0,0,43.802925327174755,2.10896309314587,97.89103690685414,17.594254937163374,2.333931777378815,23.518850987432675,21.543985637342907,26.21184919210054,1.615798922800718,1.436265709156194,0.3590664272890485,2.872531418312388,1.0771992818671454,0.0,0.3590664272890485,0.0,0.0,0.8976660682226212,0.0,0.0,0.0,0.17953321364452424,0.0,0.0,0.0
08416,08,416,1073,717,356,0,511,6,503,8,102,25,138,94,115,12,8,1,6,1,0,0,0,0,1,0,0,0,0,0,0,0,47.62348555452004,1.5655577299412915,98.43444227005871,20.278330019880716,4.970178926441352,27.435387673956264,18.687872763419485,22.86282306163022,2.3856858846918487,1.5904572564612325,0.19880715705765406,1.1928429423459244,0.19880715705765406,0.0,0.0,0.0,0.0,0.19880715705765406,0.0,0.0,0.0,0.0,0.0,0.0,0.0
08417,08,417,1030,736,294,0,457,4,451,6,114,21,100,91,92,11,6,3,11,2,0,0,0,0,0,0,0,0,0,0,0,0,44.36893203883495,1.312910284463895,98.6870897155361,25.277161862527713,4.656319290465632,22.172949002217297,20.17738359201774,20.39911308203991,2.4390243902439024,1.3303769401330376,0.6651884700665188,2.4390243902439024,0.4434589800443459,0.0,0.0,0.0,0.0,0.0,0.0,0.0,0.0,0.0,0.0,0.0,0.0
08418,08,418,1052,702,350,0,446,2,439,7,94,13,134,85,85,10,4,2,7,3,0,0,0,0,2,0,0,0,0,0,0,0,42.39543726235742,1.5695067264573992,98.4304932735426,21.4123006833713,2.9612756264236904,30.52391799544419,19.362186788154897,19.362186788154897,2.277904328018223,0.9111617312072893,0.45558086560364464,1.5945330296127564,0.683371298405467,0.0,0.0,0.0,0.0,0.45558086560364464,0.0,0.0,0.0,0.0,0.0,0.0,0.0
08419,08,419,1132,816,316,0,550,2,535,15,123,15,136,90,129,12,9,4,12,2,0,0,0,0,3,0,0,0,0,0,0,0,48.58657243816255,2.727272727272727,97.27272727272728,22.990654205607477,2.803738317757009,25.42056074766355,16.822429906542055,24.11214953271028,2.2429906542056073,1.6822429906542056,0.7476635514018692,2.2429906542056073,0.3738317757009346,0.0,0.0,0.0,0.0,0.5607476635514018,0.0,0.0,0.0,0.0,0.0,0.0,0.0
08420,08,420,1023,759,264,0,510,6,500,10,109,26,130,89,103,11,12,6,8,4,0,1,0,0,1,0,0,0,0,0,0,0,49.853372434017594,1.9607843137254901,98.0392156862745,21.8,5.2,26.0,17.8,20.599999999999998,2.1999999999999997,2.4,1.2,1.6,0.8,0.0,0.2,0.0,0.0,0.2,0.0,0.0,0.0,0.0,0.0,0.0,0.0
08421,08,421,1095,905,190,0,484,10,472,12,89,8,64,185,93,6,8,1,13,2,0,1,0,0,2,0,0,0,0,0,0,0,44.20091324200913,2.479338842975207,97.52066115702479,18.85593220338983,1.694915254237288,13.559322033898304,39.19491525423729,19.703389830508474,1.2711864406779663,1.694915254237288,0.211864406779661,2.754237288135593,0.423728813559322,0.0,0.211864406779661,0.0,0.0,0.423728813559322,0.0,0.0,0.0,0.0,0.0,0.0,0.0
08422,08,422,1033,793,240,0,486,6,479,7,122,8,117,74,125,11,5,2,11,0,0,0,0,0,4,0,0,0,0,0,0,0,47.047434656340755,1.440329218106996,98.559670781893,25.469728601252612,1.6701461377870561,24.4258872651357,15.44885177453027,26.096033402922757,2.2964509394572024,1.0438413361169103,0.41753653444676403,2.2964509394572024,0.0,0.0,0.0,0.0,0.0,0.8350730688935281,0.0,0.0,0.0,0.0,0.0,0.0,0.0
08423,08,423,898,688,210,0,465,1,458,7,112,16,105,105,89,6,10,2,12,0,0,0,0,0,1,0,0,0,0,0,0,0,51.781737193763924,1.5053763440860215,98.49462365591398,24.45414847161572,3.4934497816593884,22.925764192139738,22.925764192139738,19.432314410480352,1.3100436681222707,2.1834061135371177,0.43668122270742354,2.6200873362445414,0.0,0.0,0.0,0.0,0.0,0.21834061135371177,0.0,0.0,0.0,0.0,0.0,0.0,0.0
08424,08,424,912,671,241,0,424,4,414,10,95,10,92,75,105,4,10,5,9,4,0,2,0,0,3,0,0,0,0,0,0,0,46.49122807017544,2.358490566037736,97.64150943396226,22.946859903381643,2.4154589371980677,22.22222222222222,18.115942028985508,25.36231884057971,0.966183574879227,2.4154589371980677,1.2077294685990339,2.1739130434782608,0.966183574879227,0.0,0.4830917874396135,0.0,0.0,0.7246376811594203,0.0,0.0,0.0,0.0,0.0,0.0,0.0
08425,08,425,1288,910,378,0,549,8,541,8,108,12,109,120,142,13,5,6,14,3,0,1,0,0,7,0,0,0,1,0,0,0,42.62422360248447,1.4571948998178506,98.54280510018215,19.963031423290204,2.2181146025878005,20.147874306839185,22.181146025878004,26.247689463955638,2.4029574861367835,0.9242144177449169,1.1090573012939002,2.5878003696857674,0.5545286506469501,0.0,0.18484288354898337,0.0,0.0,1.2939001848428837,0.0,0.0,0.0,0.18484288354898337,0.0,0.0,0.0
08426,08,426,1294,998,296,0,555,2,538,17,112,20,97,111,142,17,12,5,14,4,0,0,0,0,3,0,0,0,1,0,0,0,42.8902627511592,3.063063063063063,96.93693693693693,20.817843866171003,3.717472118959108,18.029739776951672,20.63197026022305,26.394052044609666,3.1598513011152414,2.2304832713754648,0.929368029739777,2.6022304832713754,0.7434944237918215,0.0,0.0,0.0,0.0,0.5576208178438662,0.0,0.0,0.0,0.18587360594795538,0.0,0.0,0.0
08427,08,427,1242,954,288,0,567,13,554,13,117,23,115,135,131,6,8,3,9,3,0,0,0,0,4,0,0,0,0,0,0,0,45.65217391304348,2.2927689594356258,97.70723104056437,21.119133574007222,4.1516245487364625,20.75812274368231,24.368231046931406,23.646209386281587,1.083032490974729,1.444043321299639,0.5415162454873645,1.6245487364620936,0.5415162454873645,0.0,0.0,0.0,0.0,0.7220216606498195,0.0,0.0,0.0,0.0,0.0,0.0,0.0
08428,08,428,1165,867,298,0,530,7,521,9,128,17,122,92,120,14,6,2,10,3,0,0,0,0,5,0,0,0,2,0,0,0,45.493562231759654,1.6981132075471699,98.30188679245283,24.56813819577735,3.262955854126679,23.41650671785029,17.65834932821497,23.032629558541267,2.6871401151631478,1.1516314779270633,0.3838771593090211,1.9193857965451053,0.5758157389635317,0.0,0.0,0.0,0.0,0.9596928982725527,0.0,0.0,0.0,0.3838771593090211,0.0,0.0,0.0
08429,08,429,848,683,165,0,445,3,436,9,91,8,104,76,119,7,12,3,14,2,0,0,0,0,0,0,0,0,0,0,0,0,52.47641509433962,2.0224719101123596,97.97752808988764,20.871559633027523,1.834862385321101,23.853211009174313,17.431192660550458,27.293577981651374,1.6055045871559634,2.7522935779816518,0.6880733944954129,3.211009174311927,0.45871559633027525,0.0,0.0,0.0,0.0,0.0,0.0,0.0,0.0,0.0,0.0,0.0,0.0
08430,08,430,900,624,276,0,445,1,441,4,98,18,142,81,74,10,6,1,4,3,0,0,0,0,4,0,0,0,0,0,0,0,49.44444444444444,0.8988764044943821,99.10112359550561,22.22222222222222,4.081632653061225,32.19954648526077,18.367346938775512,16.780045351473923,2.2675736961451247,1.3605442176870748,0.22675736961451248,0.9070294784580499,0.6802721088435374,0.0,0.0,0.0,0.0,0.9070294784580499,0.0,0.0,0.0,0.0,0.0,0.0,0.0
084A,08,4A,0,0,0,0,717,717,716,1,150,56,262,62,111,24,25,5,9,6,0,1,0,0,4,0,0,0,1,0,0,0,inf,0.1394700139470014,99.86052998605301,20.949720670391063,7.82122905027933,36.592178770949715,8.659217877094973,15.502793296089385,3.35195530726257,3.4916201117318435,0.6983240223463687,1.2569832402234637,0.8379888268156425,0.0,0.13966480446927373,0.0,0.0,0.5586592178770949,0.0,0.0,0.0,0.13966480446927373,0.0,0.0,0.0
084B,08,4B,0,0,0,0,600,600,597,3,137,53,155,101,72,14,40,4,11,4,0,1,0,0,4,0,0,0,1,0,0,0,inf,0.5,99.5,22.948073701842546,8.877721943048575,25.963149078726964,16.917922948073702,12.060301507537687,2.3450586264656614,6.700167504187604,0.6700167504187605,1.8425460636515913,0.6700167504187605,0.0,0.16750418760469013,0.0,0.0,0.6700167504187605,0.0,0.0,0.0,0.16750418760469013,0.0,0.0,0.0
084C,08,4C,0,0,0,0,707,707,701,6,175,40,273,49,104,26,18,4,3,6,0,0,0,0,3,0,0,0,0,0,0,0,inf,0.8486562942008486,99.15134370579915,24.964336661911553,5.706134094151213,38.944365192582026,6.990014265335236,14.835948644793154,3.7089871611982885,2.5677603423680457,0.5706134094151213,0.42796005706134094,0.8559201141226819,0.0,0.0,0.0,0.0,0.42796005706134094,0.0,0.0,0.0,0.0,0.0,0.0,0.0
084D,08,4D,0,0,0,0,785,785,782,3,196,83,223,88,121,25,12,9,8,10,0,0,0,0,5,0,0,0,2,0,0,0,inf,0.3821656050955414,99.61783439490446,25.063938618925828,10.61381074168798,28.516624040920718,11.253196930946292,15.473145780051151,3.1969309462915603,1.5345268542199488,1.1508951406649617,1.0230179028132993,1.278772378516624,0.0,0.0,0.0,0.0,0.639386189258312,0.0,0.0,0.0,0.2557544757033248,0.0,0.0,0.0
084E,08,4E,0,0,0,0,513,513,512,1,115,29,201,53,57,23,11,3,10,6,0,1,0,0,2,0,0,0,1,0,0,0,inf,0.1949317738791423,99.80506822612085,22.4609375,5.6640625,39.2578125,10.3515625,11.1328125,4.4921875,2.1484375,0.5859375,1.953125,1.171875,0.0,0.1953125,0.0,0.0,0.390625,0.0,0.0,0.0,0.1953125,0.0,0.0,0.0
084F,08,4F,0,0,0,0,346,346,345,1,73,30,139,20,53,6,13,3,3,3,0,0,0,0,2,0,0,0,0,0,0,0,inf,0.2890173410404624,99.71098265895954,21.15942028985507,8.695652173913043,40.28985507246377,5.797101449275362,15.36231884057971,1.7391304347826086,3.768115942028986,0.8695652173913043,0.8695652173913043,0.8695652173913043,0.0,0.0,0.0,0.0,0.5797101449275363,0.0,0.0,0.0,0.0,0.0,0.0,0.0
084G,08,4G,0,0,0,0,680,680,676,4,180,39,249,61,83,18,15,7,9,8,0,0,0,0,5,0,0,0,2,0,0,0,inf,0.5882352941176471,99.41176470588235,26.627218934911244,5.769230769230769,36.83431952662722,9.023668639053255,12.278106508875739,2.6627218934911245,2.2189349112426036,1.0355029585798818,1.3313609467455623,1.183431952662722,0.0,0.0,0.0,0.0,0.7396449704142012,0.0,0.0,0.0,0.2958579881656805,0.0,0.0,0.0
084H,08,4H,0,0,0,0,638,638,629,9,156,50,202,85,77,13,23,6,8,3,0,0,0,0,4,0,0,0,2,0,0,0,inf,1.4106583072100314,98.58934169278997,24.80127186009539,7.94912559618442,32.11446740858506,13.513513513513514,12.241653418124006,2.066772655007949,3.6565977742448332,0.9538950715421303,1.2718600953895072,0.47694753577106513,0.0,0.0,0.0,0.0,0.6359300476947536,0.0,0.0,0.0,0.3179650238473768,0.0,0.0,0.0
084I,08,4I,0,0,0,0,498,498,494,4,112,21,160,84,72,9,16,2,13,4,0,0,0,0,0,0,0,0,1,0,0,0,inf,0.8032128514056224,99.19678714859438,22.672064777327936,4.251012145748987,32.388663967611336,17.00404858299595,14.5748987854251,1.8218623481781375,3.2388663967611335,0.4048582995951417,2.631578947368421,0.8097165991902834,0.0,0.0,0.0,0.0,0.0,0.0,0.0,0.0,0.20242914979757085,0.0,0.0,0.0
084J,08,4J,0,0,0,0,581,581,576,5,150,34,183,68,85,9,16,4,20,6,0,0,0,0,1,0,0,0,0,0,0,0,inf,0.8605851979345954,99.1394148020654,26.041666666666668,5.902777777777778,31.770833333333332,11.805555555555555,14.756944444444445,1.5625,2.7777777777777777,0.6944444444444444,3.4722222222222223,1.0416666666666665,0.0,0.0,0.0,0.0,0.1736111111111111,0.0,0.0,0.0,0.0,0.0,0.0,0.0
084K,08,4K,0,0,0,0,284,284,282,2,82,20,85,23,42,11,10,3,2,2,0,0,0,0,0,0,0,0,2,0,0,0,inf,0.7042253521126761,99.29577464788733,29.078014184397162,7.092198581560284,30.141843971631204,8.156028368794328,14.893617021276595,3.900709219858156,3.546099290780142,1.0638297872340425,0.7092198581560284,0.7092198581560284,0.0,0.0,0.0,0.0,0.0,0.0,0.0,0.0,0.7092198581560284,0.0,0.0,0.0
084L,08,4L,0,0,0,0,336,336,332,4,97,10,82,56,46,9,16,0,13,0,0,1,0,0,0,0,0,0,2,0,0,0,inf,1.1904761904761905,98.80952380952381,29.21686746987952,3.0120481927710845,24.69879518072289,16.867469879518072,13.855421686746988,2.710843373493976,4.819277108433735,0.0,3.91566265060241,0.0,0.0,0.30120481927710846,0.0,0.0,0.0,0.0,0.0,0.0,0.6024096385542169,0.0,0.0,0.0
084M,08,4M,0,0,0,0,460,460,456,4,95,21,157,55,71,11,12,3,16,14,0,0,0,0,1,0,0,0,0,0,0,0,inf,0.8695652173913043,99.1304347826087,20.833333333333336,4.605263157894736,34.42982456140351,12.06140350877193,15.570175438596493,2.4122807017543857,2.631578947368421,0.6578947368421052,3.508771929824561,3.070175438596491,0.0,0.0,0.0,0.0,0.21929824561403508,0.0,0.0,0.0,0.0,0.0,0.0,0.0
084N,08,4N,0,0,0,0,362,362,362,0,90,20,95,59,42,6,22,5,14,8,0,0,0,0,0,0,0,0,1,0,0,0,inf,0.0,100.0,24.861878453038674,5.524861878453039,26.243093922651934,16.298342541436465,11.602209944751381,1.6574585635359116,6.077348066298343,1.3812154696132597,3.867403314917127,2.209944751381215,0.0,0.0,0.0,0.0,0.0,0.0,0.0,0.0,0.2762430939226519,0.0,0.0,0.0
084P,08,4P,0,0,0,0,265,265,263,2,73,16,83,31,39,3,8,2,3,2,0,0,0,0,3,0,0,0,0,0,0,0,inf,0.7547169811320755,99.24528301886792,27.756653992395435,6.083650190114068,31.55893536121673,11.787072243346007,14.82889733840304,1.1406844106463878,3.041825095057034,0.7604562737642585,1.1406844106463878,0.7604562737642585,0.0,0.0,0.0,0.0,1.1406844106463878,0.0,0.0,0.0,0.0,0.0,0.0,0.0
084Q,08,4Q,0,0,0,0,588,588,582,6,145,24,174,81,90,3,26,4,30,5,0,0,0,0,0,0,0,0,0,0,0,0,inf,1.0204081632653061,98.9795918367347,24.914089347079038,4.123711340206185,29.896907216494846,13.917525773195877,15.463917525773196,0.5154639175257731,4.4673539518900345,0.6872852233676976,5.154639175257731,0.859106529209622,0.0,0.0,0.0,0.0,0.0,0.0,0.0,0.0,0.0,0.0,0.0,0.0
084R,08,4R,0,0,0,0,256,256,251,5,78,10,62,33,45,3,8,2,4,3,0,0,0,0,2,0,0,0,1,0,0,0,inf,1.953125,98.046875,31.07569721115538,3.9840637450199203,24.701195219123505,13.147410358565736,17.928286852589643,1.1952191235059761,3.187250996015936,0.796812749003984,1.593625498007968,1.1952191235059761,0.0,0.0,0.0,0.0,0.796812749003984,0.0,0.0,0.0,0.398406374501992,0.0,0.0,0.0
08501,08,501,1044,761,283,0,435,11,431,4,69,30,81,140,85,8,8,2,6,0,0,0,0,0,2,0,0,0,0,0,0,0,41.66666666666667,0.9195402298850575,99.08045977011494,16.009280742459396,6.960556844547564,18.793503480278424,32.48259860788863,19.721577726218097,1.8561484918793503,1.8561484918793503,0.46403712296983757,1.3921113689095126,0.0,0.0,0.0,0.0,0.0,0.46403712296983757,0.0,0.0,0.0,0.0,0.0,0.0,0.0
08502,08,502,979,699,280,0,486,6,482,4,112,41,75,141,88,8,7,4,3,2,0,0,0,0,1,0,0,0,0,0,0,0,49.64249233912155,0.823045267489712,99.1769547325103,23.236514522821576,8.506224066390041,15.560165975103734,29.253112033195023,18.25726141078838,1.6597510373443984,1.4522821576763485,0.8298755186721992,0.6224066390041494,0.4149377593360996,0.0,0.0,0.0,0.0,0.2074688796680498,0.0,0.0,0.0,0.0,0.0,0.0,0.0
08503,08,503,870,505,365,0,420,4,417,3,102,56,95,91,54,7,7,1,2,0,0,2,0,0,0,0,0,0,0,0,0,0,48.275862068965516,0.7142857142857143,99.28571428571429,24.46043165467626,13.42925659472422,22.781774580335732,21.822541966426858,12.949640287769784,1.6786570743405276,1.6786570743405276,0.2398081534772182,0.4796163069544364,0.0,0.0,0.4796163069544364,0.0,0.0,0.0,0.0,0.0,0.0,0.0,0.0,0.0,0.0
08504,08,504,863,517,346,0,423,5,421,2,102,55,83,95,59,9,10,1,4,2,0,0,0,0,1,0,0,0,0,0,0,0,49.015063731170336,0.4728132387706856,99.52718676122932,24.228028503562946,13.064133016627078,19.71496437054632,22.565320665083135,14.014251781472684,2.137767220902613,2.375296912114014,0.23752969121140144,0.9501187648456058,0.4750593824228029,0.0,0.0,0.0,0.0,0.23752969121140144,0.0,0.0,0.0,0.0,0.0,0.0,0.0
08505,08,505,971,643,328,0,459,8,451,8,104,57,112,87,69,8,3,2,5,1,0,0,0,0,2,0,0,0,1,0,0,0,47.27085478887745,1.7429193899782136,98.25708061002179,23.059866962305986,12.638580931263856,24.833702882483372,19.290465631929045,15.299334811529933,1.7738359201773837,0.6651884700665188,0.4434589800443459,1.1086474501108647,0.22172949002217296,0.0,0.0,0.0,0.0,0.4434589800443459,0.0,0.0,0.0,0.22172949002217296,0.0,0.0,0.0
08506,08,506,949,595,354,0,447,8,445,2,93,61,70,102,83,11,8,5,9,1,0,0,0,0,1,0,0,0,1,0,0,0,47.10221285563752,0.44742729306487694,99.55257270693512,20.89887640449438,13.707865168539326,15.730337078651685,22.92134831460674,18.651685393258425,2.4719101123595504,1.7977528089887642,1.1235955056179776,2.0224719101123596,0.22471910112359553,0.0,0.0,0.0,0.0,0.22471910112359553,0.0,0.0,0.0,0.22471910112359553,0.0,0.0,0.0
08507,08,507,990,664,326,0,425,9,418,7,78,25,66,87,128,13,9,3,3,3,0,0,0,0,3,0,0,0,0,0,0,0,42.92929292929293,1.647058823529412,98.3529411764706,18.660287081339714,5.980861244019139,15.789473684210526,20.813397129186605,30.62200956937799,3.110047846889952,2.15311004784689,0.7177033492822966,0.7177033492822966,0.7177033492822966,0.0,0.0,0.0,0.0,0.7177033492822966,0.0,0.0,0.0,0.0,0.0,0.0,0.0
08508,08,508,1210,817,393,0,476,4,467,9,105,23,79,94,130,11,10,3,6,4,0,1,0,0,1,0,0,0,0,0,0,0,39.33884297520661,1.8907563025210083,98.10924369747899,22.483940042826553,4.925053533190578,16.916488222698074,20.12847965738758,27.8372591006424,2.355460385438972,2.141327623126338,0.6423982869379015,1.284796573875803,0.8565310492505354,0.0,0.21413276231263384,0.0,0.0,0.21413276231263384,0.0,0.0,0.0,0.0,0.0,0.0,0.0
08509,08,509,1103,569,534,0,466,6,465,1,93,62,144,68,69,16,2,3,7,0,0,0,0,0,1,0,0,0,0,0,0,0,42.24841341795104,0.2145922746781116,99.78540772532189,20.0,13.333333333333334,30.967741935483872,14.623655913978496,14.838709677419354,3.4408602150537635,0.43010752688172044,0.6451612903225806,1.5053763440860215,0.0,0.0,0.0,0.0,0.0,0.21505376344086022,0.0,0.0,0.0,0.0,0.0,0.0,0.0
08510,08,510,1088,592,496,0,452,7,450,2,103,42,137,83,59,8,4,3,5,4,0,2,0,0,0,0,0,0,0,0,0,0,41.544117647058826,0.4424778761061947,99.5575221238938,22.88888888888889,9.333333333333334,30.444444444444446,18.444444444444443,13.111111111111112,1.7777777777777777,0.8888888888888888,0.6666666666666667,1.1111111111111112,0.8888888888888888,0.0,0.4444444444444444,0.0,0.0,0.0,0.0,0.0,0.0,0.0,0.0,0.0,0.0
08511,08,511,930,563,367,0,361,4,359,2,56,16,91,51,108,13,8,5,4,3,0,0,0,0,4,0,0,0,0,0,0,0,38.81720430107527,0.554016620498615,99.44598337950139,15.598885793871867,4.456824512534819,25.348189415041784,14.206128133704734,30.08356545961003,3.6211699164345403,2.2284122562674096,1.392757660167131,1.1142061281337048,0.8356545961002786,0.0,0.0,0.0,0.0,1.1142061281337048,0.0,0.0,0.0,0.0,0.0,0.0,0.0
08512,08,512,936,676,260,0,487,1,480,7,104,45,120,80,77,19,10,6,6,8,0,0,0,0,5,0,0,0,0,0,0,0,52.029914529914535,1.4373716632443532,98.56262833675564,21.666666666666668,9.375,25.0,16.666666666666664,16.041666666666668,3.958333333333333,2.083333333333333,1.25,1.25,1.6666666666666667,0.0,0.0,0.0,0.0,1.0416666666666665,0.0,0.0,0.0,0.0,0.0,0.0,0.0
08513,08,513,971,678,293,0,508,9,506,2,98,15,154,79,115,18,6,6,3,6,0,1,0,0,5,0,0,0,0,0,0,0,52.31719876416066,0.39370078740157477,99.60629921259843,19.367588932806324,2.9644268774703555,30.434782608695656,15.612648221343871,22.727272727272727,3.557312252964427,1.185770750988142,1.185770750988142,0.592885375494071,1.185770750988142,0.0,0.1976284584980237,0.0,0.0,0.9881422924901186,0.0,0.0,0.0,0.0,0.0,0.0,0.0
08514,08,514,870,530,340,0,412,2,406,6,59,29,133,31,113,15,16,4,3,1,0,1,0,0,1,0,0,0,0,0,0,0,47.356321839080465,1.4563106796116505,98.54368932038835,14.532019704433496,7.142857142857142,32.758620689655174,7.635467980295567,27.832512315270936,3.6945812807881775,3.9408866995073892,0.9852216748768473,0.7389162561576355,0.24630541871921183,0.0,0.24630541871921183,0.0,0.0,0.24630541871921183,0.0,0.0,0.0,0.0,0.0,0.0,0.0
08515,08,515,899,559,340,0,469,3,462,7,77,58,142,56,100,10,7,3,4,3,0,0,0,0,2,0,0,0,0,0,0,0,52.169076751946605,1.4925373134328357,98.50746268656717,16.666666666666664,12.554112554112553,30.735930735930733,12.121212121212121,21.645021645021643,2.1645021645021645,1.5151515151515151,0.6493506493506493,0.8658008658008658,0.6493506493506493,0.0,0.0,0.0,0.0,0.4329004329004329,0.0,0.0,0.0,0.0,0.0,0.0,0.0
08516,08,516,997,790,207,0,532,8,522,10,100,38,91,111,117,15,17,9,20,3,0,0,0,0,1,0,0,0,0,0,0,0,53.36008024072216,1.8796992481203008,98.1203007518797,19.157088122605366,7.2796934865900385,17.43295019157088,21.26436781609195,22.413793103448278,2.8735632183908044,3.256704980842912,1.7241379310344827,3.8314176245210727,0.5747126436781609,0.0,0.0,0.0,0.0,0.19157088122605362,0.0,0.0,0.0,0.0,0.0,0.0,0.0
08517,08,517,881,613,268,0,439,3,432,7,68,18,163,50,96,11,10,1,4,6,0,1,0,0,4,0,0,0,0,0,0,0,49.82973893303065,1.5945330296127564,98.40546697038725,15.74074074074074,4.166666666666666,37.73148148148148,11.574074074074074,22.22222222222222,2.5462962962962963,2.314814814814815,0.23148148148148145,0.9259259259259258,1.3888888888888888,0.0,0.23148148148148145,0.0,0.0,0.9259259259259258,0.0,0.0,0.0,0.0,0.0,0.0,0.0
08518,08,518,780,511,269,0,404,5,399,5,86,33,128,37,89,8,10,2,1,3,0,0,0,0,2,0,0,0,0,0,0,0,51.7948717948718,1.2376237623762376,98.76237623762376,21.553884711779446,8.270676691729323,32.08020050125313,9.273182957393484,22.305764411027567,2.0050125313283207,2.506265664160401,0.5012531328320802,0.2506265664160401,0.7518796992481203,0.0,0.0,0.0,0.0,0.5012531328320802,0.0,0.0,0.0,0.0,0.0,0.0,0.0
08519,08,519,1042,671,371,0,497,8,489,8,100,33,166,55,97,17,3,3,10,4,0,0,0,0,1,0,0,0,0,0,0,0,47.69673704414588,1.6096579476861168,98.39034205231388,20.449897750511248,6.748466257668712,33.94683026584867,11.247443762781186,19.836400817995912,3.476482617586912,0.6134969325153374,0.6134969325153374,2.044989775051125,0.81799591002045,0.0,0.0,0.0,0.0,0.2044989775051125,0.0,0.0,0.0,0.0,0.0,0.0,0.0
08520,08,520,899,563,336,0,457,9,453,4,95,37,156,34,94,13,11,1,5,1,0,1,0,0,4,0,0,0,1,0,0,0,50.834260289210235,0.87527352297593,99.12472647702407,20.97130242825607,8.167770419426049,34.437086092715234,7.505518763796909,20.750551876379692,2.869757174392936,2.4282560706401766,0.22075055187637968,1.1037527593818985,0.22075055187637968,0.0,0.22075055187637968,0.0,0.0,0.8830022075055187,0.0,0.0,0.0,0.22075055187637968,0.0,0.0,0.0
08521,08,521,916,551,365,0,457,6,453,4,81,37,188,45,66,15,5,3,7,4,0,0,0,0,2,0,0,0,0,0,0,0,49.890829694323145,0.87527352297593,99.12472647702407,17.880794701986755,8.167770419426049,41.501103752759384,9.933774834437086,14.56953642384106,3.3112582781456954,1.1037527593818985,0.6622516556291391,1.545253863134658,0.8830022075055187,0.0,0.0,0.0,0.0,0.44150110375275936,0.0,0.0,0.0,0.0,0.0,0.0,0.0
08522,08,522,1002,674,328,0,532,6,526,6,97,50,151,74,109,13,6,1,17,3,0,0,0,0,5,0,0,0,0,0,0,0,53.093812375249506,1.1278195488721803,98.87218045112782,18.44106463878327,9.505703422053232,28.707224334600763,14.068441064638785,20.722433460076044,2.4714828897338403,1.1406844106463878,0.19011406844106463,3.2319391634980987,0.5703422053231939,0.0,0.0,0.0,0.0,0.9505703422053232,0.0,0.0,0.0,0.0,0.0,0.0,0.0
08523,08,523,942,636,306,0,459,6,455,4,111,24,126,66,88,20,3,2,9,4,0,0,0,0,1,0,0,0,1,0,0,0,48.72611464968153,0.8714596949891068,99.12854030501089,24.395604395604394,5.274725274725275,27.692307692307693,14.505494505494507,19.340659340659343,4.395604395604396,0.6593406593406593,0.43956043956043955,1.9780219780219779,0.8791208791208791,0.0,0.0,0.0,0.0,0.21978021978021978,0.0,0.0,0.0,0.21978021978021978,0.0,0.0,0.0
08524,08,524,880,692,188,0,470,2,467,3,74,15,104,108,122,11,17,4,7,2,0,0,0,0,3,0,0,0,0,0,0,0,53.40909090909091,0.6382978723404255,99.36170212765958,15.845824411134904,3.2119914346895073,22.269807280513916,23.126338329764454,26.124197002141326,2.355460385438972,3.640256959314775,0.8565310492505354,1.4989293361884368,0.4282655246252677,0.0,0.0,0.0,0.0,0.6423982869379015,0.0,0.0,0.0,0.0,0.0,0.0,0.0
08525,08,525,847,593,254,0,421,9,416,5,73,27,112,62,110,13,9,0,4,2,0,0,0,0,4,0,0,0,0,0,0,0,49.70484061393152,1.187648456057007,98.812351543943,17.548076923076923,6.490384615384616,26.923076923076923,14.903846153846153,26.442307692307693,3.125,2.1634615384615383,0.0,0.9615384615384616,0.4807692307692308,0.0,0.0,0.0,0.0,0.9615384615384616,0.0,0.0,0.0,0.0,0.0,0.0,0.0
08526,08,526,892,645,247,0,500,3,491,9,91,40,165,48,105,20,7,4,5,4,0,0,0,0,1,0,0,0,1,0,0,0,56.05381165919282,1.7999999999999998,98.2,18.533604887983707,8.146639511201629,33.604887983706725,9.775967413441954,21.384928716904277,4.0733197556008145,1.4256619144602851,0.8146639511201629,1.0183299389002036,0.8146639511201629,0.0,0.0,0.0,0.0,0.20366598778004072,0.0,0.0,0.0,0.20366598778004072,0.0,0.0,0.0
08527,08,527,1011,706,305,0,491,8,485,6,118,19,140,75,97,15,10,2,4,3,0,0,0,0,2,0,0,0,0,0,0,0,48.56577645895153,1.2219959266802443,98.77800407331976,24.329896907216494,3.917525773195876,28.865979381443296,15.463917525773196,20.0,3.0927835051546393,2.0618556701030926,0.4123711340206186,0.8247422680412372,0.6185567010309279,0.0,0.0,0.0,0.0,0.4123711340206186,0.0,0.0,0.0,0.0,0.0,0.0,0.0
08528,08,528,1033,682,351,0,447,8,440,7,86,30,105,91,99,10,8,3,6,0,0,0,0,0,2,0,0,0,0,0,0,0,43.27202323330106,1.5659955257270695,98.43400447427292,19.545454545454547,6.8181818181818175,23.863636363636363,20.681818181818183,22.5,2.272727272727273,1.8181818181818181,0.6818181818181818,1.3636363636363635,0.0,0.0,0.0,0.0,0.0,0.45454545454545453,0.0,0.0,0.0,0.0,0.0,0.0,0.0
08529,08,529,952,666,286,0,463,9,456,7,78,21,115,77,126,10,11,5,6,5,0,0,0,0,2,0,0,0,0,0,0,0,48.634453781512605,1.511879049676026,98.48812095032397,17.105263157894736,4.605263157894736,25.219298245614034,16.885964912280702,27.631578947368425,2.1929824561403506,2.4122807017543857,1.0964912280701753,1.3157894736842104,1.0964912280701753,0.0,0.0,0.0,0.0,0.43859649122807015,0.0,0.0,0.0,0.0,0.0,0.0,0.0
08530,08,530,932,609,323,0,424,1,419,5,72,20,132,62,101,7,9,4,6,4,0,0,0,0,2,0,0,0,0,0,0,0,45.493562231759654,1.179245283018868,98.82075471698113,17.18377088305489,4.77326968973747,31.5035799522673,14.797136038186157,24.105011933174225,1.6706443914081146,2.1479713603818613,0.9546539379474941,1.431980906921241,0.9546539379474941,0.0,0.0,0.0,0.0,0.47732696897374705,0.0,0.0,0.0,0.0,0.0,0.0,0.0
08531,08,531,927,715,212,0,389,2,376,13,73,15,89,66,99,11,5,2,9,4,0,3,0,0,0,0,0,0,0,0,0,0,41.963322545846815,3.3419023136246784,96.65809768637533,19.414893617021274,3.9893617021276597,23.670212765957448,17.5531914893617,26.329787234042552,2.925531914893617,1.3297872340425532,0.5319148936170213,2.393617021276596,1.0638297872340425,0.0,0.7978723404255319,0.0,0.0,0.0,0.0,0.0,0.0,0.0,0.0,0.0,0.0
08532,08,532,901,628,273,0,432,4,429,3,81,15,143,54,98,11,17,3,5,0,0,0,0,0,2,0,0,0,0,0,0,0,47.94672586015538,0.6944444444444444,99.30555555555556,18.88111888111888,3.4965034965034967,33.33333333333333,12.587412587412588,22.843822843822846,2.564102564102564,3.9627039627039626,0.6993006993006993,1.1655011655011656,0.0,0.0,0.0,0.0,0.0,0.4662004662004662,0.0,0.0,0.0,0.0,0.0,0.0,0.0
08533,08,533,847,620,227,0,452,7,448,4,117,18,102,114,65,12,5,2,9,2,0,0,0,0,2,0,0,0,0,0,0,0,53.36481700118064,0.8849557522123894,99.11504424778761,26.11607142857143,4.017857142857143,22.767857142857142,25.44642857142857,14.508928571428573,2.6785714285714284,1.1160714285714286,0.4464285714285714,2.0089285714285716,0.4464285714285714,0.0,0.0,0.0,0.0,0.4464285714285714,0.0,0.0,0.0,0.0,0.0,0.0,0.0
08534,08,534,1005,715,290,0,539,6,533,6,112,21,131,73,152,18,11,1,3,5,0,1,0,0,4,0,0,0,1,0,0,0,53.6318407960199,1.1131725417439702,98.88682745825604,21.013133208255162,3.9399624765478425,24.577861163227016,13.696060037523452,28.517823639774857,3.377110694183865,2.0637898686679175,0.18761726078799248,0.5628517823639775,0.9380863039399625,0.0,0.18761726078799248,0.0,0.0,0.7504690431519699,0.0,0.0,0.0,0.18761726078799248,0.0,0.0,0.0
085A,08,5A,0,0,0,0,707,707,703,4,171,98,226,87,63,25,11,5,8,6,0,1,0,0,1,0,0,0,1,0,0,0,inf,0.5657708628005658,99.43422913719944,24.324324324324326,13.940256045519202,32.147937411095306,12.375533428165006,8.961593172119487,3.556187766714083,1.5647226173541962,0.7112375533428165,1.1379800853485065,0.8534850640113799,0.0,0.1422475106685633,0.0,0.0,0.1422475106685633,0.0,0.0,0.0,0.1422475106685633,0.0,0.0,0.0
085B,08,5B,0,0,0,0,265,265,263,2,58,39,52,56,31,6,8,6,1,4,0,0,0,0,1,0,0,0,1,0,0,0,inf,0.7547169811320755,99.24528301886792,22.0532319391635,14.82889733840304,19.771863117870723,21.292775665399237,11.787072243346007,2.2813688212927756,3.041825095057034,2.2813688212927756,0.38022813688212925,1.520912547528517,0.0,0.0,0.0,0.0,0.38022813688212925,0.0,0.0,0.0,0.38022813688212925,0.0,0.0,0.0
085C,08,5C,0,0,0,0,625,625,620,5,197,88,167,66,51,10,17,5,10,5,0,1,0,0,3,0,0,0,0,0,0,0,inf,0.8,99.2,31.774193548387096,14.193548387096774,26.93548387096774,10.64516129032258,8.225806451612904,1.6129032258064515,2.741935483870968,0.8064516129032258,1.6129032258064515,0.8064516129032258,0.0,0.16129032258064516,0.0,0.0,0.4838709677419355,0.0,0.0,0.0,0.0,0.0,0.0,0.0
085D,08,5D,0,0,0,0,324,324,323,1,90,51,78,61,26,5,6,3,2,0,0,0,0,0,1,0,0,0,0,0,0,0,inf,0.30864197530864196,99.69135802469135,27.86377708978328,15.789473684210526,24.148606811145513,18.885448916408667,8.04953560371517,1.5479876160990713,1.8575851393188854,0.9287925696594427,0.6191950464396285,0.0,0.0,0.0,0.0,0.0,0.30959752321981426,0.0,0.0,0.0,0.0,0.0,0.0,0.0
085E,08,5E,0,0,0,0,675,675,667,8,168,57,186,99,94,11,25,5,8,6,0,0,0,0,6,0,0,0,2,0,0,0,inf,1.1851851851851851,98.81481481481481,25.187406296851574,8.545727136431784,27.886056971514243,14.842578710644677,14.09295352323838,1.6491754122938531,3.7481259370314843,0.7496251874062968,1.199400299850075,0.8995502248875562,0.0,0.0,0.0,0.0,0.8995502248875562,0.0,0.0,0.0,0.29985007496251875,0.0,0.0,0.0
085F,08,5F,0,0,0,0,520,520,516,4,120,34,155,59,96,7,22,1,7,5,0,1,0,0,6,0,0,0,3,0,0,0,inf,0.7692307692307693,99.23076923076923,23.25581395348837,6.5891472868217065,30.03875968992248,11.434108527131782,18.6046511627907,1.3565891472868217,4.263565891472868,0.1937984496124031,1.3565891472868217,0.9689922480620154,0.0,0.1937984496124031,0.0,0.0,1.1627906976744187,0.0,0.0,0.0,0.5813953488372093,0.0,0.0,0.0
085G,08,5G,0,0,0,0,811,811,803,8,192,97,324,48,70,24,19,11,7,7,0,3,0,0,0,0,0,0,1,0,0,0,inf,0.9864364981504316,99.01356350184956,23.910336239103362,12.079701120797012,40.34869240348692,5.9775840597758405,8.7173100871731,2.9887920298879203,2.3661270236612704,1.36986301369863,0.8717310087173101,0.8717310087173101,0.0,0.37359900373599003,0.0,0.0,0.0,0.0,0.0,0.0,0.12453300124533001,0.0,0.0,0.0
085H,08,5H,0,0,0,0,589,589,587,2,133,40,210,60,86,19,16,6,10,6,0,0,0,0,1,0,0,0,0,0,0,0,inf,0.3395585738539898,99.66044142614601,22.657580919931856,6.814310051107325,35.77512776831346,10.221465076660987,14.65076660988075,3.2367972742759794,2.72572402044293,1.0221465076660987,1.7035775127768313,1.0221465076660987,0.0,0.0,0.0,0.0,0.17035775127768313,0.0,0.0,0.0,0.0,0.0,0.0,0.0
085I,08,5I,0,0,0,0,563,563,558,5,108,44,220,52,78,19,16,11,5,3,0,0,0,0,2,0,0,0,0,0,0,0,inf,0.8880994671403196,99.11190053285968,19.35483870967742,7.885304659498208,39.42652329749104,9.31899641577061,13.978494623655912,3.405017921146954,2.867383512544803,1.971326164874552,0.8960573476702508,0.5376344086021506,0.0,0.0,0.0,0.0,0.35842293906810035,0.0,0.0,0.0,0.0,0.0,0.0,0.0
085J,08,5J,0,0,0,0,550,550,547,3,97,49,190,50,88,30,15,5,10,10,0,0,0,0,2,0,0,0,1,0,0,0,inf,0.5454545454545455,99.45454545454545,17.73308957952468,8.957952468007313,34.73491773308958,9.140767824497258,16.087751371115175,5.484460694698354,2.742230347349177,0.9140767824497258,1.8281535648994516,1.8281535648994516,0.0,0.0,0.0,0.0,0.3656307129798903,0.0,0.0,0.0,0.18281535648994515,0.0,0.0,0.0
085K,08,5K,0,0,0,0,484,484,484,0,87,48,192,32,82,12,15,4,7,4,0,0,0,0,1,0,0,0,0,0,0,0,inf,0.0,100.0,17.97520661157025,9.917355371900827,39.66942148760331,6.6115702479338845,16.94214876033058,2.479338842975207,3.0991735537190084,0.8264462809917356,1.4462809917355373,0.8264462809917356,0.0,0.0,0.0,0.0,0.2066115702479339,0.0,0.0,0.0,0.0,0.0,0.0,0.0
085L,08,5L,0,0,0,0,597,597,593,4,127,33,265,44,68,18,19,6,5,8,0,0,0,0,0,0,0,0,0,0,0,0,inf,0.6700167504187605,99.32998324958125,21.41652613827993,5.564924114671164,44.68802698145025,7.419898819561552,11.467116357504215,3.0354131534569984,3.204047217537943,1.0118043844856661,0.8431703204047217,1.3490725126475547,0.0,0.0,0.0,0.0,0.0,0.0,0.0,0.0,0.0,0.0,0.0,0.0
085M,08,5M,0,0,0,0,336,336,334,2,67,46,147,22,29,5,6,1,5,5,0,0,0,0,0,0,0,0,1,0,0,0,inf,0.5952380952380952,99.40476190476191,20.059880239520957,13.77245508982036,44.01197604790419,6.58682634730539,8.682634730538922,1.4970059880239521,1.7964071856287425,0.29940119760479045,1.4970059880239521,1.4970059880239521,0.0,0.0,0.0,0.0,0.0,0.0,0.0,0.0,0.29940119760479045,0.0,0.0,0.0
085N,08,5N,0,0,0,0,304,304,304,0,69,24,124,21,38,13,6,0,6,2,0,1,0,0,0,0,0,0,0,0,0,0,inf,0.0,100.0,22.697368421052634,7.894736842105263,40.78947368421053,6.907894736842106,12.5,4.276315789473684,1.9736842105263157,0.0,1.9736842105263157,0.6578947368421052,0.0,0.3289473684210526,0.0,0.0,0.0,0.0,0.0,0.0,0.0,0.0,0.0,0.0
085P,08,5P,0,0,0,0,280,280,275,5,60,27,109,19,32,12,7,0,3,5,0,0,0,0,0,0,0,0,1,0,0,0,inf,1.7857142857142856,98.21428571428571,21.818181818181817,9.818181818181818,39.63636363636363,6.909090909090909,11.636363636363637,4.363636363636364,2.5454545454545454,0.0,1.090909090909091,1.8181818181818181,0.0,0.0,0.0,0.0,0.0,0.0,0.0,0.0,0.36363636363636365,0.0,0.0,0.0
085Q,08,5Q,0,0,0,0,388,388,386,2,76,29,139,33,56,11,11,6,19,4,0,0,0,0,2,0,0,0,0,0,0,0,inf,0.5154639175257731,99.48453608247422,19.689119170984455,7.512953367875648,36.01036269430052,8.549222797927461,14.507772020725387,2.849740932642487,2.849740932642487,1.5544041450777202,4.922279792746114,1.0362694300518136,0.0,0.0,0.0,0.0,0.5181347150259068,0.0,0.0,0.0,0.0,0.0,0.0,0.0
085R,08,5R,0,0,0,0,228,228,225,3,44,12,89,12,40,11,5,2,4,3,0,0,0,0,3,0,0,0,0,0,0,0,inf,1.3157894736842104,98.68421052631578,19.555555555555557,5.333333333333334,39.55555555555556,5.333333333333334,17.77777777777778,4.888888888888889,2.2222222222222223,0.8888888888888888,1.7777777777777777,1.3333333333333335,0.0,0.0,0.0,0.0,1.3333333333333335,0.0,0.0,0.0,0.0,0.0,0.0,0.0
085S,08,5S,0,0,0,0,590,590,585,5,122,44,241,49,66,16,24,1,9,7,0,1,0,0,4,0,0,0,1,0,0,0,inf,0.847457627118644,99.15254237288136,20.854700854700855,7.521367521367521,41.19658119658119,8.376068376068375,11.282051282051283,2.735042735042735,4.102564102564102,0.17094017094017094,1.5384615384615385,1.1965811965811968,0.0,0.17094017094017094,0.0,0.0,0.6837606837606838,0.0,0.0,0.0,0.17094017094017094,0.0,0.0,0.0
085T,08,5T,0,0,0,0,438,438,429,9,97,23,158,43,65,15,13,0,8,7,0,0,0,0,0,0,0,0,0,0,0,0,inf,2.054794520547945,97.94520547945206,22.61072261072261,5.361305361305361,36.82983682983683,10.023310023310025,15.151515151515152,3.4965034965034967,3.0303030303030303,0.0,1.8648018648018647,1.6317016317016315,0.0,0.0,0.0,0.0,0.0,0.0,0.0,0.0,0.0,0.0,0.0,0.0
085U,08,5U,0,0,0,0,461,461,458,3,123,38,144,64,58,14,6,2,5,1,0,0,0,0,1,0,0,0,2,0,0,0,inf,0.6507592190889371,99.34924078091106,26.85589519650655,8.296943231441048,31.4410480349345,13.973799126637553,12.663755458515283,3.056768558951965,1.3100436681222707,0.43668122270742354,1.0917030567685588,0.21834061135371177,0.0,0.0,0.0,0.0,0.21834061135371177,0.0,0.0,0.0,0.43668122270742354,0.0,0.0,0.0
08601,08,601,882,544,338,0,425,8,419,6,93,37,123,51,85,16,5,1,4,3,0,1,0,0,0,0,0,0,0,0,0,0,48.1859410430839,1.411764705882353,98.58823529411764,22.195704057279237,8.83054892601432,29.355608591885442,12.17183770883055,20.286396181384248,3.8186157517899764,1.1933174224343674,0.23866348448687352,0.9546539379474941,0.7159904534606205,0.0,0.23866348448687352,0.0,0.0,0.0,0.0,0.0,0.0,0.0,0.0,0.0,0.0
08602,08,602,962,648,314,0,527,3,522,5,109,35,202,48,87,21,3,4,10,1,0,0,0,0,2,0,0,0,0,0,0,0,54.781704781704775,0.9487666034155597,99.05123339658444,20.88122605363985,6.704980842911877,38.69731800766284,9.195402298850574,16.666666666666664,4.022988505747127,0.5747126436781609,0.7662835249042145,1.9157088122605364,0.19157088122605362,0.0,0.0,0.0,0.0,0.38314176245210724,0.0,0.0,0.0,0.0,0.0,0.0,0.0
08603,08,603,989,595,394,0,445,2,436,9,81,35,161,41,88,10,6,4,4,3,0,0,0,0,3,0,0,0,0,0,0,0,44.99494438827098,2.0224719101123596,97.97752808988764,18.577981651376145,8.027522935779817,36.92660550458716,9.403669724770642,20.18348623853211,2.293577981651376,1.3761467889908259,0.9174311926605505,0.9174311926605505,0.6880733944954129,0.0,0.0,0.0,0.0,0.6880733944954129,0.0,0.0,0.0,0.0,0.0,0.0,0.0
08604,08,604,985,660,325,0,525,10,520,5,103,24,174,52,118,18,13,6,5,5,0,0,0,0,1,0,0,0,1,0,0,0,53.299492385786806,0.9523809523809524,99.04761904761905,19.807692307692307,4.615384615384616,33.46153846153846,10.0,22.692307692307693,3.4615384615384617,2.5,1.153846153846154,0.9615384615384616,0.9615384615384616,0.0,0.0,0.0,0.0,0.19230769230769232,0.0,0.0,0.0,0.19230769230769232,0.0,0.0,0.0
08605,08,605,823,533,290,0,427,6,423,4,94,22,148,43,82,13,10,1,7,1,0,0,0,0,2,0,0,0,0,0,0,0,51.88335358444714,0.936768149882904,99.06323185011709,22.22222222222222,5.200945626477541,34.988179669030735,10.16548463356974,19.38534278959811,3.0732860520094563,2.3640661938534278,0.2364066193853428,1.6548463356973995,0.2364066193853428,0.0,0.0,0.0,0.0,0.4728132387706856,0.0,0.0,0.0,0.0,0.0,0.0,0.0
08606,08,606,864,600,264,0,442,3,436,6,89,20,119,53,111,14,13,4,1,5,0,1,0,0,6,0,0,0,0,0,0,0,51.157407407407405,1.3574660633484164,98.64253393665159,20.412844036697248,4.587155963302752,27.293577981651374,12.155963302752294,25.458715596330272,3.211009174311927,2.981651376146789,0.9174311926605505,0.22935779816513763,1.146788990825688,0.0,0.22935779816513763,0.0,0.0,1.3761467889908259,0.0,0.0,0.0,0.0,0.0,0.0,0.0
08607,08,607,1000,660,340,0,501,4,495,6,103,31,138,55,115,18,14,2,7,7,0,3,0,0,0,0,0,0,2,0,0,0,50.1,1.1976047904191618,98.80239520958084,20.80808080808081,6.262626262626263,27.878787878787882,11.11111111111111,23.232323232323232,3.6363636363636362,2.8282828282828283,0.40404040404040403,1.4141414141414141,1.4141414141414141,0.0,0.6060606060606061,0.0,0.0,0.0,0.0,0.0,0.0,0.40404040404040403,0.0,0.0,0.0
08608,08,608,740,507,233,0,377,4,370,7,85,15,112,65,64,12,9,1,2,1,0,2,0,0,2,0,0,0,0,0,0,0,50.94594594594595,1.8567639257294428,98.14323607427056,22.972972972972975,4.054054054054054,30.270270270270274,17.56756756756757,17.2972972972973,3.2432432432432434,2.4324324324324325,0.2702702702702703,0.5405405405405406,0.2702702702702703,0.0,0.5405405405405406,0.0,0.0,0.5405405405405406,0.0,0.0,0.0,0.0,0.0,0.0,0.0
08609,08,609,1099,881,218,0,542,4,533,9,111,14,91,147,134,9,4,3,11,5,0,1,0,0,3,0,0,0,0,0,0,0,49.31756141947225,1.6605166051660518,98.33948339483395,20.825515947467167,2.6266416510318953,17.073170731707318,27.5797373358349,25.14071294559099,1.6885553470919326,0.7504690431519699,0.5628517823639775,2.0637898686679175,0.9380863039399625,0.0,0.18761726078799248,0.0,0.0,0.5628517823639775,0.0,0.0,0.0,0.0,0.0,0.0,0.0
08610,08,610,898,606,292,0,461,1,457,4,93,42,147,49,89,20,9,1,1,4,0,0,0,0,2,0,0,0,0,0,0,0,51.33630289532294,0.8676789587852495,99.13232104121475,20.350109409190374,9.190371991247265,32.16630196936542,10.722100656455142,19.474835886214443,4.3763676148796495,1.9693654266958425,0.2188183807439825,0.2188183807439825,0.87527352297593,0.0,0.0,0.0,0.0,0.437636761487965,0.0,0.0,0.0,0.0,0.0,0.0,0.0
08611,08,611,851,564,287,0,454,0,453,1,101,24,130,57,110,9,6,7,5,2,0,0,0,0,1,0,0,0,1,0,0,0,53.34900117508813,0.22026431718061676,99.77973568281938,22.29580573951435,5.298013245033113,28.697571743929362,12.582781456953644,24.282560706401764,1.9867549668874174,1.3245033112582782,1.545253863134658,1.1037527593818985,0.44150110375275936,0.0,0.0,0.0,0.0,0.22075055187637968,0.0,0.0,0.0,0.22075055187637968,0.0,0.0,0.0
08612,08,612,1034,778,256,0,578,10,570,8,111,22,178,55,150,23,15,3,3,6,0,0,0,0,4,0,0,0,0,0,0,0,55.89941972920697,1.384083044982699,98.6159169550173,19.473684210526315,3.8596491228070176,31.2280701754386,9.649122807017543,26.31578947368421,4.035087719298246,2.631578947368421,0.5263157894736842,0.5263157894736842,1.0526315789473684,0.0,0.0,0.0,0.0,0.7017543859649122,0.0,0.0,0.0,0.0,0.0,0.0,0.0
08613,08,613,1013,671,342,0,469,6,464,5,80,30,162,53,110,10,11,5,3,0,0,0,0,0,0,0,0,0,0,0,0,0,46.29812438302073,1.0660980810234542,98.93390191897655,17.24137931034483,6.4655172413793105,34.91379310344828,11.422413793103448,23.70689655172414,2.1551724137931036,2.3706896551724137,1.0775862068965518,0.646551724137931,0.0,0.0,0.0,0.0,0.0,0.0,0.0,0.0,0.0,0.0,0.0,0.0,0.0
08614,08,614,1291,1022,269,0,610,2,588,22,138,17,93,172,126,10,7,1,19,3,0,0,0,0,2,0,0,0,0,0,0,0,47.25019364833463,3.606557377049181,96.39344262295081,23.46938775510204,2.891156462585034,15.816326530612246,29.25170068027211,21.428571428571427,1.7006802721088436,1.1904761904761905,0.17006802721088435,3.231292517006803,0.5102040816326531,0.0,0.0,0.0,0.0,0.3401360544217687,0.0,0.0,0.0,0.0,0.0,0.0,0.0
08615,08,615,871,647,224,0,505,4,497,8,75,11,125,66,160,16,16,1,15,5,0,0,0,0,7,0,0,0,0,0,0,0,57.97933409873708,1.5841584158415842,98.41584158415841,15.090543259557343,2.2132796780684103,25.15090543259557,13.279678068410464,32.19315895372233,3.2193158953722336,3.2193158953722336,0.2012072434607646,3.0181086519114686,1.0060362173038229,0.0,0.0,0.0,0.0,1.4084507042253522,0.0,0.0,0.0,0.0,0.0,0.0,0.0
08616,08,616,897,710,187,0,501,4,495,6,87,24,111,99,121,13,15,3,9,8,0,0,0,0,5,0,0,0,0,0,0,0,55.852842809364546,1.1976047904191618,98.80239520958084,17.575757575757574,4.848484848484849,22.424242424242426,20.0,24.444444444444443,2.6262626262626263,3.0303030303030303,0.6060606060606061,1.8181818181818181,1.6161616161616161,0.0,0.0,0.0,0.0,1.0101010101010102,0.0,0.0,0.0,0.0,0.0,0.0,0.0
08617,08,617,837,622,215,0,466,1,458,8,83,25,127,55,123,13,16,2,5,7,0,0,0,0,2,0,0,0,0,0,0,0,55.67502986857825,1.7167381974248928,98.28326180257511,18.12227074235808,5.458515283842795,27.729257641921397,12.008733624454148,26.85589519650655,2.8384279475982535,3.4934497816593884,0.43668122270742354,1.0917030567685588,1.5283842794759825,0.0,0.0,0.0,0.0,0.43668122270742354,0.0,0.0,0.0,0.0,0.0,0.0,0.0
08618,08,618,873,548,325,0,435,4,432,3,100,29,141,51,84,9,4,1,7,3,0,1,0,0,2,0,0,0,0,0,0,0,49.828178694158076,0.6896551724137931,99.3103448275862,23.14814814814815,6.712962962962964,32.63888888888889,11.805555555555555,19.444444444444446,2.083333333333333,0.9259259259259258,0.23148148148148145,1.6203703703703702,0.6944444444444444,0.0,0.23148148148148145,0.0,0.0,0.4629629629629629,0.0,0.0,0.0,0.0,0.0,0.0,0.0
08619,08,619,915,548,367,0,437,4,435,2,82,30,160,43,67,19,4,7,14,2,0,0,0,0,7,0,0,0,0,0,0,0,47.759562841530055,0.4576659038901602,99.54233409610984,18.850574712643677,6.896551724137931,36.7816091954023,9.885057471264368,15.402298850574713,4.3678160919540225,0.9195402298850575,1.6091954022988506,3.218390804597701,0.45977011494252873,0.0,0.0,0.0,0.0,1.6091954022988506,0.0,0.0,0.0,0.0,0.0,0.0,0.0
08620,08,620,772,512,260,0,369,3,362,7,70,15,110,27,118,10,4,1,3,1,0,0,0,0,1,0,0,0,2,0,0,0,47.79792746113989,1.8970189701897018,98.1029810298103,19.337016574585636,4.143646408839778,30.386740331491712,7.458563535911603,32.59668508287293,2.7624309392265194,1.1049723756906076,0.2762430939226519,0.8287292817679558,0.2762430939226519,0.0,0.0,0.0,0.0,0.2762430939226519,0.0,0.0,0.0,0.5524861878453038,0.0,0.0,0.0
08621,08,621,1091,748,343,0,536,8,533,3,110,23,159,71,123,10,10,7,5,8,0,0,0,0,7,0,0,0,0,0,0,0,49.12923923006416,0.5597014925373134,99.44029850746269,20.637898686679172,4.315196998123827,29.831144465290805,13.320825515947469,23.076923076923077,1.876172607879925,1.876172607879925,1.3133208255159476,0.9380863039399625,1.5009380863039399,0.0,0.0,0.0,0.0,1.3133208255159476,0.0,0.0,0.0,0.0,0.0,0.0,0.0
08622,08,622,967,545,422,0,416,8,412,4,77,25,157,40,85,15,6,4,3,0,0,0,0,0,0,0,0,0,0,0,0,0,43.01964839710445,0.9615384615384616,99.03846153846155,18.689320388349515,6.067961165048544,38.10679611650485,9.70873786407767,20.631067961165048,3.640776699029126,1.4563106796116505,0.9708737864077669,0.7281553398058253,0.0,0.0,0.0,0.0,0.0,0.0,0.0,0.0,0.0,0.0,0.0,0.0,0.0
08623,08,623,927,738,189,0,510,7,502,8,86,27,115,98,140,8,15,6,2,3,0,1,0,0,1,0,0,0,0,0,0,0,55.016181229773466,1.5686274509803921,98.4313725490196,17.131474103585656,5.378486055776892,22.90836653386454,19.52191235059761,27.88844621513944,1.593625498007968,2.9880478087649402,1.1952191235059761,0.398406374501992,0.5976095617529881,0.0,0.199203187250996,0.0,0.0,0.199203187250996,0.0,0.0,0.0,0.0,0.0,0.0,0.0
08624,08,624,832,543,289,0,398,3,390,8,68,17,133,53,88,16,6,3,3,2,0,1,0,0,0,0,0,0,0,0,0,0,47.83653846153847,2.0100502512562812,97.98994974874373,17.435897435897434,4.358974358974359,34.1025641025641,13.58974358974359,22.564102564102566,4.102564102564102,1.5384615384615385,0.7692307692307693,0.7692307692307693,0.5128205128205128,0.0,0.2564102564102564,0.0,0.0,0.0,0.0,0.0,0.0,0.0,0.0,0.0,0.0
08625,08,625,975,636,339,0,420,10,414,6,87,35,102,51,113,14,4,1,0,7,0,0,0,0,0,0,0,0,0,0,0,0,43.07692307692308,1.4285714285714286,98.57142857142858,21.014492753623188,8.454106280193237,24.637681159420293,12.318840579710146,27.294685990338163,3.3816425120772946,0.966183574879227,0.24154589371980675,0.0,1.6908212560386473,0.0,0.0,0.0,0.0,0.0,0.0,0.0,0.0,0.0,0.0,0.0,0.0
08626,08,626,857,493,364,0,397,5,391,6,83,29,109,34,107,8,5,2,4,5,0,0,0,0,5,0,0,0,0,0,0,0,46.32438739789965,1.5113350125944585,98.48866498740554,21.22762148337596,7.41687979539642,27.877237851662407,8.695652173913043,27.365728900255753,2.0460358056265986,1.278772378516624,0.5115089514066496,1.0230179028132993,1.278772378516624,0.0,0.0,0.0,0.0,1.278772378516624,0.0,0.0,0.0,0.0,0.0,0.0,0.0
08627,08,627,929,546,383,0,428,4,424,4,104,22,152,56,59,15,10,0,1,1,0,0,0,0,4,0,0,0,0,0,0,0,46.07104413347686,0.9345794392523363,99.06542056074767,24.528301886792452,5.188679245283019,35.84905660377358,13.20754716981132,13.915094339622641,3.5377358490566038,2.358490566037736,0.0,0.2358490566037736,0.2358490566037736,0.0,0.0,0.0,0.0,0.9433962264150944,0.0,0.0,0.0,0.0,0.0,0.0,0.0
08628,08,628,802,518,284,0,423,8,417,6,92,45,141,24,78,17,6,3,7,3,0,0,0,0,1,0,0,0,0,0,0,0,52.7431421446384,1.4184397163120568,98.58156028368793,22.062350119904075,10.79136690647482,33.81294964028777,5.755395683453238,18.705035971223023,4.07673860911271,1.4388489208633095,0.7194244604316548,1.6786570743405276,0.7194244604316548,0.0,0.0,0.0,0.0,0.2398081534772182,0.0,0.0,0.0,0.0,0.0,0.0,0.0
08629,08,629,834,537,297,0,434,7,429,5,80,32,138,41,97,14,7,1,9,6,0,0,0,0,4,0,0,0,0,0,0,0,52.038369304556355,1.1520737327188941,98.84792626728111,18.64801864801865,7.459207459207459,32.16783216783217,9.557109557109557,22.61072261072261,3.263403263403263,1.6317016317016315,0.2331002331002331,2.097902097902098,1.3986013986013985,0.0,0.0,0.0,0.0,0.9324009324009324,0.0,0.0,0.0,0.0,0.0,0.0,0.0
08630,08,630,815,529,286,0,428,7,425,3,84,25,158,41,93,7,7,1,1,5,0,0,0,0,3,0,0,0,0,0,0,0,52.51533742331288,0.7009345794392523,99.29906542056075,19.76470588235294,5.88235294117647,37.1764705882353,9.647058823529411,21.88235294117647,1.647058823529412,1.647058823529412,0.2352941176470588,0.2352941176470588,1.1764705882352942,0.0,0.0,0.0,0.0,0.7058823529411765,0.0,0.0,0.0,0.0,0.0,0.0,0.0
08631,08,631,943,570,373,0,474,5,465,9,83,39,165,53,95,11,6,1,4,5,0,0,0,0,3,0,0,0,0,0,0,0,50.26511134676564,1.89873417721519,98.10126582278481,17.8494623655914,8.38709677419355,35.483870967741936,11.397849462365592,20.43010752688172,2.3655913978494625,1.2903225806451613,0.21505376344086022,0.8602150537634409,1.0752688172043012,0.0,0.0,0.0,0.0,0.6451612903225806,0.0,0.0,0.0,0.0,0.0,0.0,0.0
08632,08,632,954,544,410,0,456,5,449,7,86,26,168,60,73,14,10,1,6,3,0,0,0,0,2,0,0,0,0,0,0,0,47.79874213836478,1.5350877192982455,98.46491228070175,19.15367483296214,5.79064587973274,37.41648106904232,13.3630289532294,16.258351893095767,3.11804008908686,2.2271714922048997,0.22271714922048996,1.3363028953229399,0.6681514476614699,0.0,0.0,0.0,0.0,0.4454342984409799,0.0,0.0,0.0,0.0,0.0,0.0,0.0
08633,08,633,1256,923,333,0,575,14,569,6,115,13,125,151,106,12,11,7,22,3,0,0,0,0,3,0,0,0,1,0,0,0,45.78025477707006,1.0434782608695654,98.95652173913044,20.210896309314588,2.2847100175746924,21.968365553602812,26.537785588752193,18.629173989455182,2.10896309314587,1.9332161687170473,1.2302284710017575,3.8664323374340945,0.5272407732864675,0.0,0.0,0.0,0.0,0.5272407732864675,0.0,0.0,0.0,0.17574692442882248,0.0,0.0,0.0
08634,08,634,1315,1019,296,0,629,5,619,10,125,17,119,181,112,11,14,4,22,5,0,7,0,0,1,0,0,0,1,0,0,0,47.832699619771866,1.5898251192368837,98.41017488076311,20.19386106623586,2.7463651050080773,19.22455573505654,29.24071082390953,18.093699515347332,1.7770597738287561,2.2617124394184165,0.6462035541195477,3.5541195476575123,0.8077544426494345,0.0,1.1308562197092082,0.0,0.0,0.16155088852988692,0.0,0.0,0.0,0.16155088852988692,0.0,0.0,0.0
086A,08,6A,0,0,0,0,315,315,315,0,58,22,148,24,36,12,5,3,3,3,0,0,0,0,1,0,0,0,0,0,0,0,inf,0.0,100.0,18.412698412698415,6.984126984126984,46.98412698412698,7.6190476190476195,11.428571428571429,3.8095238095238098,1.5873015873015872,0.9523809523809524,0.9523809523809524,0.9523809523809524,0.0,0.0,0.0,0.0,0.31746031746031744,0.0,0.0,0.0,0.0,0.0,0.0,0.0
086B,08,6B,0,0,0,0,501,501,498,3,110,35,220,56,45,13,11,2,1,2,0,0,0,0,2,0,0,0,1,0,0,0,inf,0.5988023952095809,99.40119760479041,22.08835341365462,7.028112449799197,44.17670682730924,11.244979919678714,9.036144578313253,2.610441767068273,2.208835341365462,0.4016064257028112,0.2008032128514056,0.4016064257028112,0.0,0.0,0.0,0.0,0.4016064257028112,0.0,0.0,0.0,0.2008032128514056,0.0,0.0,0.0
086C,08,6C,0,0,0,0,353,353,352,1,80,29,148,37,29,11,5,0,5,6,0,0,0,0,1,0,0,0,1,0,0,0,inf,0.28328611898017,99.71671388101983,22.727272727272727,8.238636363636363,42.04545454545455,10.511363636363637,8.238636363636363,3.125,1.4204545454545454,0.0,1.4204545454545454,1.7045454545454544,0.0,0.0,0.0,0.0,0.2840909090909091,0.0,0.0,0.0,0.2840909090909091,0.0,0.0,0.0
086D,08,6D,0,0,0,0,544,544,542,2,113,33,222,51,59,16,18,4,17,7,0,0,0,0,1,0,0,0,1,0,0,0,inf,0.3676470588235294,99.63235294117648,20.84870848708487,6.088560885608856,40.959409594095945,9.40959409594096,10.885608856088561,2.952029520295203,3.3210332103321036,0.7380073800738007,3.136531365313653,1.2915129151291513,0.0,0.0,0.0,0.0,0.18450184501845018,0.0,0.0,0.0,0.18450184501845018,0.0,0.0,0.0
086E,08,6E,0,0,0,0,558,558,555,3,99,41,213,43,95,22,13,3,7,10,0,1,0,0,6,0,0,0,2,0,0,0,inf,0.5376344086021506,99.46236559139786,17.83783783783784,7.3873873873873865,38.37837837837838,7.747747747747748,17.117117117117118,3.963963963963964,2.3423423423423424,0.5405405405405406,1.2612612612612613,1.8018018018018018,0.0,0.18018018018018017,0.0,0.0,1.0810810810810811,0.0,0.0,0.0,0.36036036036036034,0.0,0.0,0.0
086F,08,6F,0,0,0,0,719,719,713,6,179,54,193,97,112,11,21,9,21,9,0,1,0,0,4,0,0,0,2,0,0,0,inf,0.8344923504867872,99.16550764951322,25.105189340813467,7.5736325385694245,27.068723702664798,13.604488078541374,15.708274894810659,1.5427769985974753,2.9453015427769986,1.262272089761571,2.9453015427769986,1.262272089761571,0.0,0.1402524544179523,0.0,0.0,0.5610098176718092,0.0,0.0,0.0,0.2805049088359046,0.0,0.0,0.0
086G,08,6G,0,0,0,0,496,496,493,3,109,30,169,50,88,13,15,4,1,10,0,0,0,0,4,0,0,0,0,0,0,0,inf,0.6048387096774194,99.39516129032258,22.10953346855984,6.085192697768763,34.27991886409736,10.141987829614605,17.849898580121703,2.636916835699797,3.0425963488843815,0.8113590263691683,0.2028397565922921,2.028397565922921,0.0,0.0,0.0,0.0,0.8113590263691683,0.0,0.0,0.0,0.0,0.0,0.0,0.0
086H,08,6H,0,0,0,0,548,548,540,8,128,32,206,37,98,7,12,4,6,7,0,0,0,0,3,0,0,0,0,0,0,0,inf,1.4598540145985401,98.54014598540147,23.703703703703706,5.9259259259259265,38.148148148148145,6.851851851851852,18.14814814814815,1.2962962962962963,2.2222222222222223,0.7407407407407408,1.1111111111111112,1.2962962962962963,0.0,0.0,0.0,0.0,0.5555555555555556,0.0,0.0,0.0,0.0,0.0,0.0,0.0
086I,08,6I,0,0,0,0,639,639,636,3,143,55,250,39,98,19,16,2,5,4,0,1,0,0,3,0,0,0,1,0,0,0,inf,0.4694835680751174,99.53051643192488,22.48427672955975,8.647798742138365,39.308176100628934,6.132075471698113,15.40880503144654,2.9874213836477987,2.515723270440252,0.3144654088050315,0.7861635220125787,0.628930817610063,0.0,0.15723270440251574,0.0,0.0,0.4716981132075472,0.0,0.0,0.0,0.15723270440251574,0.0,0.0,0.0
086J,08,6J,0,0,0,0,568,568,565,3,121,44,181,55,101,12,19,7,9,9,0,0,0,0,3,0,0,0,4,0,0,0,inf,0.528169014084507,99.47183098591549,21.415929203539825,7.787610619469026,32.0353982300885,9.734513274336283,17.876106194690266,2.1238938053097343,3.3628318584070795,1.238938053097345,1.592920353982301,1.592920353982301,0.0,0.0,0.0,0.0,0.5309734513274336,0.0,0.0,0.0,0.7079646017699115,0.0,0.0,0.0
086K,08,6K,0,0,0,0,470,470,469,1,115,25,178,36,58,16,13,4,11,6,0,2,0,0,4,0,0,0,1,0,0,0,inf,0.2127659574468085,99.7872340425532,24.520255863539443,5.330490405117271,37.953091684434966,7.675906183368871,12.366737739872068,3.411513859275053,2.771855010660981,0.8528784648187633,2.345415778251599,1.279317697228145,0.0,0.42643923240938164,0.0,0.0,0.8528784648187633,0.0,0.0,0.0,0.21321961620469082,0.0,0.0,0.0
086L,08,6L,0,0,0,0,366,366,365,1,82,31,148,26,45,22,8,1,1,1,0,0,0,0,0,0,0,0,0,0,0,0,inf,0.273224043715847,99.72677595628416,22.465753424657535,8.493150684931507,40.54794520547945,7.123287671232877,12.32876712328767,6.027397260273973,2.191780821917808,0.273972602739726,0.273972602739726,0.273972602739726,0.0,0.0,0.0,0.0,0.0,0.0,0.0,0.0,0.0,0.0,0.0,0.0
086M,08,6M,0,0,0,0,561,561,558,3,147,24,209,45,83,11,19,4,6,6,0,0,0,0,4,0,0,0,0,0,0,0,inf,0.53475935828877,99.46524064171123,26.344086021505376,4.301075268817205,37.45519713261648,8.064516129032258,14.874551971326163,1.971326164874552,3.405017921146954,0.7168458781362007,1.0752688172043012,1.0752688172043012,0.0,0.0,0.0,0.0,0.7168458781362007,0.0,0.0,0.0,0.0,0.0,0.0,0.0
086N,08,6N,0,0,0,0,339,339,338,1,67,22,142,25,45,11,15,3,2,5,0,1,0,0,0,0,0,0,0,0,0,0,inf,0.2949852507374631,99.70501474926253,19.82248520710059,6.508875739644971,42.01183431952663,7.396449704142012,13.313609467455622,3.2544378698224854,4.437869822485207,0.8875739644970414,0.591715976331361,1.4792899408284024,0.0,0.2958579881656805,0.0,0.0,0.0,0.0,0.0,0.0,0.0,0.0,0.0,0.0
086P,08,6P,0,0,0,0,344,344,341,3,66,41,128,19,57,5,10,4,3,3,0,0,0,0,4,0,0,0,1,0,0,0,inf,0.872093023255814,99.12790697674419,19.35483870967742,12.023460410557185,37.5366568914956,5.571847507331378,16.715542521994134,1.466275659824047,2.932551319648094,1.1730205278592376,0.8797653958944283,0.8797653958944283,0.0,0.0,0.0,0.0,1.1730205278592376,0.0,0.0,0.0,0.2932551319648094,0.0,0.0,0.0
086Q,08,6Q,0,0,0,0,516,516,515,1,125,44,186,40,61,16,19,6,3,11,0,0,0,0,2,0,0,0,2,0,0,0,inf,0.1937984496124031,99.8062015503876,24.271844660194176,8.54368932038835,36.116504854368934,7.766990291262135,11.844660194174757,3.1067961165048543,3.6893203883495143,1.1650485436893203,0.5825242718446602,2.1359223300970873,0.0,0.0,0.0,0.0,0.3883495145631068,0.0,0.0,0.0,0.3883495145631068,0.0,0.0,0.0
086R,08,6R,0,0,0,0,646,646,638,8,144,72,264,29,75,18,12,3,12,5,0,0,0,0,3,0,0,0,1,0,0,0,inf,1.238390092879257,98.76160990712074,22.570532915360502,11.285266457680251,41.37931034482759,4.545454545454546,11.755485893416928,2.8213166144200628,1.8808777429467085,0.4702194357366771,1.8808777429467085,0.7836990595611284,0.0,0.0,0.0,0.0,0.4702194357366771,0.0,0.0,0.0,0.1567398119122257,0.0,0.0,0.0
086S,08,6S,0,0,0,0,341,341,337,4,59,22,140,42,43,18,4,1,7,0,0,0,0,0,0,0,0,0,1,0,0,0,inf,1.1730205278592376,98.82697947214076,17.50741839762611,6.528189910979229,41.54302670623146,12.462908011869436,12.759643916913946,5.341246290801187,1.1869436201780417,0.2967359050445104,2.0771513353115725,0.0,0.0,0.0,0.0,0.0,0.0,0.0,0.0,0.0,0.2967359050445104,0.0,0.0,0.0
086T,08,6T,0,0,0,0,555,555,550,5,134,28,163,87,78,8,20,6,13,9,0,0,0,0,3,0,0,0,1,0,0,0,inf,0.9009009009009009,99.09909909909909,24.363636363636363,5.090909090909091,29.63636363636364,15.818181818181817,14.181818181818182,1.4545454545454546,3.6363636363636362,1.090909090909091,2.3636363636363638,1.6363636363636365,0.0,0.0,0.0,0.0,0.5454545454545455,0.0,0.0,0.0,0.18181818181818182,0.0,0.0,0.0
09101,09,101,670,431,239,0,356,7,355,1,28,32,8,247,24,4,1,0,0,1,0,0,0,0,0,10,0,0,0,0,0,0,53.13432835820896,0.2808988764044944,99.71910112359551,7.887323943661972,9.014084507042254,2.2535211267605635,69.57746478873239,6.760563380281689,1.1267605633802817,0.28169014084507044,0.0,0.0,0.28169014084507044,0.0,0.0,0.0,0.0,0.0,2.8169014084507045,0.0,0.0,0.0,0.0,0.0,0.0
09102,09,102,787,529,258,0,446,10,440,6,20,30,42,260,59,2,5,0,0,2,0,0,0,0,0,20,0,0,0,0,0,0,56.670902160101654,1.345291479820628,98.65470852017937,4.545454545454546,6.8181818181818175,9.545454545454547,59.09090909090909,13.40909090909091,0.45454545454545453,1.1363636363636365,0.0,0.0,0.45454545454545453,0.0,0.0,0.0,0.0,0.0,4.545454545454546,0.0,0.0,0.0,0.0,0.0,0.0
09103,09,103,991,576,415,0,466,12,466,0,37,36,30,292,41,2,4,0,0,1,0,0,0,0,1,22,0,0,0,0,0,0,47.023208879919274,0.0,100.0,7.939914163090128,7.725321888412018,6.437768240343347,62.66094420600859,8.798283261802576,0.4291845493562232,0.8583690987124464,0.0,0.0,0.2145922746781116,0.0,0.0,0.0,0.0,0.2145922746781116,4.721030042918455,0.0,0.0,0.0,0.0,0.0,0.0
09104,09,104,744,458,286,0,395,11,394,1,28,47,25,250,33,1,2,0,0,2,0,0,0,0,0,6,0,0,0,0,0,0,53.09139784946236,0.25316455696202533,99.74683544303798,7.1065989847715745,11.928934010152284,6.345177664974619,63.45177664974619,8.375634517766498,0.25380710659898476,0.5076142131979695,0.0,0.0,0.5076142131979695,0.0,0.0,0.0,0.0,0.0,1.5228426395939088,0.0,0.0,0.0,0.0,0.0,0.0
09105,09,105,630,397,233,0,318,8,317,1,21,29,13,199,38,2,1,0,0,1,0,0,0,0,0,13,0,0,0,0,0,0,50.476190476190474,0.3144654088050315,99.68553459119497,6.624605678233439,9.14826498422713,4.100946372239748,62.77602523659306,11.987381703470032,0.6309148264984227,0.31545741324921134,0.0,0.0,0.31545741324921134,0.0,0.0,0.0,0.0,0.0,4.100946372239748,0.0,0.0,0.0,0.0,0.0,0.0
09106,09,106,797,483,314,0,406,8,403,3,23,50,20,262,26,5,5,0,0,0,0,0,0,0,0,12,0,0,0,0,0,0,50.94102885821832,0.7389162561576355,99.26108374384236,5.707196029776675,12.40694789081886,4.962779156327544,65.01240694789082,6.451612903225806,1.240694789081886,1.240694789081886,0.0,0.0,0.0,0.0,0.0,0.0,0.0,0.0,2.977667493796526,0.0,0.0,0.0,0.0,0.0,0.0
09107,09,107,754,488,266,0,380,9,379,1,28,40,19,227,35,4,5,0,0,2,0,0,1,0,0,18,0,0,0,0,0,0,50.397877984084886,0.2631578947368421,99.73684210526315,7.387862796833773,10.554089709762533,5.013192612137203,59.894459102902374,9.234828496042216,1.0554089709762533,1.3192612137203166,0.0,0.0,0.5277044854881267,0.0,0.0,0.2638522427440633,0.0,0.0,4.749340369393139,0.0,0.0,0.0,0.0,0.0,0.0
09108,09,108,805,541,264,0,462,4,458,4,33,49,19,273,45,7,8,0,0,1,0,1,0,0,1,21,0,0,0,0,0,0,57.391304347826086,0.8658008658008658,99.13419913419914,7.20524017467249,10.698689956331878,4.148471615720524,59.60698689956332,9.82532751091703,1.5283842794759825,1.7467248908296942,0.0,0.0,0.21834061135371177,0.0,0.21834061135371177,0.0,0.0,0.21834061135371177,4.585152838427948,0.0,0.0,0.0,0.0,0.0,0.0
09109,09,109,777,504,273,0,419,9,419,0,44,35,30,254,24,6,4,0,0,2,0,2,0,0,0,18,0,0,0,0,0,0,53.925353925353924,0.0,100.0,10.501193317422434,8.353221957040573,7.159904534606206,60.62052505966587,5.727923627684964,1.431980906921241,0.9546539379474941,0.0,0.0,0.47732696897374705,0.0,0.47732696897374705,0.0,0.0,0.0,4.295942720763723,0.0,0.0,0.0,0.0,0.0,0.0
09110,09,110,824,476,348,0,341,4,339,2,20,31,39,189,33,4,2,0,0,4,0,2,0,0,1,14,0,0,0,0,0,0,41.383495145631066,0.5865102639296188,99.41348973607037,5.899705014749262,9.144542772861357,11.504424778761061,55.75221238938053,9.734513274336283,1.1799410029498525,0.5899705014749262,0.0,0.0,1.1799410029498525,0.0,0.5899705014749262,0.0,0.0,0.2949852507374631,4.129793510324483,0.0,0.0,0.0,0.0,0.0,0.0
09111,09,111,642,423,219,0,320,9,318,2,14,23,9,229,21,4,3,0,0,1,0,2,1,0,0,11,0,0,0,0,0,0,49.84423676012461,0.625,99.375,4.40251572327044,7.232704402515723,2.8301886792452833,72.0125786163522,6.60377358490566,1.257861635220126,0.9433962264150944,0.0,0.0,0.3144654088050315,0.0,0.628930817610063,0.3144654088050315,0.0,0.0,3.459119496855346,0.0,0.0,0.0,0.0,0.0,0.0
09112,09,112,861,467,394,0,390,8,389,1,32,35,24,250,34,2,3,0,0,0,0,0,0,0,1,8,0,0,0,0,0,0,45.29616724738676,0.2564102564102564,99.74358974358975,8.226221079691516,8.997429305912597,6.169665809768637,64.26735218508998,8.740359897172237,0.5141388174807198,0.7712082262210797,0.0,0.0,0.0,0.0,0.0,0.0,0.0,0.2570694087403599,2.056555269922879,0.0,0.0,0.0,0.0,0.0,0.0
09113,09,113,932,529,403,0,467,8,466,1,33,46,36,258,62,5,7,0,0,0,0,0,0,0,0,19,0,0,0,0,0,0,50.107296137339056,0.21413276231263384,99.78586723768737,7.081545064377683,9.871244635193133,7.725321888412018,55.36480686695279,13.304721030042918,1.0729613733905579,1.502145922746781,0.0,0.0,0.0,0.0,0.0,0.0,0.0,0.0,4.07725321888412,0.0,0.0,0.0,0.0,0.0,0.0
09114,09,114,743,457,286,0,336,7,333,3,21,24,31,181,52,4,3,0,0,1,0,0,0,0,0,16,0,0,0,0,0,0,45.22207267833109,0.8928571428571428,99.10714285714286,6.306306306306306,7.207207207207207,9.30930930930931,54.35435435435435,15.615615615615615,1.2012012012012012,0.9009009009009009,0.0,0.0,0.3003003003003003,0.0,0.0,0.0,0.0,0.0,4.804804804804805,0.0,0.0,0.0,0.0,0.0,0.0
09115,09,115,501,344,157,0,222,0,219,3,17,9,33,73,65,5,2,0,0,2,0,0,1,0,2,10,0,0,0,0,0,0,44.31137724550898,1.3513513513513513,98.64864864864865,7.76255707762557,4.10958904109589,15.068493150684931,33.33333333333333,29.68036529680365,2.28310502283105,0.91324200913242,0.0,0.0,0.91324200913242,0.0,0.0,0.45662100456621,0.0,0.91324200913242,4.5662100456621,0.0,0.0,0.0,0.0,0.0,0.0
09116,09,116,746,535,211,0,379,8,375,4,27,13,34,158,107,3,10,0,0,2,0,0,0,0,1,20,0,0,0,0,0,0,50.80428954423593,1.0554089709762533,98.94459102902374,7.199999999999999,3.4666666666666663,9.066666666666666,42.13333333333333,28.53333333333333,0.8,2.666666666666667,0.0,0.0,0.5333333333333333,0.0,0.0,0.0,0.0,0.26666666666666666,5.333333333333334,0.0,0.0,0.0,0.0,0.0,0.0
09117,09,117,760,580,180,0,421,1,416,5,34,10,35,182,113,6,7,0,0,1,0,0,0,0,0,28,0,0,0,0,0,0,55.39473684210526,1.187648456057007,98.812351543943,8.173076923076923,2.403846153846154,8.413461538461538,43.75,27.163461538461537,1.4423076923076923,1.6826923076923077,0.0,0.0,0.2403846153846154,0.0,0.0,0.0,0.0,0.0,6.730769230769231,0.0,0.0,0.0,0.0,0.0,0.0
09118,09,118,984,714,270,0,461,8,452,9,47,22,47,204,97,5,11,0,0,3,0,1,0,0,1,14,0,0,0,0,0,0,46.84959349593496,1.9522776572668112,98.0477223427332,10.398230088495575,4.867256637168142,10.398230088495575,45.13274336283185,21.460176991150444,1.1061946902654867,2.433628318584071,0.0,0.0,0.6637168141592921,0.0,0.22123893805309736,0.0,0.0,0.22123893805309736,3.0973451327433628,0.0,0.0,0.0,0.0,0.0,0.0
09119,09,119,873,626,247,0,476,2,469,7,30,22,53,228,95,12,8,0,0,0,0,0,0,0,1,20,0,0,0,0,0,0,54.52462772050401,1.4705882352941175,98.52941176470588,6.396588486140725,4.690831556503198,11.300639658848615,48.61407249466951,20.255863539445627,2.55863539445629,1.7057569296375266,0.0,0.0,0.0,0.0,0.0,0.0,0.0,0.21321961620469082,4.264392324093817,0.0,0.0,0.0,0.0,0.0,0.0
09120,09,120,695,485,210,0,358,4,357,1,17,18,34,181,71,3,6,0,0,1,0,0,0,0,0,26,0,0,0,0,0,0,51.510791366906474,0.27932960893854747,99.72067039106145,4.761904761904762,5.042016806722689,9.523809523809524,50.700280112044815,19.88795518207283,0.8403361344537815,1.680672268907563,0.0,0.0,0.2801120448179272,0.0,0.0,0.0,0.0,0.0,7.282913165266107,0.0,0.0,0.0,0.0,0.0,0.0
09121,09,121,874,561,313,0,416,10,415,1,31,31,33,251,42,6,6,0,0,7,0,0,0,0,1,7,0,0,0,0,0,0,47.59725400457666,0.2403846153846154,99.75961538461539,7.46987951807229,7.46987951807229,7.951807228915662,60.48192771084337,10.120481927710843,1.4457831325301205,1.4457831325301205,0.0,0.0,1.6867469879518073,0.0,0.0,0.0,0.0,0.24096385542168677,1.6867469879518073,0.0,0.0,0.0,0.0,0.0,0.0
09122,09,122,778,443,335,0,347,4,346,1,19,29,27,190,50,3,9,0,0,2,0,0,0,0,1,16,0,0,0,0,0,0,44.601542416452446,0.2881844380403458,99.71181556195965,5.491329479768786,8.38150289017341,7.803468208092486,54.91329479768786,14.450867052023122,0.8670520231213872,2.601156069364162,0.0,0.0,0.5780346820809248,0.0,0.0,0.0,0.0,0.2890173410404624,4.624277456647398,0.0,0.0,0.0,0.0,0.0,0.0
09123,09,123,915,625,290,0,423,3,419,4,38,12,34,161,131,8,7,0,0,2,0,1,0,0,0,25,0,0,0,0,0,0,46.22950819672131,0.9456264775413712,99.05437352245863,9.069212410501192,2.863961813842482,8.1145584725537,38.424821002386636,31.26491646778043,1.9093078758949882,1.6706443914081146,0.0,0.0,0.47732696897374705,0.0,0.23866348448687352,0.0,0.0,0.0,5.966587112171838,0.0,0.0,0.0,0.0,0.0,0.0
09124,09,124,931,617,314,0,385,0,380,5,23,12,43,173,92,9,2,0,0,0,0,1,1,0,0,24,0,0,0,0,0,0,41.35338345864661,1.2987012987012987,98.7012987012987,6.052631578947368,3.1578947368421053,11.31578947368421,45.526315789473685,24.210526315789473,2.368421052631579,0.5263157894736842,0.0,0.0,0.0,0.0,0.2631578947368421,0.2631578947368421,0.0,0.0,6.315789473684211,0.0,0.0,0.0,0.0,0.0,0.0
09125,09,125,995,702,293,0,549,8,545,4,50,19,54,247,114,8,17,0,0,1,0,2,0,0,1,32,0,0,0,0,0,0,55.175879396984925,0.7285974499089253,99.27140255009107,9.174311926605505,3.486238532110092,9.908256880733946,45.321100917431195,20.91743119266055,1.4678899082568808,3.1192660550458715,0.0,0.0,0.1834862385321101,0.0,0.3669724770642202,0.0,0.0,0.1834862385321101,5.871559633027523,0.0,0.0,0.0,0.0,0.0,0.0
09126,09,126,868,636,232,0,499,5,493,6,30,25,48,266,89,7,11,0,0,0,0,0,0,0,1,16,0,0,0,0,0,0,57.48847926267281,1.2024048096192386,98.79759519038076,6.085192697768763,5.070993914807302,9.73630831643002,53.9553752535497,18.052738336713997,1.4198782961460445,2.231237322515213,0.0,0.0,0.0,0.0,0.0,0.0,0.0,0.2028397565922921,3.2454361054766734,0.0,0.0,0.0,0.0,0.0,0.0
09127,09,127,971,741,230,0,565,9,556,9,49,28,53,266,104,6,17,0,0,4,0,1,0,0,0,28,0,0,0,0,0,0,58.187435633367656,1.592920353982301,98.4070796460177,8.81294964028777,5.0359712230215825,9.532374100719425,47.84172661870504,18.705035971223023,1.079136690647482,3.0575539568345325,0.0,0.0,0.7194244604316548,0.0,0.1798561151079137,0.0,0.0,0.0,5.0359712230215825,0.0,0.0,0.0,0.0,0.0,0.0
09128,09,128,901,642,259,0,500,8,492,8,45,13,68,192,125,6,7,0,0,2,0,1,0,0,0,33,0,0,0,0,0,0,55.49389567147613,1.6,98.4,9.146341463414634,2.642276422764228,13.821138211382115,39.02439024390244,25.406504065040654,1.2195121951219512,1.4227642276422763,0.0,0.0,0.40650406504065045,0.0,0.20325203252032523,0.0,0.0,0.0,6.707317073170732,0.0,0.0,0.0,0.0,0.0,0.0
09129,09,129,830,531,299,0,409,9,407,2,39,19,34,191,87,7,8,0,0,1,0,2,0,0,2,17,0,0,0,0,0,0,49.27710843373494,0.4889975550122249,99.51100244498777,9.582309582309582,4.668304668304668,8.353808353808354,46.928746928746925,21.375921375921376,1.71990171990172,1.9656019656019657,0.0,0.0,0.2457002457002457,0.0,0.4914004914004914,0.0,0.0,0.4914004914004914,4.176904176904177,0.0,0.0,0.0,0.0,0.0,0.0
09130,09,130,927,627,300,0,521,13,520,1,36,27,51,267,101,6,7,0,0,2,0,3,1,0,2,17,0,0,0,0,0,0,56.20280474649406,0.19193857965451055,99.80806142034548,6.923076923076923,5.1923076923076925,9.807692307692308,51.34615384615384,19.423076923076923,1.153846153846154,1.3461538461538463,0.0,0.0,0.38461538461538464,0.0,0.576923076923077,0.19230769230769232,0.0,0.38461538461538464,3.2692307692307696,0.0,0.0,0.0,0.0,0.0,0.0
09131,09,131,994,648,346,0,489,11,484,5,51,15,49,238,93,6,2,0,0,0,0,1,0,0,2,27,0,0,0,0,0,0,49.19517102615694,1.0224948875255624,98.97750511247445,10.537190082644628,3.0991735537190084,10.12396694214876,49.17355371900827,19.214876033057852,1.2396694214876034,0.4132231404958678,0.0,0.0,0.0,0.0,0.2066115702479339,0.0,0.0,0.4132231404958678,5.578512396694215,0.0,0.0,0.0,0.0,0.0,0.0
09132,09,132,824,485,339,0,375,2,374,1,34,20,70,157,67,2,2,0,0,2,0,0,0,0,1,19,0,0,0,0,0,0,45.50970873786408,0.26666666666666666,99.73333333333333,9.090909090909092,5.347593582887701,18.71657754010695,41.97860962566845,17.914438502673796,0.53475935828877,0.53475935828877,0.0,0.0,0.53475935828877,0.0,0.0,0.0,0.0,0.267379679144385,5.080213903743315,0.0,0.0,0.0,0.0,0.0,0.0
09133,09,133,980,541,439,0,442,6,437,5,43,16,93,156,96,9,2,0,0,0,0,0,0,0,1,21,0,0,0,0,0,0,45.102040816326536,1.1312217194570136,98.86877828054298,9.839816933638444,3.6613272311212817,21.28146453089245,35.6979405034325,21.96796338672769,2.059496567505721,0.4576659038901602,0.0,0.0,0.0,0.0,0.0,0.0,0.0,0.2288329519450801,4.805491990846682,0.0,0.0,0.0,0.0,0.0,0.0
09134,09,134,781,495,286,0,395,12,393,2,33,22,29,217,63,6,6,0,0,0,0,1,0,0,0,16,0,0,0,0,0,0,50.576184379001276,0.5063291139240507,99.49367088607595,8.396946564885496,5.597964376590331,7.37913486005089,55.216284987277355,16.030534351145036,1.5267175572519083,1.5267175572519083,0.0,0.0,0.0,0.0,0.2544529262086514,0.0,0.0,0.0,4.071246819338422,0.0,0.0,0.0,0.0,0.0,0.0
09135,09,135,754,532,222,0,342,8,340,2,22,7,44,177,60,10,1,0,0,0,0,2,1,0,1,15,0,0,0,0,0,0,45.35809018567639,0.5847953216374269,99.41520467836257,6.470588235294119,2.0588235294117645,12.941176470588237,52.05882352941177,17.647058823529413,2.941176470588235,0.29411764705882354,0.0,0.0,0.0,0.0,0.5882352941176471,0.29411764705882354,0.0,0.29411764705882354,4.411764705882353,0.0,0.0,0.0,0.0,0.0,0.0
09136,09,136,784,570,214,0,446,15,446,0,37,22,35,253,61,6,9,0,0,1,0,1,0,0,2,19,0,0,0,0,0,0,56.88775510204081,0.0,100.0,8.295964125560538,4.932735426008969,7.847533632286996,56.72645739910314,13.67713004484305,1.345291479820628,2.0179372197309418,0.0,0.0,0.2242152466367713,0.0,0.2242152466367713,0.0,0.0,0.4484304932735426,4.260089686098654,0.0,0.0,0.0,0.0,0.0,0.0
09137,09,137,756,529,227,0,354,2,353,1,17,10,39,161,86,6,7,0,0,2,0,1,0,0,2,22,0,0,0,0,0,0,46.82539682539682,0.2824858757062147,99.71751412429379,4.815864022662889,2.8328611898017,11.048158640226628,45.609065155807365,24.362606232294617,1.69971671388102,1.9830028328611897,0.0,0.0,0.56657223796034,0.0,0.28328611898017,0.0,0.0,0.56657223796034,6.232294617563739,0.0,0.0,0.0,0.0,0.0,0.0
09138,09,138,696,504,192,0,320,7,318,2,14,26,21,164,73,3,4,0,0,2,0,0,0,0,0,11,0,0,0,0,0,0,45.97701149425287,0.625,99.375,4.40251572327044,8.176100628930817,6.60377358490566,51.57232704402516,22.955974842767297,0.9433962264150944,1.257861635220126,0.0,0.0,0.628930817610063,0.0,0.0,0.0,0.0,0.0,3.459119496855346,0.0,0.0,0.0,0.0,0.0,0.0
09139,09,139,957,635,322,0,513,9,508,5,43,30,40,243,95,10,16,0,0,4,0,0,0,0,1,26,0,0,0,0,0,0,53.60501567398119,0.9746588693957114,99.02534113060429,8.46456692913386,5.905511811023622,7.874015748031496,47.83464566929133,18.700787401574804,1.968503937007874,3.149606299212598,0.0,0.0,0.7874015748031495,0.0,0.0,0.0,0.0,0.19685039370078738,5.118110236220472,0.0,0.0,0.0,0.0,0.0,0.0
09140,09,140,1017,631,386,0,468,11,465,3,35,30,50,230,91,6,4,0,0,2,0,1,1,0,4,11,0,0,0,0,0,0,46.017699115044245,0.641025641025641,99.35897435897436,7.526881720430108,6.451612903225806,10.75268817204301,49.46236559139785,19.56989247311828,1.2903225806451613,0.8602150537634409,0.0,0.0,0.43010752688172044,0.0,0.21505376344086022,0.21505376344086022,0.0,0.8602150537634409,2.3655913978494625,0.0,0.0,0.0,0.0,0.0,0.0
09141,09,141,555,357,198,0,281,3,280,1,26,13,42,102,72,11,5,0,0,0,0,0,0,0,0,9,0,0,0,0,0,0,50.630630630630634,0.3558718861209964,99.644128113879,9.285714285714286,4.642857142857143,15.0,36.42857142857142,25.71428571428571,3.9285714285714284,1.7857142857142856,0.0,0.0,0.0,0.0,0.0,0.0,0.0,0.0,3.214285714285714,0.0,0.0,0.0,0.0,0.0,0.0
09142,09,142,825,597,228,0,380,2,379,1,21,20,23,172,113,5,4,0,0,3,0,1,0,0,1,16,0,0,0,0,0,0,46.06060606060606,0.2631578947368421,99.73684210526315,5.540897097625329,5.277044854881266,6.068601583113456,45.382585751978894,29.815303430079155,1.3192612137203166,1.0554089709762533,0.0,0.0,0.79155672823219,0.0,0.2638522427440633,0.0,0.0,0.2638522427440633,4.221635883905013,0.0,0.0,0.0,0.0,0.0,0.0
09143,09,143,1010,707,303,0,502,8,497,5,32,22,39,258,102,5,18,0,0,4,0,0,0,0,0,17,0,0,0,0,0,0,49.7029702970297,0.9960159362549801,99.00398406374502,6.438631790744467,4.426559356136821,7.847082494969819,51.91146881287726,20.52313883299799,1.0060362173038229,3.6217303822937628,0.0,0.0,0.8048289738430584,0.0,0.0,0.0,0.0,0.0,3.420523138832998,0.0,0.0,0.0,0.0,0.0,0.0
091A,09,1A,0,0,0,0,867,867,865,2,67,123,67,531,38,11,12,0,0,1,0,0,0,0,0,15,0,0,0,0,0,0,inf,0.2306805074971165,99.76931949250289,7.745664739884393,14.219653179190752,7.745664739884393,61.387283236994215,4.393063583815029,1.2716763005780347,1.3872832369942196,0.0,0.0,0.11560693641618498,0.0,0.0,0.0,0.0,0.0,1.7341040462427744,0.0,0.0,0.0,0.0,0.0,0.0
091B,09,1B,0,0,0,0,451,451,448,3,32,42,37,282,23,5,7,0,0,0,0,0,0,0,0,20,0,0,0,0,0,0,inf,0.6651884700665188,99.33481152993349,7.142857142857142,9.375,8.258928571428571,62.94642857142857,5.133928571428571,1.1160714285714286,1.5625,0.0,0.0,0.0,0.0,0.0,0.0,0.0,0.0,4.464285714285714,0.0,0.0,0.0,0.0,0.0,0.0
091C,09,1C,0,0,0,0,625,625,620,5,46,84,63,363,26,4,3,0,0,3,0,0,0,0,1,27,0,0,0,0,0,0,inf,0.8,99.2,7.419354838709677,13.548387096774196,10.161290322580644,58.54838709677419,4.193548387096775,0.6451612903225806,0.4838709677419355,0.0,0.0,0.4838709677419355,0.0,0.0,0.0,0.0,0.16129032258064516,4.354838709677419,0.0,0.0,0.0,0.0,0.0,0.0
091D,09,1D,0,0,0,0,492,492,492,0,38,55,36,316,18,6,7,0,0,0,0,0,2,0,1,13,0,0,0,0,0,0,inf,0.0,100.0,7.723577235772358,11.178861788617885,7.317073170731707,64.22764227642277,3.6585365853658534,1.2195121951219512,1.4227642276422763,0.0,0.0,0.0,0.0,0.0,0.40650406504065045,0.0,0.20325203252032523,2.642276422764228,0.0,0.0,0.0,0.0,0.0,0.0
091E,09,1E,0,0,0,0,447,447,447,0,29,60,38,285,11,5,7,0,0,1,0,0,0,0,0,11,0,0,0,0,0,0,inf,0.0,100.0,6.487695749440715,13.422818791946309,8.501118568232663,63.758389261744966,2.460850111856823,1.1185682326621924,1.5659955257270695,0.0,0.0,0.22371364653243847,0.0,0.0,0.0,0.0,0.0,2.460850111856823,0.0,0.0,0.0,0.0,0.0,0.0
091F,09,1F,0,0,0,0,750,750,747,3,65,73,51,472,43,9,14,0,0,2,0,1,1,0,1,15,0,0,0,0,0,0,inf,0.4,99.6,8.701472556894243,9.772423025435073,6.827309236947792,63.186077643908966,5.756358768406962,1.2048192771084338,1.8741633199464525,0.0,0.0,0.2677376171352075,0.0,0.13386880856760375,0.13386880856760375,0.0,0.13386880856760375,2.0080321285140563,0.0,0.0,0.0,0.0,0.0,0.0
091G,09,1G,0,0,0,0,414,414,414,0,30,22,59,225,42,6,7,0,0,4,0,1,0,0,0,18,0,0,0,0,0,0,inf,0.0,100.0,7.246376811594203,5.314009661835748,14.251207729468598,54.347826086956516,10.144927536231885,1.4492753623188406,1.6908212560386473,0.0,0.0,0.966183574879227,0.0,0.24154589371980675,0.0,0.0,0.0,4.3478260869565215,0.0,0.0,0.0,0.0,0.0,0.0
091H,09,1H,0,0,0,0,360,360,355,5,41,20,43,159,49,6,13,0,0,2,0,1,0,0,0,21,0,0,0,0,0,0,inf,1.3888888888888888,98.61111111111111,11.549295774647888,5.633802816901409,12.112676056338028,44.7887323943662,13.802816901408452,1.6901408450704223,3.6619718309859155,0.0,0.0,0.5633802816901409,0.0,0.28169014084507044,0.0,0.0,0.0,5.915492957746479,0.0,0.0,0.0,0.0,0.0,0.0
091I,09,1I,0,0,0,0,436,436,434,2,48,25,54,239,33,4,7,0,0,4,0,0,0,0,1,19,0,0,0,0,0,0,inf,0.45871559633027525,99.54128440366972,11.059907834101383,5.76036866359447,12.442396313364055,55.06912442396313,7.603686635944701,0.9216589861751152,1.6129032258064515,0.0,0.0,0.9216589861751152,0.0,0.0,0.0,0.0,0.2304147465437788,4.377880184331797,0.0,0.0,0.0,0.0,0.0,0.0
091J,09,1J,0,0,0,0,563,563,559,4,54,27,62,292,71,12,11,0,0,2,0,0,1,0,0,27,0,0,0,0,0,0,inf,0.7104795737122558,99.28952042628775,9.66010733452594,4.83005366726297,11.091234347048301,52.23613595706619,12.701252236135957,2.146690518783542,1.9677996422182469,0.0,0.0,0.35778175313059035,0.0,0.0,0.17889087656529518,0.0,0.0,4.83005366726297,0.0,0.0,0.0,0.0,0.0,0.0
091K,09,1K,0,0,0,0,510,510,508,2,45,28,70,248,62,5,18,0,0,4,0,0,0,0,1,27,0,0,0,0,0,0,inf,0.39215686274509803,99.6078431372549,8.858267716535433,5.511811023622047,13.779527559055119,48.818897637795274,12.204724409448819,0.984251968503937,3.543307086614173,0.0,0.0,0.7874015748031495,0.0,0.0,0.0,0.0,0.19685039370078738,5.31496062992126,0.0,0.0,0.0,0.0,0.0,0.0
091L,09,1L,0,0,0,0,456,456,455,1,43,22,55,235,51,3,18,0,0,2,0,0,1,0,4,21,0,0,0,0,0,0,inf,0.21929824561403508,99.78070175438597,9.45054945054945,4.835164835164836,12.087912087912088,51.64835164835166,11.20879120879121,0.6593406593406593,3.9560439560439558,0.0,0.0,0.43956043956043955,0.0,0.0,0.21978021978021978,0.0,0.8791208791208791,4.615384615384616,0.0,0.0,0.0,0.0,0.0,0.0
091M,09,1M,0,0,0,0,475,475,472,3,41,51,39,270,38,9,11,0,0,3,0,0,0,0,0,10,0,0,0,0,0,0,inf,0.631578947368421,99.36842105263159,8.686440677966102,10.805084745762713,8.26271186440678,57.20338983050848,8.050847457627118,1.9067796610169492,2.330508474576271,0.0,0.0,0.6355932203389831,0.0,0.0,0.0,0.0,0.0,2.11864406779661,0.0,0.0,0.0,0.0,0.0,0.0
091N,09,1N,0,0,0,0,488,488,487,1,36,26,58,273,41,11,9,0,0,0,0,0,0,0,1,32,0,0,0,0,0,0,inf,0.20491803278688525,99.79508196721312,7.392197125256674,5.338809034907597,11.90965092402464,56.05749486652978,8.41889117043121,2.2587268993839835,1.8480492813141685,0.0,0.0,0.0,0.0,0.0,0.0,0.0,0.20533880903490762,6.570841889117044,0.0,0.0,0.0,0.0,0.0,0.0
091P,09,1P,0,0,0,0,388,388,388,0,35,23,71,204,30,7,2,0,0,1,0,0,0,0,0,15,0,0,0,0,0,0,inf,0.0,100.0,9.02061855670103,5.927835051546391,18.298969072164947,52.57731958762887,7.731958762886598,1.804123711340206,0.5154639175257731,0.0,0.0,0.25773195876288657,0.0,0.0,0.0,0.0,0.0,3.865979381443299,0.0,0.0,0.0,0.0,0.0,0.0
091Q,09,1Q,0,0,0,0,584,584,581,3,54,34,67,346,45,4,6,0,0,3,0,0,0,0,0,22,0,0,0,0,0,0,inf,0.5136986301369862,99.48630136986301,9.294320137693632,5.851979345955249,11.53184165232358,59.552495697074015,7.74526678141136,0.6884681583476765,1.0327022375215147,0.0,0.0,0.5163511187607573,0.0,0.0,0.0,0.0,0.0,3.7865748709122204,0.0,0.0,0.0,0.0,0.0,0.0
091R,09,1R,0,0,0,0,732,732,732,0,81,39,198,235,98,15,9,0,0,5,0,0,0,0,0,52,0,0,0,0,0,0,inf,0.0,100.0,11.065573770491802,5.327868852459016,27.049180327868854,32.10382513661202,13.387978142076504,2.0491803278688523,1.2295081967213115,0.0,0.0,0.6830601092896175,0.0,0.0,0.0,0.0,0.0,7.103825136612022,0.0,0.0,0.0,0.0,0.0,0.0
091S,09,1S,0,0,0,0,604,604,602,2,41,46,39,381,46,10,16,0,0,3,0,0,0,0,0,20,0,0,0,0,0,0,inf,0.33112582781456956,99.66887417218543,6.810631229235881,7.641196013289036,6.4784053156146175,63.2890365448505,7.641196013289036,1.6611295681063125,2.6578073089700998,0.0,0.0,0.4983388704318937,0.0,0.0,0.0,0.0,0.0,3.322259136212625,0.0,0.0,0.0,0.0,0.0,0.0
091T,09,1T,0,0,0,0,355,355,355,0,24,25,41,173,46,5,8,0,0,6,0,0,0,0,1,26,0,0,0,0,0,0,inf,0.0,100.0,6.760563380281689,7.042253521126761,11.549295774647888,48.732394366197184,12.957746478873238,1.4084507042253522,2.2535211267605635,0.0,0.0,1.6901408450704223,0.0,0.0,0.0,0.0,0.28169014084507044,7.323943661971831,0.0,0.0,0.0,0.0,0.0,0.0
091U,09,1U,0,0,0,0,646,646,640,6,51,53,79,327,55,21,4,0,0,4,0,0,0,0,1,45,0,0,0,0,0,0,inf,0.9287925696594427,99.07120743034056,7.968749999999999,8.28125,12.34375,51.09375000000001,8.59375,3.28125,0.625,0.0,0.0,0.625,0.0,0.0,0.0,0.0,0.15625,7.03125,0.0,0.0,0.0,0.0,0.0,0.0
091V,09,1V,0,0,0,0,493,493,491,2,47,21,56,242,72,6,20,0,0,3,0,1,1,0,0,22,0,0,0,0,0,0,inf,0.4056795131845842,99.59432048681542,9.572301425661914,4.276985743380855,11.405295315682281,49.287169042769854,14.663951120162933,1.2219959266802443,4.0733197556008145,0.0,0.0,0.6109979633401221,0.0,0.20366598778004072,0.20366598778004072,0.0,0.0,4.480651731160896,0.0,0.0,0.0,0.0,0.0,0.0
09201,09,201,888,510,378,0,415,6,413,2,28,19,55,197,87,1,5,0,0,2,0,0,0,0,1,18,0,0,0,0,0,0,46.734234234234236,0.48192771084337355,99.51807228915662,6.779661016949152,4.600484261501211,13.317191283292978,47.699757869249396,21.06537530266344,0.24213075060532688,1.2106537530266344,0.0,0.0,0.48426150121065376,0.0,0.0,0.0,0.0,0.24213075060532688,4.358353510895883,0.0,0.0,0.0,0.0,0.0,0.0
09202,09,202,884,578,306,0,445,4,440,5,52,12,58,188,84,5,6,0,0,1,0,0,0,0,1,33,0,0,0,0,0,0,50.3393665158371,1.1235955056179776,98.87640449438202,11.818181818181818,2.727272727272727,13.18181818181818,42.72727272727273,19.090909090909093,1.1363636363636365,1.3636363636363635,0.0,0.0,0.22727272727272727,0.0,0.0,0.0,0.0,0.22727272727272727,7.5,0.0,0.0,0.0,0.0,0.0,0.0
09203,09,203,769,551,218,0,421,4,418,3,44,14,66,177,83,3,4,0,0,2,0,0,0,0,1,24,0,0,0,0,0,0,54.74642392717816,0.7125890736342043,99.2874109263658,10.526315789473683,3.349282296650718,15.789473684210526,42.3444976076555,19.85645933014354,0.7177033492822966,0.9569377990430622,0.0,0.0,0.4784688995215311,0.0,0.0,0.0,0.0,0.23923444976076555,5.741626794258373,0.0,0.0,0.0,0.0,0.0,0.0
09204,09,204,878,600,278,0,479,2,476,3,29,15,69,192,127,6,8,0,0,6,0,0,2,0,0,22,0,0,0,0,0,0,54.55580865603644,0.6263048016701461,99.37369519832986,6.092436974789916,3.1512605042016806,14.495798319327733,40.33613445378151,26.680672268907564,1.2605042016806722,1.680672268907563,0.0,0.0,1.2605042016806722,0.0,0.0,0.42016806722689076,0.0,0.0,4.621848739495799,0.0,0.0,0.0,0.0,0.0,0.0
09205,09,205,873,628,245,0,483,3,478,5,49,13,52,171,147,8,12,0,0,1,0,1,0,0,0,24,0,0,0,0,0,0,55.32646048109966,1.0351966873706004,98.9648033126294,10.251046025104603,2.7196652719665275,10.87866108786611,35.77405857740586,30.753138075313807,1.6736401673640167,2.510460251046025,0.0,0.0,0.20920502092050208,0.0,0.20920502092050208,0.0,0.0,0.0,5.02092050209205,0.0,0.0,0.0,0.0,0.0,0.0
09206,09,206,774,598,176,0,430,3,422,8,52,8,60,140,128,5,7,0,0,2,0,0,0,0,0,20,0,0,0,0,0,0,55.55555555555556,1.8604651162790697,98.13953488372093,12.322274881516588,1.8957345971563981,14.218009478672986,33.175355450236964,30.33175355450237,1.1848341232227488,1.6587677725118484,0.0,0.0,0.47393364928909953,0.0,0.0,0.0,0.0,0.0,4.739336492890995,0.0,0.0,0.0,0.0,0.0,0.0
09207,09,207,860,640,220,0,499,2,494,5,52,7,68,142,160,7,14,0,0,7,0,0,0,0,0,37,0,0,0,0,0,0,58.02325581395349,1.002004008016032,98.99799599198397,10.526315789473683,1.417004048582996,13.765182186234817,28.74493927125506,32.388663967611336,1.417004048582996,2.834008097165992,0.0,0.0,1.417004048582996,0.0,0.0,0.0,0.0,0.0,7.489878542510121,0.0,0.0,0.0,0.0,0.0,0.0
09208,09,208,768,574,194,0,422,2,418,4,38,8,46,158,133,3,10,0,0,2,0,0,1,0,0,19,0,0,0,0,0,0,54.947916666666664,0.9478672985781991,99.0521327014218,9.090909090909092,1.9138755980861244,11.004784688995215,37.79904306220095,31.818181818181817,0.7177033492822966,2.3923444976076556,0.0,0.0,0.4784688995215311,0.0,0.0,0.23923444976076555,0.0,0.0,4.545454545454546,0.0,0.0,0.0,0.0,0.0,0.0
09209,09,209,766,566,200,0,436,5,432,4,38,20,55,160,120,3,11,0,0,3,0,0,0,0,0,22,0,0,0,0,0,0,56.919060052219315,0.9174311926605505,99.08256880733946,8.796296296296296,4.62962962962963,12.731481481481483,37.03703703703704,27.77777777777778,0.6944444444444444,2.5462962962962963,0.0,0.0,0.6944444444444444,0.0,0.0,0.0,0.0,0.0,5.092592592592593,0.0,0.0,0.0,0.0,0.0,0.0
09210,09,210,793,529,264,0,403,6,401,2,44,8,70,134,90,9,10,0,0,6,0,1,2,0,1,26,0,0,0,0,0,0,50.81967213114754,0.49627791563275436,99.50372208436724,10.972568578553615,1.99501246882793,17.45635910224439,33.416458852867834,22.443890274314214,2.2443890274314215,2.493765586034913,0.0,0.0,1.4962593516209477,0.0,0.24937655860349126,0.4987531172069825,0.0,0.24937655860349126,6.483790523690773,0.0,0.0,0.0,0.0,0.0,0.0
09211,09,211,1153,666,487,0,592,13,589,3,56,31,99,226,127,11,9,0,0,2,0,0,1,0,3,24,0,0,0,0,0,0,51.344319167389415,0.5067567567567568,99.49324324324324,9.507640067911714,5.263157894736842,16.808149405772497,38.37011884550085,21.561969439728355,1.8675721561969438,1.5280135823429541,0.0,0.0,0.3395585738539898,0.0,0.0,0.1697792869269949,0.0,0.5093378607809848,4.074702886247878,0.0,0.0,0.0,0.0,0.0,0.0
09212,09,212,943,645,298,0,511,7,505,6,48,10,119,142,137,11,6,0,0,4,0,1,0,0,0,27,0,0,0,0,0,0,54.18875927889714,1.1741682974559686,98.82583170254404,9.504950495049505,1.9801980198019802,23.564356435643564,28.118811881188122,27.12871287128713,2.178217821782178,1.188118811881188,0.0,0.0,0.7920792079207921,0.0,0.19801980198019803,0.0,0.0,0.0,5.346534653465347,0.0,0.0,0.0,0.0,0.0,0.0
09213,09,213,986,650,336,0,485,6,482,3,44,23,47,202,113,10,12,0,0,3,0,0,1,0,1,26,0,0,0,0,0,0,49.18864097363083,0.6185567010309279,99.38144329896907,9.12863070539419,4.771784232365145,9.751037344398341,41.90871369294606,23.443983402489625,2.0746887966804977,2.4896265560165975,0.0,0.0,0.6224066390041494,0.0,0.0,0.2074688796680498,0.0,0.2074688796680498,5.394190871369295,0.0,0.0,0.0,0.0,0.0,0.0
09214,09,214,661,462,199,0,351,6,350,1,27,11,44,136,103,3,8,0,0,1,0,1,0,0,0,16,0,0,0,0,0,0,53.10136157337367,0.2849002849002849,99.71509971509973,7.7142857142857135,3.1428571428571432,12.571428571428573,38.857142857142854,29.428571428571427,0.8571428571428572,2.2857142857142856,0.0,0.0,0.2857142857142857,0.0,0.2857142857142857,0.0,0.0,0.0,4.571428571428571,0.0,0.0,0.0,0.0,0.0,0.0
09215,09,215,740,525,215,0,430,6,427,3,25,12,57,183,103,9,10,0,0,2,0,0,0,0,0,26,0,0,0,0,0,0,58.108108108108105,0.6976744186046512,99.30232558139535,5.85480093676815,2.810304449648712,13.348946135831383,42.857142857142854,24.121779859484775,2.107728337236534,2.3419203747072603,0.0,0.0,0.468384074941452,0.0,0.0,0.0,0.0,0.0,6.0889929742388755,0.0,0.0,0.0,0.0,0.0,0.0
09216,09,216,873,608,265,0,502,7,499,3,44,18,73,225,98,15,4,0,0,1,0,0,0,0,2,19,0,0,0,0,0,0,57.50286368843069,0.5976095617529881,99.40239043824701,8.817635270541082,3.6072144288577155,14.629258517034069,45.09018036072144,19.639278557114228,3.006012024048096,0.8016032064128256,0.0,0.0,0.2004008016032064,0.0,0.0,0.0,0.0,0.4008016032064128,3.807615230460922,0.0,0.0,0.0,0.0,0.0,0.0
09217,09,217,1142,732,410,0,581,8,580,1,50,27,76,263,108,12,9,0,0,1,0,0,0,0,1,33,0,0,0,0,0,0,50.87565674255692,0.17211703958691912,99.82788296041308,8.620689655172415,4.655172413793104,13.10344827586207,45.3448275862069,18.620689655172416,2.0689655172413794,1.5517241379310345,0.0,0.0,0.1724137931034483,0.0,0.0,0.0,0.0,0.1724137931034483,5.689655172413794,0.0,0.0,0.0,0.0,0.0,0.0
09218,09,218,1016,690,326,0,503,7,498,5,50,25,48,200,128,15,10,0,0,2,0,0,1,0,2,17,0,0,0,0,0,0,49.50787401574803,0.9940357852882704,99.00596421471172,10.040160642570282,5.020080321285141,9.63855421686747,40.16064257028113,25.702811244979916,3.0120481927710845,2.0080321285140563,0.0,0.0,0.4016064257028112,0.0,0.0,0.2008032128514056,0.0,0.4016064257028112,3.413654618473896,0.0,0.0,0.0,0.0,0.0,0.0
09219,09,219,628,485,143,0,312,5,311,1,22,20,22,159,64,7,7,0,0,1,0,0,0,0,1,8,0,0,0,0,0,0,49.681528662420384,0.3205128205128205,99.67948717948718,7.07395498392283,6.430868167202572,7.07395498392283,51.12540192926045,20.578778135048232,2.2508038585209005,2.2508038585209005,0.0,0.0,0.3215434083601286,0.0,0.0,0.0,0.0,0.3215434083601286,2.572347266881029,0.0,0.0,0.0,0.0,0.0,0.0
09220,09,220,843,624,219,0,435,8,430,5,32,23,41,194,92,7,13,0,0,3,0,0,1,0,3,21,0,0,0,0,0,0,51.60142348754449,1.1494252873563218,98.85057471264368,7.441860465116279,5.348837209302325,9.534883720930234,45.11627906976744,21.3953488372093,1.627906976744186,3.0232558139534884,0.0,0.0,0.6976744186046512,0.0,0.0,0.23255813953488372,0.0,0.6976744186046512,4.883720930232558,0.0,0.0,0.0,0.0,0.0,0.0
09221,09,221,651,437,214,0,325,11,323,2,25,25,25,157,58,4,5,0,0,3,0,0,1,0,1,19,0,0,0,0,0,0,49.92319508448541,0.6153846153846154,99.38461538461539,7.739938080495357,7.739938080495357,7.739938080495357,48.60681114551084,17.956656346749224,1.238390092879257,1.5479876160990713,0.0,0.0,0.9287925696594427,0.0,0.0,0.30959752321981426,0.0,0.30959752321981426,5.88235294117647,0.0,0.0,0.0,0.0,0.0,0.0
09222,09,222,591,415,176,0,285,2,285,0,20,12,20,132,62,5,15,0,0,3,0,2,0,0,1,13,0,0,0,0,0,0,48.223350253807105,0.0,100.0,7.017543859649122,4.2105263157894735,7.017543859649122,46.31578947368421,21.75438596491228,1.7543859649122806,5.263157894736842,0.0,0.0,1.0526315789473684,0.0,0.7017543859649122,0.0,0.0,0.3508771929824561,4.56140350877193,0.0,0.0,0.0,0.0,0.0,0.0
09223,09,223,821,516,305,0,392,4,391,1,34,17,30,179,97,4,8,0,0,1,0,0,0,0,1,20,0,0,0,0,0,0,47.74665042630938,0.25510204081632654,99.74489795918367,8.695652173913043,4.3478260869565215,7.672634271099745,45.78005115089514,24.808184143222505,1.0230179028132993,2.0460358056265986,0.0,0.0,0.2557544757033248,0.0,0.0,0.0,0.0,0.2557544757033248,5.115089514066496,0.0,0.0,0.0,0.0,0.0,0.0
09224,09,224,908,646,262,0,489,9,485,4,57,8,63,221,92,4,11,0,0,6,0,0,0,0,1,22,0,0,0,0,0,0,53.85462555066079,0.81799591002045,99.18200408997954,11.752577319587628,1.6494845360824744,12.989690721649486,45.56701030927835,18.969072164948454,0.8247422680412372,2.268041237113402,0.0,0.0,1.2371134020618557,0.0,0.0,0.0,0.0,0.2061855670103093,4.536082474226804,0.0,0.0,0.0,0.0,0.0,0.0
09225,09,225,770,532,238,0,389,2,386,3,23,24,32,191,73,6,6,0,0,4,0,0,0,0,2,25,0,0,0,0,0,0,50.51948051948052,0.7712082262210797,99.22879177377892,5.958549222797927,6.217616580310881,8.290155440414509,49.48186528497409,18.911917098445596,1.5544041450777202,1.5544041450777202,0.0,0.0,1.0362694300518136,0.0,0.0,0.0,0.0,0.5181347150259068,6.476683937823833,0.0,0.0,0.0,0.0,0.0,0.0
09226,09,226,843,540,303,0,417,4,415,2,16,20,28,220,91,7,9,0,0,4,0,0,0,0,1,19,0,0,0,0,0,0,49.46619217081851,0.4796163069544364,99.52038369304557,3.8554216867469884,4.819277108433735,6.746987951807229,53.01204819277109,21.927710843373493,1.6867469879518073,2.1686746987951806,0.0,0.0,0.9638554216867471,0.0,0.0,0.0,0.0,0.24096385542168677,4.578313253012048,0.0,0.0,0.0,0.0,0.0,0.0
09227,09,227,839,575,264,0,394,3,390,4,29,24,21,211,76,7,8,0,0,3,0,0,0,0,2,9,0,0,0,0,0,0,46.96066746126341,1.015228426395939,98.98477157360406,7.435897435897436,6.153846153846154,5.384615384615385,54.1025641025641,19.48717948717949,1.7948717948717947,2.051282051282051,0.0,0.0,0.7692307692307693,0.0,0.0,0.0,0.0,0.5128205128205128,2.307692307692308,0.0,0.0,0.0,0.0,0.0,0.0
09228,09,228,775,580,195,0,438,7,434,4,27,20,33,233,80,6,9,0,0,3,0,1,0,0,0,22,0,0,0,0,0,0,56.516129032258064,0.91324200913242,99.08675799086758,6.221198156682028,4.6082949308755765,7.603686635944701,53.686635944700456,18.433179723502306,1.3824884792626728,2.0737327188940093,0.0,0.0,0.6912442396313364,0.0,0.2304147465437788,0.0,0.0,0.0,5.0691244239631335,0.0,0.0,0.0,0.0,0.0,0.0
09229,09,229,798,558,240,0,380,6,376,4,22,19,25,197,73,11,12,0,0,2,0,1,0,0,1,13,0,0,0,0,0,0,47.61904761904761,1.0526315789473684,98.94736842105263,5.851063829787234,5.053191489361701,6.648936170212766,52.3936170212766,19.414893617021274,2.925531914893617,3.1914893617021276,0.0,0.0,0.5319148936170213,0.0,0.26595744680851063,0.0,0.0,0.26595744680851063,3.4574468085106385,0.0,0.0,0.0,0.0,0.0,0.0
09230,09,230,839,580,259,0,433,8,431,2,29,24,29,236,81,0,12,0,0,2,0,0,1,0,1,16,0,0,0,0,0,0,51.609058402860555,0.4618937644341801,99.53810623556582,6.728538283062645,5.56844547563805,6.728538283062645,54.75638051044084,18.793503480278424,0.0,2.784222737819025,0.0,0.0,0.46403712296983757,0.0,0.0,0.23201856148491878,0.0,0.23201856148491878,3.7122969837587005,0.0,0.0,0.0,0.0,0.0,0.0
09231,09,231,753,486,267,0,362,9,362,0,42,12,37,152,82,3,8,0,0,2,0,1,0,0,1,22,0,0,0,0,0,0,48.07436918990704,0.0,100.0,11.602209944751381,3.314917127071823,10.220994475138122,41.988950276243095,22.65193370165746,0.8287292817679558,2.209944751381215,0.0,0.0,0.5524861878453038,0.0,0.2762430939226519,0.0,0.0,0.2762430939226519,6.077348066298343,0.0,0.0,0.0,0.0,0.0,0.0
09232,09,232,1014,718,296,0,498,4,493,5,47,17,46,182,152,10,7,0,0,0,0,2,0,0,2,28,0,0,0,0,0,0,49.112426035502956,1.0040160642570282,98.99598393574297,9.533468559837727,3.4482758620689653,9.330628803245435,36.91683569979716,30.831643002028397,2.028397565922921,1.4198782961460445,0.0,0.0,0.0,0.0,0.4056795131845842,0.0,0.0,0.4056795131845842,5.679513184584178,0.0,0.0,0.0,0.0,0.0,0.0
09233,09,233,1009,699,310,0,497,18,493,4,37,24,34,227,105,12,10,0,0,2,0,0,1,0,2,39,0,0,0,0,0,0,49.25668979187314,0.8048289738430584,99.19517102615694,7.505070993914807,4.86815415821501,6.896551724137931,46.0446247464503,21.29817444219067,2.434077079107505,2.028397565922921,0.0,0.0,0.4056795131845842,0.0,0.0,0.2028397565922921,0.0,0.4056795131845842,7.910750507099391,0.0,0.0,0.0,0.0,0.0,0.0
09234,09,234,1121,670,451,0,469,1,465,4,33,23,59,191,117,7,8,0,0,4,0,0,0,0,0,23,0,0,0,0,0,0,41.83764495985727,0.8528784648187633,99.14712153518124,7.096774193548387,4.946236559139785,12.688172043010754,41.075268817204304,25.161290322580644,1.5053763440860215,1.7204301075268817,0.0,0.0,0.8602150537634409,0.0,0.0,0.0,0.0,0.0,4.946236559139785,0.0,0.0,0.0,0.0,0.0,0.0
09235,09,235,911,627,284,0,484,12,473,11,28,18,45,230,116,3,9,0,0,2,0,1,0,0,2,19,0,0,0,0,0,0,53.1284302963776,2.272727272727273,97.72727272727273,5.9196617336152215,3.8054968287526427,9.513742071881607,48.625792811839325,24.52431289640592,0.6342494714587738,1.9027484143763214,0.0,0.0,0.42283298097251587,0.0,0.21141649048625794,0.0,0.0,0.42283298097251587,4.0169133192389,0.0,0.0,0.0,0.0,0.0,0.0
09236,09,236,899,619,280,0,459,3,453,6,32,20,37,220,104,6,4,0,0,2,0,0,1,0,0,27,0,0,0,0,0,0,51.05672969966629,1.3071895424836601,98.69281045751634,7.06401766004415,4.415011037527594,8.167770419426049,48.56512141280353,22.958057395143488,1.3245033112582782,0.8830022075055187,0.0,0.0,0.44150110375275936,0.0,0.0,0.22075055187637968,0.0,0.0,5.960264900662252,0.0,0.0,0.0,0.0,0.0,0.0
09237,09,237,836,548,288,0,437,3,429,8,33,17,49,189,101,6,6,0,0,2,0,0,0,0,0,26,0,0,0,0,0,0,52.27272727272727,1.8306636155606408,98.16933638443935,7.6923076923076925,3.9627039627039626,11.421911421911423,44.05594405594406,23.543123543123542,1.3986013986013985,1.3986013986013985,0.0,0.0,0.4662004662004662,0.0,0.0,0.0,0.0,0.0,6.0606060606060606,0.0,0.0,0.0,0.0,0.0,0.0
09238,09,238,955,704,251,0,442,2,439,3,40,13,46,171,117,10,12,0,0,4,0,0,0,0,0,26,0,0,0,0,0,0,46.282722513089006,0.6787330316742082,99.3212669683258,9.111617312072893,2.9612756264236904,10.478359908883828,38.95216400911162,26.65148063781321,2.277904328018223,2.733485193621868,0.0,0.0,0.9111617312072893,0.0,0.0,0.0,0.0,0.0,5.922551252847381,0.0,0.0,0.0,0.0,0.0,0.0
09239,09,239,903,540,363,0,467,2,466,1,32,27,89,173,106,2,6,0,0,1,0,0,0,0,0,30,0,0,0,0,0,0,51.71650055370986,0.21413276231263384,99.78586723768737,6.866952789699571,5.793991416309012,19.098712446351932,37.1244635193133,22.746781115879827,0.4291845493562232,1.2875536480686696,0.0,0.0,0.2145922746781116,0.0,0.0,0.0,0.0,0.0,6.437768240343347,0.0,0.0,0.0,0.0,0.0,0.0
09240,09,240,761,568,193,0,398,4,393,5,20,7,35,147,152,6,4,0,0,3,0,1,0,0,0,18,0,0,0,0,0,0,52.299605781865964,1.256281407035176,98.74371859296483,5.089058524173027,1.7811704834605597,8.9058524173028,37.404580152671755,38.67684478371501,1.5267175572519083,1.0178117048346056,0.0,0.0,0.7633587786259541,0.0,0.2544529262086514,0.0,0.0,0.0,4.580152671755725,0.0,0.0,0.0,0.0,0.0,0.0
09241,09,241,1032,717,315,0,477,8,475,2,37,15,57,196,116,8,11,0,0,3,0,2,0,0,0,30,0,0,0,0,0,0,46.22093023255814,0.41928721174004197,99.58071278825996,7.7894736842105265,3.1578947368421053,12.0,41.26315789473684,24.421052631578945,1.6842105263157894,2.3157894736842106,0.0,0.0,0.631578947368421,0.0,0.42105263157894735,0.0,0.0,0.0,6.315789473684211,0.0,0.0,0.0,0.0,0.0,0.0
092A,09,2A,0,0,0,0,582,582,581,1,85,26,80,256,67,5,17,0,0,4,0,0,0,0,3,38,0,0,0,0,0,0,inf,0.1718213058419244,99.82817869415808,14.629948364888124,4.475043029259897,13.769363166953527,44.061962134251296,11.53184165232358,0.8605851979345954,2.9259896729776247,0.0,0.0,0.6884681583476765,0.0,0.0,0.0,0.0,0.5163511187607573,6.540447504302927,0.0,0.0,0.0,0.0,0.0,0.0
092B,09,2B,0,0,0,0,378,378,376,2,37,9,82,139,65,3,2,0,0,1,0,0,0,0,3,35,0,0,0,0,0,0,inf,0.5291005291005291,99.47089947089947,9.840425531914894,2.393617021276596,21.808510638297875,36.96808510638298,17.287234042553195,0.7978723404255319,0.5319148936170213,0.0,0.0,0.26595744680851063,0.0,0.0,0.0,0.0,0.7978723404255319,9.308510638297872,0.0,0.0,0.0,0.0,0.0,0.0
092C,09,2C,0,0,0,0,529,529,527,2,75,24,103,184,78,11,19,0,0,3,0,1,0,0,0,29,0,0,0,0,0,0,inf,0.3780718336483932,99.62192816635161,14.231499051233396,4.554079696394687,19.54459203036053,34.9146110056926,14.800759013282732,2.0872865275142316,3.6053130929791273,0.0,0.0,0.5692599620493358,0.0,0.18975332068311196,0.0,0.0,0.0,5.502846299810247,0.0,0.0,0.0,0.0,0.0,0.0
092D,09,2D,0,0,0,0,370,370,370,0,47,18,49,164,60,3,3,0,0,2,0,0,2,0,0,22,0,0,0,0,0,0,inf,0.0,100.0,12.702702702702704,4.864864864864865,13.243243243243244,44.32432432432433,16.216216216216218,0.8108108108108109,0.8108108108108109,0.0,0.0,0.5405405405405406,0.0,0.0,0.5405405405405406,0.0,0.0,5.9459459459459465,0.0,0.0,0.0,0.0,0.0,0.0
092E,09,2E,0,0,0,0,683,683,680,3,70,43,75,340,85,10,16,0,0,4,0,0,0,0,2,35,0,0,0,0,0,0,inf,0.43923865300146414,99.56076134699853,10.294117647058822,6.323529411764706,11.029411764705882,50.0,12.5,1.4705882352941175,2.3529411764705883,0.0,0.0,0.5882352941176471,0.0,0.0,0.0,0.0,0.29411764705882354,5.147058823529411,0.0,0.0,0.0,0.0,0.0,0.0
092F,09,2F,0,0,0,0,455,455,450,5,37,23,80,204,56,12,10,0,0,5,0,1,0,0,2,20,0,0,0,0,0,0,inf,1.098901098901099,98.9010989010989,8.222222222222223,5.111111111111112,17.77777777777778,45.33333333333333,12.444444444444445,2.666666666666667,2.2222222222222223,0.0,0.0,1.1111111111111112,0.0,0.2222222222222222,0.0,0.0,0.4444444444444444,4.444444444444445,0.0,0.0,0.0,0.0,0.0,0.0
092G,09,2G,0,0,0,0,452,452,448,4,47,23,62,218,55,5,13,0,0,1,0,0,0,0,3,21,0,0,0,0,0,0,inf,0.8849557522123894,99.11504424778761,10.491071428571429,5.133928571428571,13.839285714285715,48.660714285714285,12.276785714285714,1.1160714285714286,2.9017857142857144,0.0,0.0,0.2232142857142857,0.0,0.0,0.0,0.0,0.6696428571428571,4.6875,0.0,0.0,0.0,0.0,0.0,0.0
092H,09,2H,0,0,0,0,627,627,620,7,71,39,131,245,68,11,15,0,0,5,0,2,0,0,1,32,0,0,0,0,0,0,inf,1.1164274322169059,98.88357256778309,11.451612903225806,6.290322580645161,21.129032258064516,39.516129032258064,10.967741935483872,1.7741935483870968,2.4193548387096775,0.0,0.0,0.8064516129032258,0.0,0.3225806451612903,0.0,0.0,0.16129032258064516,5.161290322580645,0.0,0.0,0.0,0.0,0.0,0.0
092I,09,2I,0,0,0,0,595,595,594,1,66,27,107,251,83,10,15,0,0,0,0,0,1,0,0,34,0,0,0,0,0,0,inf,0.16806722689075632,99.83193277310924,11.11111111111111,4.545454545454546,18.013468013468014,42.255892255892256,13.973063973063974,1.6835016835016834,2.525252525252525,0.0,0.0,0.0,0.0,0.0,0.16835016835016833,0.0,0.0,5.723905723905724,0.0,0.0,0.0,0.0,0.0,0.0
092J,09,2J,0,0,0,0,511,511,505,6,48,31,59,258,68,6,10,0,0,3,0,0,0,0,1,21,0,0,0,0,0,0,inf,1.1741682974559686,98.82583170254404,9.504950495049505,6.138613861386139,11.683168316831685,51.08910891089109,13.465346534653467,1.188118811881188,1.9801980198019802,0.0,0.0,0.594059405940594,0.0,0.0,0.0,0.0,0.19801980198019803,4.158415841584159,0.0,0.0,0.0,0.0,0.0,0.0
092K,09,2K,0,0,0,0,496,496,494,2,52,28,68,228,82,4,9,0,0,0,0,1,3,0,0,19,0,0,0,0,0,0,inf,0.4032258064516129,99.59677419354838,10.526315789473683,5.668016194331984,13.765182186234817,46.15384615384615,16.599190283400812,0.8097165991902834,1.8218623481781375,0.0,0.0,0.0,0.0,0.20242914979757085,0.6072874493927125,0.0,0.0,3.8461538461538463,0.0,0.0,0.0,0.0,0.0,0.0
092L,09,2L,0,0,0,0,534,534,533,1,41,23,86,240,71,11,8,0,0,6,0,2,0,0,1,44,0,0,0,0,0,0,inf,0.18726591760299627,99.812734082397,7.6923076923076925,4.315196998123827,16.135084427767353,45.0281425891182,13.320825515947469,2.0637898686679175,1.5009380863039399,0.0,0.0,1.125703564727955,0.0,0.37523452157598497,0.0,0.0,0.18761726078799248,8.25515947467167,0.0,0.0,0.0,0.0,0.0,0.0
092M,09,2M,0,0,0,0,292,292,290,2,27,15,35,133,37,3,9,0,0,1,0,0,0,0,0,30,0,0,0,0,0,0,inf,0.684931506849315,99.31506849315068,9.310344827586208,5.172413793103448,12.068965517241379,45.86206896551724,12.758620689655173,1.0344827586206897,3.103448275862069,0.0,0.0,0.3448275862068966,0.0,0.0,0.0,0.0,0.0,10.344827586206897,0.0,0.0,0.0,0.0,0.0,0.0
092N,09,2N,0,0,0,0,729,729,726,3,55,31,85,392,83,12,11,0,0,6,0,2,0,0,1,48,0,0,0,0,0,0,inf,0.411522633744856,99.58847736625515,7.575757575757576,4.2699724517906334,11.707988980716253,53.994490358126725,11.432506887052343,1.6528925619834711,1.5151515151515151,0.0,0.0,0.8264462809917356,0.0,0.27548209366391185,0.0,0.0,0.13774104683195593,6.6115702479338845,0.0,0.0,0.0,0.0,0.0,0.0
092P,09,2P,0,0,0,0,526,526,524,2,40,26,62,282,57,15,19,0,0,2,0,1,1,0,2,17,0,0,0,0,0,0,inf,0.38022813688212925,99.61977186311786,7.633587786259542,4.961832061068702,11.83206106870229,53.81679389312977,10.877862595419847,2.8625954198473282,3.6259541984732824,0.0,0.0,0.38167938931297707,0.0,0.19083969465648853,0.19083969465648853,0.0,0.38167938931297707,3.2442748091603053,0.0,0.0,0.0,0.0,0.0,0.0
092Q,09,2Q,0,0,0,0,518,518,515,3,56,19,43,279,68,2,14,0,0,6,0,0,1,0,3,24,0,0,0,0,0,0,inf,0.5791505791505791,99.42084942084942,10.87378640776699,3.6893203883495143,8.349514563106796,54.1747572815534,13.203883495145632,0.3883495145631068,2.7184466019417477,0.0,0.0,1.1650485436893203,0.0,0.0,0.1941747572815534,0.0,0.5825242718446602,4.660194174757281,0.0,0.0,0.0,0.0,0.0,0.0
092R,09,2R,0,0,0,0,400,400,399,1,31,21,26,246,41,9,10,0,0,0,0,0,0,0,1,14,0,0,0,0,0,0,inf,0.25,99.75,7.769423558897243,5.263157894736842,6.516290726817042,61.65413533834586,10.275689223057643,2.2556390977443606,2.506265664160401,0.0,0.0,0.0,0.0,0.0,0.0,0.0,0.2506265664160401,3.508771929824561,0.0,0.0,0.0,0.0,0.0,0.0
092S,09,2S,0,0,0,0,366,366,365,1,30,21,28,220,38,4,14,0,0,1,0,0,0,0,0,9,0,0,0,0,0,0,inf,0.273224043715847,99.72677595628416,8.21917808219178,5.7534246575342465,7.671232876712329,60.273972602739725,10.41095890410959,1.095890410958904,3.8356164383561646,0.0,0.0,0.273972602739726,0.0,0.0,0.0,0.0,0.0,2.4657534246575343,0.0,0.0,0.0,0.0,0.0,0.0
092T,09,2T,0,0,0,0,505,505,503,2,39,28,49,273,66,6,17,0,0,5,0,0,1,0,0,19,0,0,0,0,0,0,inf,0.39603960396039606,99.60396039603961,7.75347912524851,5.566600397614314,9.74155069582505,54.27435387673957,13.12127236580517,1.1928429423459244,3.3797216699801194,0.0,0.0,0.9940357852882704,0.0,0.0,0.19880715705765406,0.0,0.0,3.7773359840954273,0.0,0.0,0.0,0.0,0.0,0.0
092U,09,2U,0,0,0,0,400,400,396,4,31,35,27,207,48,7,16,0,0,1,0,0,1,0,0,23,0,0,0,0,0,0,inf,1.0,99.0,7.828282828282829,8.83838383838384,6.8181818181818175,52.27272727272727,12.121212121212121,1.7676767676767675,4.040404040404041,0.0,0.0,0.25252525252525254,0.0,0.0,0.25252525252525254,0.0,0.0,5.808080808080808,0.0,0.0,0.0,0.0,0.0,0.0
092V,09,2V,0,0,0,0,384,384,381,3,34,33,30,209,30,8,7,0,0,3,0,2,0,0,0,25,0,0,0,0,0,0,inf,0.78125,99.21875,8.923884514435695,8.661417322834646,7.874015748031496,54.85564304461942,7.874015748031496,2.099737532808399,1.837270341207349,0.0,0.0,0.7874015748031495,0.0,0.5249343832020997,0.0,0.0,0.0,6.561679790026247,0.0,0.0,0.0,0.0,0.0,0.0
09301,09,301,1010,689,321,0,574,5,568,6,39,24,86,220,155,7,12,0,0,3,0,0,0,0,0,22,0,0,0,0,0,0,56.83168316831683,1.0452961672473868,98.95470383275261,6.866197183098592,4.225352112676056,15.140845070422534,38.732394366197184,27.2887323943662,1.232394366197183,2.112676056338028,0.0,0.0,0.528169014084507,0.0,0.0,0.0,0.0,0.0,3.873239436619718,0.0,0.0,0.0,0.0,0.0,0.0
09302,09,302,836,596,240,0,458,5,455,3,40,12,50,177,127,5,9,0,0,6,0,0,2,0,0,27,0,0,0,0,0,0,54.78468899521531,0.6550218340611353,99.34497816593887,8.791208791208792,2.6373626373626373,10.989010989010989,38.901098901098905,27.912087912087912,1.098901098901099,1.9780219780219779,0.0,0.0,1.3186813186813187,0.0,0.0,0.43956043956043955,0.0,0.0,5.934065934065933,0.0,0.0,0.0,0.0,0.0,0.0
09303,09,303,1025,707,318,0,514,7,511,3,45,27,69,211,111,5,13,0,0,4,0,0,0,0,1,25,0,0,0,0,0,0,50.146341463414636,0.5836575875486382,99.41634241245137,8.806262230919765,5.283757338551859,13.50293542074364,41.291585127201564,21.722113502935418,0.9784735812133072,2.5440313111545985,0.0,0.0,0.7827788649706457,0.0,0.0,0.0,0.0,0.19569471624266144,4.892367906066536,0.0,0.0,0.0,0.0,0.0,0.0
09304,09,304,859,567,292,0,444,3,439,5,34,10,61,154,132,7,5,0,0,2,0,0,1,0,0,33,0,0,0,0,0,0,51.68800931315482,1.1261261261261262,98.87387387387388,7.744874715261959,2.277904328018223,13.895216400911162,35.079726651480634,30.068337129840543,1.5945330296127564,1.1389521640091116,0.0,0.0,0.45558086560364464,0.0,0.0,0.22779043280182232,0.0,0.0,7.517084282460136,0.0,0.0,0.0,0.0,0.0,0.0
09305,09,305,796,538,258,0,431,2,429,2,32,12,60,158,122,2,5,0,0,2,0,0,0,0,3,33,0,0,0,0,0,0,54.14572864321608,0.46403712296983757,99.53596287703016,7.459207459207459,2.797202797202797,13.986013986013987,36.82983682983683,28.438228438228435,0.4662004662004662,1.1655011655011656,0.0,0.0,0.4662004662004662,0.0,0.0,0.0,0.0,0.6993006993006993,7.6923076923076925,0.0,0.0,0.0,0.0,0.0,0.0
09306,09,306,871,584,287,0,439,10,435,4,47,17,59,171,95,8,10,0,0,2,0,0,0,0,1,25,0,0,0,0,0,0,50.401836969001145,0.9111617312072893,99.08883826879271,10.804597701149426,3.9080459770114944,13.563218390804598,39.310344827586206,21.839080459770116,1.839080459770115,2.2988505747126435,0.0,0.0,0.45977011494252873,0.0,0.0,0.0,0.0,0.22988505747126436,5.747126436781609,0.0,0.0,0.0,0.0,0.0,0.0
09307,09,307,721,498,223,0,367,3,363,4,30,24,32,137,101,4,7,0,0,2,0,0,0,0,3,23,0,0,0,0,0,0,50.90152565880721,1.08991825613079,98.9100817438692,8.264462809917356,6.6115702479338845,8.81542699724518,37.74104683195592,27.823691460055095,1.1019283746556474,1.9283746556473829,0.0,0.0,0.5509641873278237,0.0,0.0,0.0,0.0,0.8264462809917356,6.336088154269973,0.0,0.0,0.0,0.0,0.0,0.0
09308,09,308,883,656,227,0,499,3,492,7,40,24,58,219,111,6,7,0,0,4,0,1,0,0,0,22,0,0,0,0,0,0,56.5118912797282,1.402805611222445,98.59719438877755,8.130081300813007,4.878048780487805,11.788617886178862,44.51219512195122,22.5609756097561,1.2195121951219512,1.4227642276422763,0.0,0.0,0.8130081300813009,0.0,0.20325203252032523,0.0,0.0,0.0,4.471544715447155,0.0,0.0,0.0,0.0,0.0,0.0
09309,09,309,1002,706,296,0,543,7,538,5,43,29,52,224,139,12,11,0,0,2,0,0,0,0,2,24,0,0,0,0,0,0,54.191616766467064,0.9208103130755065,99.0791896869245,7.992565055762081,5.390334572490707,9.66542750929368,41.63568773234201,25.8364312267658,2.2304832713754648,2.0446096654275094,0.0,0.0,0.37174721189591076,0.0,0.0,0.0,0.0,0.37174721189591076,4.4609665427509295,0.0,0.0,0.0,0.0,0.0,0.0
09310,09,310,909,671,238,0,511,6,500,11,49,14,48,191,139,12,21,0,0,1,0,0,2,0,1,22,0,0,0,0,0,0,56.215621562156215,2.152641878669276,97.84735812133071,9.8,2.8000000000000003,9.6,38.2,27.800000000000004,2.4,4.2,0.0,0.0,0.2,0.0,0.0,0.4,0.0,0.2,4.3999999999999995,0.0,0.0,0.0,0.0,0.0,0.0
09311,09,311,858,630,228,0,439,2,438,1,39,13,43,183,117,9,10,0,0,2,0,0,0,0,2,20,0,0,0,0,0,0,51.16550116550117,0.22779043280182232,99.77220956719817,8.904109589041095,2.968036529680365,9.817351598173515,41.78082191780822,26.71232876712329,2.054794520547945,2.28310502283105,0.0,0.0,0.45662100456621,0.0,0.0,0.0,0.0,0.45662100456621,4.5662100456621,0.0,0.0,0.0,0.0,0.0,0.0
09312,09,312,807,563,244,0,437,6,435,2,30,22,52,173,106,11,6,0,0,3,0,0,0,0,3,29,0,0,0,0,0,0,54.15117719950434,0.4576659038901602,99.54233409610984,6.896551724137931,5.057471264367816,11.954022988505747,39.770114942528735,24.367816091954023,2.528735632183908,1.3793103448275863,0.0,0.0,0.6896551724137931,0.0,0.0,0.0,0.0,0.6896551724137931,6.666666666666667,0.0,0.0,0.0,0.0,0.0,0.0
09313,09,313,748,527,221,0,373,6,369,4,36,15,41,129,118,2,9,0,0,0,0,0,0,0,1,18,0,0,0,0,0,0,49.86631016042781,1.0723860589812333,98.92761394101876,9.75609756097561,4.0650406504065035,11.11111111111111,34.959349593495936,31.978319783197833,0.5420054200542005,2.4390243902439024,0.0,0.0,0.0,0.0,0.0,0.0,0.0,0.27100271002710025,4.878048780487805,0.0,0.0,0.0,0.0,0.0,0.0
09314,09,314,678,467,211,0,315,6,312,3,21,21,23,115,91,11,7,0,0,2,0,0,0,0,1,20,0,0,0,0,0,0,46.46017699115044,0.9523809523809524,99.04761904761905,6.730769230769231,6.730769230769231,7.371794871794872,36.858974358974365,29.166666666666668,3.5256410256410255,2.2435897435897436,0.0,0.0,0.641025641025641,0.0,0.0,0.0,0.0,0.3205128205128205,6.41025641025641,0.0,0.0,0.0,0.0,0.0,0.0
09315,09,315,781,496,285,0,410,6,410,0,39,23,62,185,67,8,6,0,0,2,0,0,0,0,1,17,0,0,0,0,0,0,52.496798975672206,0.0,100.0,9.512195121951219,5.609756097560976,15.121951219512194,45.1219512195122,16.34146341463415,1.951219512195122,1.4634146341463417,0.0,0.0,0.4878048780487805,0.0,0.0,0.0,0.0,0.24390243902439024,4.146341463414634,0.0,0.0,0.0,0.0,0.0,0.0
09316,09,316,1293,793,500,0,640,8,636,4,52,55,74,288,93,22,18,0,0,1,0,3,0,0,0,30,0,0,0,0,0,0,49.49729311678268,0.625,99.375,8.176100628930817,8.647798742138365,11.635220125786164,45.28301886792453,14.622641509433961,3.459119496855346,2.8301886792452833,0.0,0.0,0.15723270440251574,0.0,0.4716981132075472,0.0,0.0,0.0,4.716981132075472,0.0,0.0,0.0,0.0,0.0,0.0
09317,09,317,879,572,307,0,385,1,383,2,36,9,75,102,110,15,7,0,0,5,0,0,0,0,0,24,0,0,0,0,0,0,43.79977246871445,0.5194805194805194,99.48051948051948,9.39947780678851,2.3498694516971277,19.5822454308094,26.631853785900784,28.720626631853786,3.91644908616188,1.8276762402088773,0.0,0.0,1.3054830287206265,0.0,0.0,0.0,0.0,0.0,6.266318537859007,0.0,0.0,0.0,0.0,0.0,0.0
09318,09,318,779,491,288,0,410,4,406,4,41,12,92,122,108,13,3,0,0,5,0,0,0,0,0,10,0,0,0,0,0,0,52.63157894736842,0.975609756097561,99.02439024390245,10.098522167487685,2.955665024630542,22.660098522167488,30.049261083743843,26.60098522167488,3.201970443349754,0.7389162561576355,0.0,0.0,1.2315270935960592,0.0,0.0,0.0,0.0,0.0,2.4630541871921183,0.0,0.0,0.0,0.0,0.0,0.0
09319,09,319,900,599,301,0,488,3,486,2,41,24,91,127,145,11,11,0,0,3,0,0,0,0,1,32,0,0,0,0,0,0,54.22222222222223,0.4098360655737705,99.59016393442623,8.436213991769549,4.938271604938271,18.72427983539095,26.13168724279835,29.835390946502056,2.263374485596708,2.263374485596708,0.0,0.0,0.6172839506172839,0.0,0.0,0.0,0.0,0.205761316872428,6.584362139917696,0.0,0.0,0.0,0.0,0.0,0.0
09320,09,320,928,671,257,0,522,4,517,5,40,12,92,154,146,12,12,0,0,3,0,1,1,0,0,44,0,0,0,0,0,0,56.25,0.9578544061302682,99.04214559386973,7.7369439071566735,2.321083172147002,17.79497098646035,29.78723404255319,28.239845261121854,2.321083172147002,2.321083172147002,0.0,0.0,0.5802707930367506,0.0,0.19342359767891684,0.19342359767891684,0.0,0.0,8.51063829787234,0.0,0.0,0.0,0.0,0.0,0.0
09321,09,321,721,439,282,0,349,7,348,1,24,17,69,95,111,11,6,0,0,1,0,0,0,0,0,14,0,0,0,0,0,0,48.40499306518724,0.28653295128939826,99.7134670487106,6.896551724137931,4.885057471264368,19.82758620689655,27.298850574712645,31.896551724137932,3.1609195402298855,1.7241379310344827,0.0,0.0,0.28735632183908044,0.0,0.0,0.0,0.0,0.0,4.022988505747127,0.0,0.0,0.0,0.0,0.0,0.0
09322,09,322,1063,695,368,0,571,6,566,5,59,34,113,157,155,13,9,0,0,0,0,0,0,0,1,25,0,0,0,0,0,0,53.71589840075258,0.8756567425569177,99.12434325744309,10.424028268551238,6.007067137809187,19.964664310954063,27.73851590106007,27.385159010600706,2.2968197879858656,1.5901060070671376,0.0,0.0,0.0,0.0,0.0,0.0,0.0,0.17667844522968199,4.41696113074205,0.0,0.0,0.0,0.0,0.0,0.0
09323,09,323,856,583,273,0,492,11,488,4,33,21,86,169,119,14,6,0,0,3,0,0,1,0,2,34,0,0,0,0,0,0,57.476635514018696,0.8130081300813009,99.1869918699187,6.762295081967213,4.30327868852459,17.62295081967213,34.63114754098361,24.385245901639344,2.8688524590163933,1.2295081967213115,0.0,0.0,0.6147540983606558,0.0,0.0,0.20491803278688525,0.0,0.4098360655737705,6.967213114754098,0.0,0.0,0.0,0.0,0.0,0.0
09324,09,324,837,512,325,0,439,6,439,0,27,17,99,130,124,9,7,0,0,0,0,1,0,0,4,21,0,0,0,0,0,0,52.44922341696535,0.0,100.0,6.150341685649203,3.8724373576309796,22.55125284738041,29.6127562642369,28.246013667425967,2.050113895216401,1.5945330296127564,0.0,0.0,0.0,0.0,0.22779043280182232,0.0,0.0,0.9111617312072893,4.783599088838269,0.0,0.0,0.0,0.0,0.0,0.0
09325,09,325,846,564,282,0,493,3,492,1,40,20,92,144,119,21,10,0,0,2,0,0,0,0,1,43,0,0,0,0,0,0,58.274231678487,0.2028397565922921,99.79716024340772,8.130081300813007,4.0650406504065035,18.69918699186992,29.268292682926827,24.1869918699187,4.2682926829268295,2.0325203252032518,0.0,0.0,0.40650406504065045,0.0,0.0,0.0,0.0,0.20325203252032523,8.739837398373984,0.0,0.0,0.0,0.0,0.0,0.0
09326,09,326,1189,745,444,0,606,7,601,5,52,18,106,209,151,19,12,0,0,2,0,0,0,0,1,31,0,0,0,0,0,0,50.96719932716569,0.825082508250825,99.17491749174917,8.652246256239602,2.995008319467554,17.637271214642265,34.775374376039935,25.124792013311147,3.1613976705490847,1.9966722129783694,0.0,0.0,0.33277870216306155,0.0,0.0,0.0,0.0,0.16638935108153077,5.158069883527454,0.0,0.0,0.0,0.0,0.0,0.0
09327,09,327,858,634,224,0,523,9,517,6,30,12,81,127,211,10,6,0,0,3,0,0,0,0,0,37,0,0,0,0,0,0,60.95571095571095,1.147227533460803,98.8527724665392,5.802707930367505,2.321083172147002,15.667311411992262,24.564796905222437,40.81237911025145,1.9342359767891684,1.160541586073501,0.0,0.0,0.5802707930367506,0.0,0.0,0.0,0.0,0.0,7.156673114119923,0.0,0.0,0.0,0.0,0.0,0.0
09328,09,328,805,548,257,0,465,4,461,4,47,14,69,147,140,6,7,0,0,3,0,0,0,0,2,26,0,0,0,0,0,0,57.7639751552795,0.8602150537634409,99.13978494623656,10.195227765726681,3.036876355748373,14.967462039045554,31.887201735357916,30.36876355748373,1.3015184381778742,1.5184381778741864,0.0,0.0,0.6507592190889371,0.0,0.0,0.0,0.0,0.43383947939262474,5.639913232104121,0.0,0.0,0.0,0.0,0.0,0.0
09329,09,329,734,492,242,0,376,3,375,1,22,3,58,112,132,2,14,0,0,4,0,2,0,0,0,26,0,0,0,0,0,0,51.22615803814714,0.26595744680851063,99.7340425531915,5.866666666666666,0.8,15.466666666666667,29.86666666666667,35.199999999999996,0.5333333333333333,3.733333333333334,0.0,0.0,1.0666666666666667,0.0,0.5333333333333333,0.0,0.0,0.0,6.933333333333333,0.0,0.0,0.0,0.0,0.0,0.0
09330,09,330,727,564,163,0,389,2,386,3,24,3,33,100,184,3,9,0,0,5,0,0,0,0,3,22,0,0,0,0,0,0,53.507565337001374,0.7712082262210797,99.22879177377892,6.217616580310881,0.7772020725388601,8.549222797927461,25.906735751295333,47.66839378238342,0.7772020725388601,2.33160621761658,0.0,0.0,1.2953367875647668,0.0,0.0,0.0,0.0,0.7772020725388601,5.699481865284974,0.0,0.0,0.0,0.0,0.0,0.0
09331,09,331,740,583,157,0,392,2,389,3,21,6,46,90,196,3,6,0,0,4,0,0,0,0,0,17,0,0,0,0,0,0,52.972972972972975,0.7653061224489796,99.23469387755102,5.3984575835475574,1.5424164524421593,11.825192802056556,23.13624678663239,50.38560411311054,0.7712082262210797,1.5424164524421593,0.0,0.0,1.0282776349614395,0.0,0.0,0.0,0.0,0.0,4.370179948586118,0.0,0.0,0.0,0.0,0.0,0.0
09332,09,332,1064,735,329,0,428,6,423,5,32,8,42,109,176,6,15,0,0,2,0,1,0,0,0,32,0,0,0,0,0,0,40.225563909774436,1.1682242990654206,98.83177570093457,7.5650118203309695,1.8912529550827424,9.929078014184398,25.768321513002363,41.60756501182033,1.4184397163120568,3.546099290780142,0.0,0.0,0.4728132387706856,0.0,0.2364066193853428,0.0,0.0,0.0,7.5650118203309695,0.0,0.0,0.0,0.0,0.0,0.0
09333,09,333,919,716,203,0,541,6,533,8,44,8,52,135,233,10,12,0,0,1,0,1,0,0,0,37,0,0,0,0,0,0,58.8683351468988,1.478743068391867,98.52125693160814,8.25515947467167,1.5009380863039399,9.75609756097561,25.328330206378986,43.71482176360225,1.876172607879925,2.25140712945591,0.0,0.0,0.18761726078799248,0.0,0.18761726078799248,0.0,0.0,0.0,6.941838649155723,0.0,0.0,0.0,0.0,0.0,0.0
09334,09,334,751,498,253,0,369,5,365,4,42,9,55,109,108,7,7,0,0,1,0,0,0,0,1,26,0,0,0,0,0,0,49.134487350199734,1.084010840108401,98.91598915989161,11.506849315068493,2.4657534246575343,15.068493150684931,29.863013698630137,29.589041095890412,1.9178082191780823,1.9178082191780823,0.0,0.0,0.273972602739726,0.0,0.0,0.0,0.0,0.273972602739726,7.123287671232877,0.0,0.0,0.0,0.0,0.0,0.0
09335,09,335,871,579,292,0,464,2,463,1,31,8,89,132,153,13,5,0,0,2,0,0,0,0,1,29,0,0,0,0,0,0,53.27210103329506,0.21551724137931033,99.78448275862068,6.695464362850973,1.7278617710583155,19.222462203023756,28.509719222462206,33.04535637149028,2.8077753779697625,1.079913606911447,0.0,0.0,0.4319654427645789,0.0,0.0,0.0,0.0,0.21598272138228944,6.263498920086392,0.0,0.0,0.0,0.0,0.0,0.0
09336,09,336,1036,768,268,0,621,3,618,3,61,8,90,164,217,6,13,0,0,4,0,1,2,0,0,52,0,0,0,0,0,0,59.94208494208494,0.4830917874396135,99.51690821256038,9.870550161812297,1.2944983818770228,14.563106796116504,26.537216828478964,35.11326860841424,0.9708737864077669,2.103559870550162,0.0,0.0,0.6472491909385114,0.0,0.16181229773462785,0.3236245954692557,0.0,0.0,8.414239482200648,0.0,0.0,0.0,0.0,0.0,0.0
09337,09,337,878,563,315,0,468,3,466,2,40,7,95,138,147,9,8,0,0,1,0,0,0,0,1,20,0,0,0,0,0,0,53.30296127562642,0.4273504273504274,99.57264957264957,8.583690987124463,1.502145922746781,20.386266094420602,29.613733905579398,31.5450643776824,1.9313304721030045,1.7167381974248928,0.0,0.0,0.2145922746781116,0.0,0.0,0.0,0.0,0.2145922746781116,4.291845493562231,0.0,0.0,0.0,0.0,0.0,0.0
09338,09,338,718,618,100,0,396,1,386,10,28,2,45,80,193,2,11,0,0,2,0,0,0,0,0,23,0,0,0,0,0,0,55.15320334261838,2.525252525252525,97.47474747474747,7.253886010362693,0.5181347150259068,11.658031088082902,20.72538860103627,50.0,0.5181347150259068,2.849740932642487,0.0,0.0,0.5181347150259068,0.0,0.0,0.0,0.0,0.0,5.958549222797927,0.0,0.0,0.0,0.0,0.0,0.0
09339,09,339,890,739,151,0,375,3,372,3,30,7,29,87,185,3,12,0,0,1,0,0,1,0,1,16,0,0,0,0,0,0,42.13483146067416,0.8,99.2,8.064516129032258,1.881720430107527,7.795698924731183,23.387096774193548,49.73118279569893,0.8064516129032258,3.225806451612903,0.0,0.0,0.2688172043010753,0.0,0.0,0.2688172043010753,0.0,0.2688172043010753,4.301075268817205,0.0,0.0,0.0,0.0,0.0,0.0
09340,09,340,793,698,95,0,394,2,382,12,26,2,38,103,175,1,9,0,0,0,0,1,0,0,3,24,0,0,0,0,0,0,49.68474148802018,3.0456852791878175,96.95431472081218,6.806282722513089,0.5235602094240838,9.947643979057592,26.96335078534031,45.811518324607334,0.2617801047120419,2.356020942408377,0.0,0.0,0.0,0.0,0.2617801047120419,0.0,0.0,0.7853403141361256,6.282722513089005,0.0,0.0,0.0,0.0,0.0,0.0
09341,09,341,871,644,227,0,438,0,431,7,39,5,60,131,152,2,17,0,0,1,0,0,1,0,0,23,0,0,0,0,0,0,50.28702640642939,1.5981735159817352,98.40182648401826,9.048723897911833,1.160092807424594,13.921113689095128,30.39443155452436,35.266821345707655,0.46403712296983757,3.944315545243619,0.0,0.0,0.23201856148491878,0.0,0.0,0.23201856148491878,0.0,0.0,5.336426914153132,0.0,0.0,0.0,0.0,0.0,0.0
093A,09,3A,0,0,0,0,508,508,497,11,42,18,83,236,58,11,8,0,0,7,0,0,0,0,0,34,0,0,0,0,0,0,inf,2.1653543307086616,97.83464566929135,8.450704225352112,3.6217303822937628,16.700201207243463,47.48490945674044,11.670020120724347,2.2132796780684103,1.6096579476861168,0.0,0.0,1.4084507042253522,0.0,0.0,0.0,0.0,0.0,6.841046277665996,0.0,0.0,0.0,0.0,0.0,0.0
093B,09,3B,0,0,0,0,504,504,503,1,63,29,70,230,60,5,15,0,0,2,0,0,0,0,0,29,0,0,0,0,0,0,inf,0.1984126984126984,99.8015873015873,12.524850894632205,5.7654075546719685,13.916500994035786,45.72564612326044,11.928429423459244,0.9940357852882704,2.982107355864811,0.0,0.0,0.3976143141153081,0.0,0.0,0.0,0.0,0.0,5.7654075546719685,0.0,0.0,0.0,0.0,0.0,0.0
093C,09,3C,0,0,0,0,444,444,442,2,54,25,61,192,57,8,18,0,0,4,0,0,0,0,2,21,0,0,0,0,0,0,inf,0.45045045045045046,99.54954954954955,12.217194570135746,5.656108597285068,13.800904977375566,43.43891402714932,12.895927601809957,1.809954751131222,4.072398190045249,0.0,0.0,0.904977375565611,0.0,0.0,0.0,0.0,0.4524886877828055,4.751131221719457,0.0,0.0,0.0,0.0,0.0,0.0
093D,09,3D,0,0,0,0,521,521,519,2,55,26,80,227,70,9,13,0,0,4,0,0,0,0,0,35,0,0,0,0,0,0,inf,0.3838771593090211,99.61612284069098,10.597302504816955,5.009633911368015,15.414258188824661,43.73795761078998,13.48747591522158,1.7341040462427744,2.5048169556840074,0.0,0.0,0.7707129094412332,0.0,0.0,0.0,0.0,0.0,6.74373795761079,0.0,0.0,0.0,0.0,0.0,0.0
093E,09,3E,0,0,0,0,415,415,415,0,42,16,65,200,47,7,13,0,0,2,0,0,0,0,0,23,0,0,0,0,0,0,inf,0.0,100.0,10.120481927710843,3.8554216867469884,15.66265060240964,48.19277108433735,11.325301204819278,1.6867469879518073,3.132530120481928,0.0,0.0,0.48192771084337355,0.0,0.0,0.0,0.0,0.0,5.542168674698795,0.0,0.0,0.0,0.0,0.0,0.0
093F,09,3F,0,0,0,0,470,470,470,0,50,34,73,206,57,7,18,0,0,1,0,0,0,0,1,23,0,0,0,0,0,0,inf,0.0,100.0,10.638297872340425,7.234042553191489,15.53191489361702,43.829787234042556,12.127659574468085,1.4893617021276597,3.829787234042553,0.0,0.0,0.2127659574468085,0.0,0.0,0.0,0.0,0.2127659574468085,4.8936170212765955,0.0,0.0,0.0,0.0,0.0,0.0
093G,09,3G,0,0,0,0,470,470,469,1,51,40,50,208,58,11,14,0,0,2,0,0,0,0,2,33,0,0,0,0,0,0,inf,0.2127659574468085,99.7872340425532,10.874200426439232,8.528784648187633,10.660980810234541,44.349680170575695,12.366737739872068,2.345415778251599,2.9850746268656714,0.0,0.0,0.42643923240938164,0.0,0.0,0.0,0.0,0.42643923240938164,7.036247334754798,0.0,0.0,0.0,0.0,0.0,0.0
093H,09,3H,0,0,0,0,733,733,729,4,82,61,126,300,79,21,15,0,0,0,0,0,0,0,1,44,0,0,0,0,0,0,inf,0.5457025920873124,99.45429740791269,11.248285322359397,8.367626886145404,17.28395061728395,41.1522633744856,10.83676268861454,2.880658436213992,2.05761316872428,0.0,0.0,0.0,0.0,0.0,0.0,0.0,0.1371742112482853,6.035665294924554,0.0,0.0,0.0,0.0,0.0,0.0
093I,09,3I,0,0,0,0,560,560,557,3,66,36,120,174,85,19,12,0,0,5,0,0,0,0,2,38,0,0,0,0,0,0,inf,0.5357142857142857,99.46428571428572,11.8491921005386,6.463195691202872,21.543985637342907,31.23877917414722,15.260323159784562,3.4111310592459607,2.154398563734291,0.0,0.0,0.8976660682226212,0.0,0.0,0.0,0.0,0.3590664272890485,6.822262118491921,0.0,0.0,0.0,0.0,0.0,0.0
093J,09,3J,0,0,0,0,516,516,515,1,55,26,130,179,67,7,15,0,0,10,0,0,0,0,1,25,0,0,0,0,0,0,inf,0.1937984496124031,99.8062015503876,10.679611650485436,5.048543689320388,25.24271844660194,34.75728155339806,13.009708737864079,1.3592233009708738,2.912621359223301,0.0,0.0,1.9417475728155338,0.0,0.0,0.0,0.0,0.1941747572815534,4.854368932038835,0.0,0.0,0.0,0.0,0.0,0.0
093K,09,3K,0,0,0,0,623,623,619,4,70,35,125,211,103,15,16,0,0,3,0,1,1,0,1,38,0,0,0,0,0,0,inf,0.6420545746388443,99.35794542536117,11.308562197092083,5.654281098546042,20.19386106623586,34.087237479806134,16.63974151857835,2.4232633279483036,2.5848142164781907,0.0,0.0,0.48465266558966075,0.0,0.16155088852988692,0.16155088852988692,0.0,0.16155088852988692,6.138933764135703,0.0,0.0,0.0,0.0,0.0,0.0
093L,09,3L,0,0,0,0,539,539,537,2,49,21,135,200,70,9,7,0,0,3,0,0,0,0,0,43,0,0,0,0,0,0,inf,0.3710575139146568,99.62894248608535,9.124767225325884,3.910614525139665,25.139664804469277,37.243947858473,13.03538175046555,1.675977653631285,1.303538175046555,0.0,0.0,0.5586592178770949,0.0,0.0,0.0,0.0,0.0,8.007448789571695,0.0,0.0,0.0,0.0,0.0,0.0
093M,09,3M,0,0,0,0,689,689,689,0,62,30,159,262,99,22,12,0,0,6,0,0,0,0,1,36,0,0,0,0,0,0,inf,0.0,100.0,8.99854862119013,4.354136429608127,23.076923076923077,38.02612481857765,14.368650217706822,3.1930333817126266,1.741654571843251,0.0,0.0,0.8708272859216255,0.0,0.0,0.0,0.0,0.14513788098693758,5.2249637155297535,0.0,0.0,0.0,0.0,0.0,0.0
093N,09,3N,0,0,0,0,466,466,464,2,35,13,106,153,96,11,18,0,0,6,0,0,1,0,1,24,0,0,0,0,0,0,inf,0.4291845493562232,99.57081545064378,7.543103448275862,2.8017241379310347,22.844827586206897,32.974137931034484,20.689655172413794,2.3706896551724137,3.8793103448275863,0.0,0.0,1.293103448275862,0.0,0.0,0.21551724137931033,0.0,0.21551724137931033,5.172413793103448,0.0,0.0,0.0,0.0,0.0,0.0
093P,09,3P,0,0,0,0,445,445,439,6,40,5,60,150,107,12,23,0,0,3,0,1,0,0,3,35,0,0,0,0,0,0,inf,1.348314606741573,98.65168539325843,9.111617312072893,1.1389521640091116,13.66742596810934,34.16856492027335,24.373576309794988,2.733485193621868,5.239179954441914,0.0,0.0,0.683371298405467,0.0,0.22779043280182232,0.0,0.0,0.683371298405467,7.972665148063782,0.0,0.0,0.0,0.0,0.0,0.0
093Q,09,3Q,0,0,0,0,345,345,345,0,30,9,76,102,83,3,14,0,0,2,0,0,0,0,0,26,0,0,0,0,0,0,inf,0.0,100.0,8.695652173913043,2.608695652173913,22.028985507246375,29.565217391304348,24.057971014492754,0.8695652173913043,4.057971014492753,0.0,0.0,0.5797101449275363,0.0,0.0,0.0,0.0,0.0,7.536231884057972,0.0,0.0,0.0,0.0,0.0,0.0
093R,09,3R,0,0,0,0,479,479,474,5,39,10,107,148,102,12,13,0,0,4,0,0,0,0,2,37,0,0,0,0,0,0,inf,1.0438413361169103,98.95615866388309,8.227848101265822,2.109704641350211,22.573839662447256,31.223628691983123,21.518987341772153,2.5316455696202533,2.7426160337552745,0.0,0.0,0.8438818565400843,0.0,0.0,0.0,0.0,0.42194092827004215,7.805907172995781,0.0,0.0,0.0,0.0,0.0,0.0
093S,09,3S,0,0,0,0,506,506,501,5,39,23,105,168,85,7,21,0,0,5,0,0,0,0,1,47,0,0,0,0,0,0,inf,0.9881422924901186,99.01185770750988,7.784431137724551,4.590818363273453,20.958083832335326,33.532934131736525,16.966067864271455,1.3972055888223553,4.191616766467066,0.0,0.0,0.998003992015968,0.0,0.0,0.0,0.0,0.19960079840319359,9.3812375249501,0.0,0.0,0.0,0.0,0.0,0.0
093T,09,3T,0,0,0,0,253,253,252,1,41,10,35,85,53,4,7,0,0,3,0,1,0,0,3,10,0,0,0,0,0,0,inf,0.3952569169960474,99.60474308300395,16.26984126984127,3.968253968253968,13.88888888888889,33.730158730158735,21.03174603174603,1.5873015873015872,2.7777777777777777,0.0,0.0,1.1904761904761905,0.0,0.3968253968253968,0.0,0.0,1.1904761904761905,3.968253968253968,0.0,0.0,0.0,0.0,0.0,0.0
093U,09,3U,0,0,0,0,214,214,212,2,31,7,21,56,66,3,10,0,0,1,0,1,0,0,0,16,0,0,0,0,0,0,inf,0.9345794392523363,99.06542056074767,14.622641509433961,3.30188679245283,9.90566037735849,26.41509433962264,31.132075471698112,1.4150943396226416,4.716981132075472,0.0,0.0,0.4716981132075472,0.0,0.4716981132075472,0.0,0.0,0.0,7.547169811320755,0.0,0.0,0.0,0.0,0.0,0.0
093V,09,3V,0,0,0,0,302,302,300,2,27,8,42,109,74,3,4,0,0,5,0,0,0,0,1,27,0,0,0,0,0,0,inf,0.6622516556291391,99.33774834437085,9.0,2.666666666666667,14.000000000000002,36.333333333333336,24.666666666666668,1.0,1.3333333333333335,0.0,0.0,1.6666666666666667,0.0,0.0,0.0,0.0,0.33333333333333337,9.0,0.0,0.0,0.0,0.0,0.0,0.0
09401,09,401,1060,759,301,0,606,6,598,8,50,25,82,175,203,13,6,0,0,2,0,1,0,0,0,41,0,0,0,0,0,0,57.16981132075472,1.3201320132013201,98.67986798679867,8.361204013377927,4.1806020066889635,13.712374581939798,29.264214046822744,33.94648829431438,2.1739130434782608,1.0033444816053512,0.0,0.0,0.33444816053511706,0.0,0.16722408026755853,0.0,0.0,0.0,6.856187290969899,0.0,0.0,0.0,0.0,0.0,0.0
09402,09,402,1244,832,412,0,680,12,674,6,54,21,135,219,187,10,12,0,0,3,0,1,0,0,1,31,0,0,0,0,0,0,54.662379421221864,0.8823529411764706,99.11764705882354,8.011869436201781,3.115727002967359,20.02967359050445,32.49258160237389,27.74480712166172,1.483679525222552,1.7804154302670623,0.0,0.0,0.44510385756676557,0.0,0.1483679525222552,0.0,0.0,0.1483679525222552,4.599406528189911,0.0,0.0,0.0,0.0,0.0,0.0
09403,09,403,1003,643,360,0,522,3,519,3,25,9,79,137,219,12,3,0,0,5,0,1,0,0,0,29,0,0,0,0,0,0,52.043868394815554,0.5747126436781609,99.42528735632183,4.8169556840077075,1.7341040462427744,15.221579961464354,26.39691714836224,42.19653179190752,2.312138728323699,0.5780346820809248,0.0,0.0,0.9633911368015413,0.0,0.1926782273603083,0.0,0.0,0.0,5.5876685934489405,0.0,0.0,0.0,0.0,0.0,0.0
09404,09,404,822,506,316,0,402,3,400,2,31,17,74,128,108,8,10,0,0,0,0,0,0,0,1,23,0,0,0,0,0,0,48.9051094890511,0.4975124378109453,99.50248756218906,7.75,4.25,18.5,32.0,27.0,2.0,2.5,0.0,0.0,0.0,0.0,0.0,0.0,0.0,0.25,5.75,0.0,0.0,0.0,0.0,0.0,0.0
09405,09,405,787,507,280,0,420,4,419,1,25,12,81,126,142,6,5,0,0,1,0,0,0,0,1,20,0,0,0,0,0,0,53.367217280813215,0.2380952380952381,99.76190476190476,5.966587112171838,2.863961813842482,19.331742243436754,30.071599045346066,33.89021479713604,1.431980906921241,1.1933174224343674,0.0,0.0,0.23866348448687352,0.0,0.0,0.0,0.0,0.23866348448687352,4.77326968973747,0.0,0.0,0.0,0.0,0.0,0.0
09406,09,406,799,503,296,0,423,5,422,1,33,12,69,153,117,7,6,0,0,0,0,0,0,0,1,24,0,0,0,0,0,0,52.94117647058824,0.2364066193853428,99.76359338061465,7.819905213270142,2.843601895734597,16.350710900473935,36.25592417061612,27.72511848341232,1.6587677725118484,1.4218009478672986,0.0,0.0,0.0,0.0,0.0,0.0,0.0,0.23696682464454977,5.687203791469194,0.0,0.0,0.0,0.0,0.0,0.0
09407,09,407,845,615,230,0,521,3,518,3,33,15,79,164,161,16,5,0,0,4,0,0,0,0,2,39,0,0,0,0,0,0,61.65680473372781,0.5758157389635317,99.42418426103646,6.370656370656371,2.8957528957528957,15.250965250965251,31.66023166023166,31.08108108108108,3.088803088803089,0.9652509652509652,0.0,0.0,0.7722007722007722,0.0,0.0,0.0,0.0,0.3861003861003861,7.5289575289575295,0.0,0.0,0.0,0.0,0.0,0.0
09408,09,408,840,530,310,0,441,5,438,3,19,15,71,131,147,18,5,0,0,1,0,0,0,0,0,31,0,0,0,0,0,0,52.5,0.6802721088435374,99.31972789115646,4.337899543378995,3.4246575342465753,16.210045662100455,29.908675799086758,33.56164383561644,4.10958904109589,1.141552511415525,0.0,0.0,0.228310502283105,0.0,0.0,0.0,0.0,0.0,7.077625570776255,0.0,0.0,0.0,0.0,0.0,0.0
09409,09,409,788,538,250,0,479,2,478,1,52,21,77,156,121,7,4,0,0,0,0,0,0,0,0,40,0,0,0,0,0,0,60.786802030456855,0.20876826722338201,99.79123173277662,10.87866108786611,4.393305439330543,16.10878661087866,32.63598326359833,25.313807531380757,1.4644351464435146,0.8368200836820083,0.0,0.0,0.0,0.0,0.0,0.0,0.0,0.0,8.368200836820083,0.0,0.0,0.0,0.0,0.0,0.0
09410,09,410,716,472,244,0,398,9,397,1,35,20,62,111,127,12,3,0,0,3,0,0,0,0,0,24,0,0,0,0,0,0,55.58659217877096,0.25125628140703515,99.74874371859298,8.816120906801007,5.037783375314862,15.617128463476071,27.95969773299748,31.98992443324937,3.022670025188917,0.7556675062972292,0.0,0.0,0.7556675062972292,0.0,0.0,0.0,0.0,0.0,6.045340050377834,0.0,0.0,0.0,0.0,0.0,0.0
09411,09,411,385,273,112,0,241,1,238,3,17,8,58,76,61,7,3,0,0,1,0,0,0,0,1,6,0,0,0,0,0,0,62.5974025974026,1.2448132780082988,98.7551867219917,7.142857142857142,3.361344537815126,24.369747899159663,31.932773109243694,25.630252100840334,2.941176470588235,1.2605042016806722,0.0,0.0,0.42016806722689076,0.0,0.0,0.0,0.0,0.42016806722689076,2.5210084033613445,0.0,0.0,0.0,0.0,0.0,0.0
09412,09,412,887,594,293,0,525,13,524,1,41,15,81,208,110,21,8,0,0,1,0,0,0,0,0,39,0,0,0,0,0,0,59.188275084554675,0.19047619047619047,99.80952380952381,7.8244274809160315,2.8625954198473282,15.458015267175574,39.69465648854962,20.99236641221374,4.007633587786259,1.5267175572519083,0.0,0.0,0.19083969465648853,0.0,0.0,0.0,0.0,0.0,7.442748091603053,0.0,0.0,0.0,0.0,0.0,0.0
09413,09,413,772,575,197,0,517,6,514,3,39,20,86,201,110,15,7,0,0,4,0,0,0,0,1,31,0,0,0,0,0,0,66.96891191709845,0.5802707930367506,99.41972920696325,7.587548638132295,3.8910505836575875,16.731517509727624,39.10505836575876,21.40077821011673,2.9182879377431905,1.3618677042801557,0.0,0.0,0.7782101167315175,0.0,0.0,0.0,0.0,0.19455252918287938,6.031128404669261,0.0,0.0,0.0,0.0,0.0,0.0
09414,09,414,731,454,277,0,378,2,378,0,30,11,82,137,76,16,6,0,0,1,0,0,0,0,0,19,0,0,0,0,0,0,51.70998632010944,0.0,100.0,7.936507936507936,2.91005291005291,21.693121693121693,36.24338624338625,20.105820105820104,4.232804232804233,1.5873015873015872,0.0,0.0,0.26455026455026454,0.0,0.0,0.0,0.0,0.0,5.026455026455026,0.0,0.0,0.0,0.0,0.0,0.0
09415,09,415,978,649,329,0,546,13,540,6,40,23,115,210,90,19,8,0,0,0,0,0,1,0,2,32,0,0,0,0,0,0,55.828220858895705,1.098901098901099,98.9010989010989,7.4074074074074066,4.2592592592592595,21.296296296296298,38.88888888888889,16.666666666666664,3.5185185185185186,1.4814814814814816,0.0,0.0,0.0,0.0,0.0,0.1851851851851852,0.0,0.3703703703703704,5.9259259259259265,0.0,0.0,0.0,0.0,0.0,0.0
09416,09,416,983,643,340,0,556,17,553,3,51,28,90,230,105,10,8,0,0,4,0,0,0,0,1,26,0,0,0,0,0,0,56.561546286876904,0.539568345323741,99.46043165467626,9.22242314647378,5.063291139240507,16.2748643761302,41.591320072332735,18.9873417721519,1.8083182640144666,1.4466546112115732,0.0,0.0,0.7233273056057866,0.0,0.0,0.0,0.0,0.18083182640144665,4.701627486437613,0.0,0.0,0.0,0.0,0.0,0.0
09417,09,417,1463,932,531,0,713,9,712,1,51,35,120,241,196,8,15,0,0,8,0,0,0,0,1,37,0,0,0,0,0,0,48.73547505126453,0.1402524544179523,99.85974754558204,7.162921348314606,4.915730337078652,16.853932584269664,33.848314606741575,27.52808988764045,1.1235955056179776,2.106741573033708,0.0,0.0,1.1235955056179776,0.0,0.0,0.0,0.0,0.1404494382022472,5.196629213483146,0.0,0.0,0.0,0.0,0.0,0.0
09418,09,418,1615,1008,607,0,835,9,833,2,71,60,155,314,146,29,10,0,0,4,0,0,1,0,2,41,0,0,0,0,0,0,51.702786377708975,0.23952095808383234,99.76047904191617,8.523409363745499,7.202881152460984,18.60744297719088,37.69507803121249,17.52701080432173,3.481392557022809,1.2004801920768309,0.0,0.0,0.4801920768307323,0.0,0.0,0.12004801920768307,0.0,0.24009603841536614,4.921968787515006,0.0,0.0,0.0,0.0,0.0,0.0
09419,09,419,801,570,231,0,415,4,414,1,51,10,49,138,120,5,8,0,0,1,0,0,0,0,3,29,0,0,0,0,0,0,51.81023720349563,0.24096385542168677,99.75903614457832,12.318840579710146,2.4154589371980677,11.83574879227053,33.33333333333333,28.985507246376812,1.2077294685990339,1.932367149758454,0.0,0.0,0.24154589371980675,0.0,0.0,0.0,0.0,0.7246376811594203,7.004830917874397,0.0,0.0,0.0,0.0,0.0,0.0
09420,09,420,792,607,185,0,397,1,393,4,34,14,40,133,130,6,14,0,0,1,0,0,1,0,1,19,0,0,0,0,0,0,50.12626262626263,1.0075566750629723,98.99244332493703,8.651399491094146,3.5623409669211195,10.178117048346055,33.842239185750635,33.078880407124686,1.5267175572519083,3.5623409669211195,0.0,0.0,0.2544529262086514,0.0,0.0,0.2544529262086514,0.0,0.2544529262086514,4.8346055979643765,0.0,0.0,0.0,0.0,0.0,0.0
09421,09,421,768,494,274,0,377,2,376,1,28,16,49,134,101,16,5,0,0,5,0,1,0,0,1,20,0,0,0,0,0,0,49.08854166666667,0.2652519893899204,99.73474801061008,7.446808510638298,4.25531914893617,13.031914893617023,35.638297872340424,26.861702127659576,4.25531914893617,1.3297872340425532,0.0,0.0,1.3297872340425532,0.0,0.26595744680851063,0.0,0.0,0.26595744680851063,5.319148936170213,0.0,0.0,0.0,0.0,0.0,0.0
09422,09,422,770,558,212,0,382,3,379,3,17,16,43,188,81,8,6,0,0,1,0,0,0,0,1,18,0,0,0,0,0,0,49.61038961038961,0.7853403141361256,99.21465968586386,4.485488126649076,4.221635883905013,11.345646437994723,49.6042216358839,21.372031662269126,2.1108179419525066,1.58311345646438,0.0,0.0,0.2638522427440633,0.0,0.0,0.0,0.0,0.2638522427440633,4.749340369393139,0.0,0.0,0.0,0.0,0.0,0.0
09423,09,423,821,633,188,0,475,6,471,4,40,18,62,179,115,7,15,0,0,4,0,1,0,0,0,30,0,0,0,0,0,0,57.85627283800243,0.8421052631578947,99.1578947368421,8.492569002123142,3.821656050955414,13.163481953290871,38.004246284501065,24.416135881104033,1.48619957537155,3.1847133757961785,0.0,0.0,0.8492569002123143,0.0,0.21231422505307856,0.0,0.0,0.0,6.369426751592357,0.0,0.0,0.0,0.0,0.0,0.0
09424,09,424,879,613,266,0,418,4,413,5,36,10,59,138,120,4,12,0,0,2,0,1,0,0,3,28,0,0,0,0,0,0,47.55403868031854,1.1961722488038278,98.80382775119617,8.716707021791766,2.4213075060532687,14.285714285714285,33.41404358353511,29.055690072639223,0.9685230024213075,2.9055690072639226,0.0,0.0,0.48426150121065376,0.0,0.24213075060532688,0.0,0.0,0.7263922518159807,6.779661016949152,0.0,0.0,0.0,0.0,0.0,0.0
09425,09,425,934,678,256,0,491,4,483,8,59,7,56,165,150,3,14,0,0,0,0,0,2,0,4,23,0,0,0,0,0,0,52.569593147751604,1.6293279022403258,98.37067209775967,12.215320910973086,1.4492753623188406,11.594202898550725,34.161490683229815,31.05590062111801,0.6211180124223602,2.898550724637681,0.0,0.0,0.0,0.0,0.0,0.4140786749482402,0.0,0.8281573498964804,4.761904761904762,0.0,0.0,0.0,0.0,0.0,0.0
09426,09,426,882,639,243,0,435,4,428,7,34,17,43,177,122,5,14,0,0,0,0,1,0,0,1,14,0,0,0,0,0,0,49.31972789115646,1.6091954022988506,98.39080459770115,7.943925233644859,3.9719626168224296,10.046728971962617,41.35514018691589,28.504672897196258,1.1682242990654206,3.2710280373831773,0.0,0.0,0.0,0.0,0.23364485981308408,0.0,0.0,0.23364485981308408,3.2710280373831773,0.0,0.0,0.0,0.0,0.0,0.0
09427,09,427,739,558,181,0,409,6,406,3,27,21,39,203,91,4,5,0,0,0,0,0,1,0,0,15,0,0,0,0,0,0,55.34506089309878,0.7334963325183375,99.26650366748166,6.65024630541872,5.172413793103448,9.60591133004926,50.0,22.413793103448278,0.9852216748768473,1.2315270935960592,0.0,0.0,0.0,0.0,0.0,0.24630541871921183,0.0,0.0,3.6945812807881775,0.0,0.0,0.0,0.0,0.0,0.0
09428,09,428,959,630,329,0,515,7,514,1,51,37,59,207,115,7,7,0,0,2,0,1,0,0,3,25,0,0,0,0,0,0,53.70177267987487,0.1941747572815534,99.80582524271846,9.922178988326849,7.198443579766536,11.478599221789883,40.27237354085603,22.37354085603113,1.3618677042801557,1.3618677042801557,0.0,0.0,0.38910505836575876,0.0,0.19455252918287938,0.0,0.0,0.5836575875486382,4.863813229571985,0.0,0.0,0.0,0.0,0.0,0.0
09429,09,429,1038,669,369,0,543,6,538,5,38,46,80,221,99,24,6,0,0,1,0,0,0,0,1,22,0,0,0,0,0,0,52.312138728323696,0.9208103130755065,99.0791896869245,7.063197026022305,8.550185873605948,14.869888475836431,41.07806691449814,18.401486988847584,4.4609665427509295,1.1152416356877324,0.0,0.0,0.18587360594795538,0.0,0.0,0.0,0.0,0.18587360594795538,4.089219330855019,0.0,0.0,0.0,0.0,0.0,0.0
09430,09,430,966,529,437,0,416,10,415,1,23,21,51,205,84,11,3,0,0,0,0,0,0,0,2,15,0,0,0,0,0,0,43.064182194616976,0.2403846153846154,99.75961538461539,5.542168674698795,5.0602409638554215,12.289156626506024,49.39759036144578,20.240963855421686,2.6506024096385543,0.7228915662650602,0.0,0.0,0.0,0.0,0.0,0.0,0.0,0.48192771084337355,3.614457831325301,0.0,0.0,0.0,0.0,0.0,0.0
09431,09,431,1407,963,444,0,744,8,738,6,66,34,96,302,175,19,7,0,0,3,0,1,0,0,1,34,0,0,0,0,0,0,52.87846481876333,0.8064516129032258,99.19354838709677,8.94308943089431,4.607046070460704,13.008130081300814,40.921409214092144,23.712737127371277,2.5745257452574526,0.9485094850948509,0.0,0.0,0.40650406504065045,0.0,0.13550135501355012,0.0,0.0,0.13550135501355012,4.607046070460704,0.0,0.0,0.0,0.0,0.0,0.0
09432,09,432,871,643,228,0,495,8,495,0,34,19,45,239,118,5,6,0,0,0,0,0,0,0,1,28,0,0,0,0,0,0,56.831228473019515,0.0,100.0,6.8686868686868685,3.8383838383838382,9.090909090909092,48.282828282828284,23.83838383838384,1.0101010101010102,1.2121212121212122,0.0,0.0,0.0,0.0,0.0,0.0,0.0,0.20202020202020202,5.656565656565657,0.0,0.0,0.0,0.0,0.0,0.0
09433,09,433,892,581,311,0,479,8,476,3,38,12,42,218,104,4,5,0,0,0,0,0,1,0,6,46,0,0,0,0,0,0,53.69955156950673,0.6263048016701461,99.37369519832986,7.9831932773109235,2.5210084033613445,8.823529411764707,45.79831932773109,21.84873949579832,0.8403361344537815,1.050420168067227,0.0,0.0,0.0,0.0,0.0,0.21008403361344538,0.0,1.2605042016806722,9.663865546218489,0.0,0.0,0.0,0.0,0.0,0.0
09434,09,434,1032,693,339,0,575,6,570,5,59,25,87,250,110,6,7,0,0,1,0,0,0,0,0,25,0,0,0,0,0,0,55.71705426356589,0.8695652173913043,99.1304347826087,10.350877192982457,4.385964912280701,15.263157894736842,43.859649122807014,19.298245614035086,1.0526315789473684,1.2280701754385965,0.0,0.0,0.17543859649122806,0.0,0.0,0.0,0.0,0.0,4.385964912280701,0.0,0.0,0.0,0.0,0.0,0.0
09435,09,435,875,547,328,0,436,2,432,4,48,23,72,164,89,6,7,0,0,2,0,0,1,0,3,17,0,0,0,0,0,0,49.82857142857143,0.9174311926605505,99.08256880733946,11.11111111111111,5.324074074074074,16.666666666666664,37.96296296296296,20.60185185185185,1.3888888888888888,1.6203703703703702,0.0,0.0,0.4629629629629629,0.0,0.0,0.23148148148148145,0.0,0.6944444444444444,3.935185185185185,0.0,0.0,0.0,0.0,0.0,0.0
09436,09,436,915,622,293,0,505,8,502,3,30,19,36,232,129,4,6,0,0,2,0,0,1,0,2,41,0,0,0,0,0,0,55.19125683060109,0.594059405940594,99.4059405940594,5.9760956175298805,3.7848605577689245,7.171314741035857,46.21513944223107,25.697211155378486,0.796812749003984,1.1952191235059761,0.0,0.0,0.398406374501992,0.0,0.0,0.199203187250996,0.0,0.398406374501992,8.167330677290837,0.0,0.0,0.0,0.0,0.0,0.0
09437,09,437,900,656,244,0,480,6,477,3,33,22,37,225,114,8,17,0,0,2,0,0,1,0,1,17,0,0,0,0,0,0,53.333333333333336,0.625,99.375,6.918238993710692,4.612159329140461,7.756813417190776,47.16981132075472,23.89937106918239,1.6771488469601679,3.563941299790356,0.0,0.0,0.41928721174004197,0.0,0.0,0.20964360587002098,0.0,0.20964360587002098,3.563941299790356,0.0,0.0,0.0,0.0,0.0,0.0
09438,09,438,1006,658,348,0,535,11,532,3,45,14,119,173,128,11,7,0,0,1,0,0,0,0,1,33,0,0,0,0,0,0,53.18091451292246,0.5607476635514018,99.4392523364486,8.458646616541353,2.631578947368421,22.36842105263158,32.5187969924812,24.06015037593985,2.0676691729323307,1.3157894736842104,0.0,0.0,0.18796992481203006,0.0,0.0,0.0,0.0,0.18796992481203006,6.203007518796992,0.0,0.0,0.0,0.0,0.0,0.0
09439,09,439,982,670,312,0,533,7,533,0,40,24,89,200,137,10,6,0,0,4,0,0,0,0,2,21,0,0,0,0,0,0,54.276985743380855,0.0,100.0,7.5046904315197,4.50281425891182,16.69793621013133,37.5234521575985,25.70356472795497,1.876172607879925,1.125703564727955,0.0,0.0,0.7504690431519699,0.0,0.0,0.0,0.0,0.37523452157598497,3.9399624765478425,0.0,0.0,0.0,0.0,0.0,0.0
09440,09,440,848,683,165,0,410,4,408,2,27,7,32,134,151,7,20,0,0,7,0,0,0,0,1,22,0,0,0,0,0,0,48.34905660377358,0.4878048780487805,99.51219512195122,6.61764705882353,1.715686274509804,7.8431372549019605,32.84313725490196,37.00980392156863,1.715686274509804,4.901960784313726,0.0,0.0,1.715686274509804,0.0,0.0,0.0,0.0,0.24509803921568626,5.392156862745098,0.0,0.0,0.0,0.0,0.0,0.0
094A,09,4A,0,0,0,0,548,548,546,2,46,19,121,184,104,10,12,0,0,8,0,0,0,0,2,40,0,0,0,0,0,0,inf,0.36496350364963503,99.63503649635037,8.424908424908425,3.47985347985348,22.16117216117216,33.6996336996337,19.047619047619047,1.8315018315018317,2.197802197802198,0.0,0.0,1.465201465201465,0.0,0.0,0.0,0.0,0.3663003663003663,7.326007326007327,0.0,0.0,0.0,0.0,0.0,0.0
094B,09,4B,0,0,0,0,645,645,640,5,68,18,131,221,117,9,16,0,0,9,0,1,0,0,2,48,0,0,0,0,0,0,inf,0.7751937984496124,99.2248062015504,10.625,2.8125,20.46875,34.53125,18.28125,1.40625,2.5,0.0,0.0,1.40625,0.0,0.15625,0.0,0.0,0.3125,7.5,0.0,0.0,0.0,0.0,0.0,0.0
094C,09,4C,0,0,0,0,603,603,600,3,58,26,116,228,77,14,17,0,0,4,0,0,1,0,9,50,0,0,0,0,0,0,inf,0.4975124378109453,99.50248756218906,9.666666666666666,4.333333333333334,19.333333333333332,38.0,12.833333333333332,2.3333333333333335,2.833333333333333,0.0,0.0,0.6666666666666667,0.0,0.0,0.16666666666666669,0.0,1.5,8.333333333333332,0.0,0.0,0.0,0.0,0.0,0.0
094D,09,4D,0,0,0,0,567,567,563,4,51,25,128,195,100,13,17,0,0,3,0,0,1,0,0,30,0,0,0,0,0,0,inf,0.7054673721340388,99.29453262786596,9.058614564831261,4.440497335701599,22.735346358792185,34.63587921847247,17.761989342806395,2.3090586145648313,3.019538188277087,0.0,0.0,0.5328596802841918,0.0,0.0,0.17761989342806395,0.0,0.0,5.328596802841918,0.0,0.0,0.0,0.0,0.0,0.0
094E,09,4E,0,0,0,0,569,569,564,5,40,34,103,254,72,13,10,0,0,2,0,0,2,0,2,32,0,0,0,0,0,0,inf,0.8787346221441126,99.12126537785588,7.092198581560284,6.028368794326241,18.26241134751773,45.0354609929078,12.76595744680851,2.304964539007092,1.773049645390071,0.0,0.0,0.3546099290780142,0.0,0.0,0.3546099290780142,0.0,0.3546099290780142,5.673758865248227,0.0,0.0,0.0,0.0,0.0,0.0
094F,09,4F,0,0,0,0,532,532,531,1,50,35,129,200,61,9,8,0,0,4,0,0,0,0,0,35,0,0,0,0,0,0,inf,0.18796992481203006,99.81203007518798,9.416195856873824,6.591337099811676,24.293785310734464,37.664783427495294,11.487758945386064,1.694915254237288,1.5065913370998116,0.0,0.0,0.7532956685499058,0.0,0.0,0.0,0.0,0.0,6.591337099811676,0.0,0.0,0.0,0.0,0.0,0.0
094G,09,4G,0,0,0,0,326,326,325,1,34,14,80,115,35,16,5,0,0,1,0,0,0,0,2,23,0,0,0,0,0,0,inf,0.3067484662576687,99.69325153374233,10.461538461538462,4.3076923076923075,24.615384615384617,35.38461538461539,10.76923076923077,4.923076923076923,1.5384615384615385,0.0,0.0,0.3076923076923077,0.0,0.0,0.0,0.0,0.6153846153846154,7.076923076923077,0.0,0.0,0.0,0.0,0.0,0.0
094H,09,4H,0,0,0,0,608,608,606,2,70,44,124,250,52,10,12,0,0,5,0,0,0,0,2,37,0,0,0,0,0,0,inf,0.3289473684210526,99.67105263157895,11.55115511551155,7.2607260726072615,20.462046204620464,41.254125412541256,8.58085808580858,1.65016501650165,1.9801980198019802,0.0,0.0,0.825082508250825,0.0,0.0,0.0,0.0,0.33003300330033003,6.105610561056106,0.0,0.0,0.0,0.0,0.0,0.0
094I,09,4I,0,0,0,0,674,674,673,1,86,28,148,267,78,12,14,0,0,2,0,0,1,0,1,36,0,0,0,0,0,0,inf,0.1483679525222552,99.85163204747775,12.778603268945021,4.160475482912332,21.99108469539376,39.673105497771175,11.589895988112927,1.7830609212481425,2.080237741456166,0.0,0.0,0.2971768202080238,0.0,0.0,0.1485884101040119,0.0,0.1485884101040119,5.349182763744428,0.0,0.0,0.0,0.0,0.0,0.0
094J,09,4J,0,0,0,0,496,496,496,0,50,25,94,192,86,6,14,0,0,4,0,1,0,0,0,24,0,0,0,0,0,0,inf,0.0,100.0,10.080645161290322,5.040322580645161,18.951612903225808,38.70967741935484,17.338709677419356,1.2096774193548387,2.82258064516129,0.0,0.0,0.8064516129032258,0.0,0.20161290322580644,0.0,0.0,0.0,4.838709677419355,0.0,0.0,0.0,0.0,0.0,0.0
094K,09,4K,0,0,0,0,822,822,819,3,76,69,166,311,94,30,15,0,0,9,0,1,0,0,0,48,0,0,0,0,0,0,inf,0.36496350364963503,99.63503649635037,9.27960927960928,8.424908424908425,20.268620268620268,37.97313797313797,11.477411477411477,3.6630036630036633,1.8315018315018317,0.0,0.0,1.098901098901099,0.0,0.1221001221001221,0.0,0.0,0.0,5.86080586080586,0.0,0.0,0.0,0.0,0.0,0.0
094L,09,4L,0,0,0,0,312,312,311,1,21,24,35,130,65,2,11,0,0,3,0,0,1,0,1,18,0,0,0,0,0,0,inf,0.3205128205128205,99.67948717948718,6.752411575562702,7.717041800643088,11.254019292604502,41.80064308681672,20.90032154340836,0.6430868167202572,3.536977491961415,0.0,0.0,0.964630225080386,0.0,0.0,0.3215434083601286,0.0,0.3215434083601286,5.787781350482315,0.0,0.0,0.0,0.0,0.0,0.0
094M,09,4M,0,0,0,0,412,412,412,0,46,26,39,181,63,5,21,0,0,0,0,0,0,0,1,30,0,0,0,0,0,0,inf,0.0,100.0,11.165048543689322,6.310679611650485,9.466019417475728,43.932038834951456,15.291262135922329,1.2135922330097086,5.097087378640777,0.0,0.0,0.0,0.0,0.0,0.0,0.0,0.24271844660194172,7.281553398058252,0.0,0.0,0.0,0.0,0.0,0.0
094N,09,4N,0,0,0,0,660,660,659,1,56,47,75,309,92,18,18,0,0,6,0,0,1,0,0,37,0,0,0,0,0,0,inf,0.15151515151515152,99.84848484848486,8.49772382397572,7.132018209408194,11.380880121396055,46.889226100151745,13.960546282245827,2.731411229135053,2.731411229135053,0.0,0.0,0.9104704097116844,0.0,0.0,0.15174506828528073,0.0,0.0,5.614567526555387,0.0,0.0,0.0,0.0,0.0,0.0
094P,09,4P,0,0,0,0,381,381,380,1,36,31,44,198,39,5,5,0,0,3,0,0,1,0,0,18,0,0,0,0,0,0,inf,0.26246719160104987,99.73753280839895,9.473684210526317,8.157894736842106,11.578947368421053,52.10526315789473,10.263157894736842,1.3157894736842104,1.3157894736842104,0.0,0.0,0.7894736842105263,0.0,0.0,0.2631578947368421,0.0,0.0,4.736842105263158,0.0,0.0,0.0,0.0,0.0,0.0
094Q,09,4Q,0,0,0,0,685,685,678,7,75,41,96,338,63,6,7,0,0,9,0,0,0,0,0,43,0,0,0,0,0,0,inf,1.0218978102189782,98.97810218978103,11.061946902654867,6.047197640117994,14.15929203539823,49.852507374631266,9.29203539823009,0.8849557522123894,1.0324483775811208,0.0,0.0,1.3274336283185841,0.0,0.0,0.0,0.0,0.0,6.342182890855458,0.0,0.0,0.0,0.0,0.0,0.0
094R,09,4R,0,0,0,0,587,587,585,2,50,30,110,295,51,8,7,0,0,2,0,1,0,0,1,30,0,0,0,0,0,0,inf,0.34071550255536626,99.65928449744463,8.547008547008547,5.128205128205128,18.803418803418804,50.427350427350426,8.717948717948717,1.3675213675213675,1.1965811965811968,0.0,0.0,0.3418803418803419,0.0,0.17094017094017094,0.0,0.0,0.17094017094017094,5.128205128205128,0.0,0.0,0.0,0.0,0.0,0.0
094S,09,4S,0,0,0,0,535,535,530,5,49,40,85,230,68,11,17,0,0,3,0,0,0,0,0,27,0,0,0,0,0,0,inf,0.9345794392523363,99.06542056074767,9.245283018867925,7.547169811320755,16.037735849056602,43.39622641509434,12.830188679245284,2.0754716981132075,3.207547169811321,0.0,0.0,0.5660377358490566,0.0,0.0,0.0,0.0,0.0,5.09433962264151,0.0,0.0,0.0,0.0,0.0,0.0
094T,09,4T,0,0,0,0,660,660,658,2,67,56,132,279,59,20,12,0,0,7,0,0,0,0,0,26,0,0,0,0,0,0,inf,0.30303030303030304,99.69696969696969,10.182370820668693,8.51063829787234,20.060790273556233,42.401215805471125,8.966565349544073,3.0395136778115504,1.82370820668693,0.0,0.0,1.0638297872340425,0.0,0.0,0.0,0.0,0.0,3.951367781155015,0.0,0.0,0.0,0.0,0.0,0.0
094U,09,4U,0,0,0,0,401,401,399,2,36,24,45,211,39,6,6,0,0,4,0,1,1,0,0,26,0,0,0,0,0,0,inf,0.4987531172069825,99.50124688279301,9.022556390977442,6.015037593984962,11.278195488721805,52.88220551378446,9.774436090225564,1.5037593984962405,1.5037593984962405,0.0,0.0,1.0025062656641603,0.0,0.2506265664160401,0.2506265664160401,0.0,0.0,6.516290726817042,0.0,0.0,0.0,0.0,0.0,0.0
09501,09,501,856,648,208,0,530,4,526,4,40,38,57,252,97,6,10,0,0,1,0,0,0,0,1,24,0,0,0,0,0,0,61.915887850467286,0.7547169811320755,99.24528301886792,7.604562737642586,7.224334600760455,10.836501901140684,47.90874524714829,18.44106463878327,1.1406844106463878,1.9011406844106464,0.0,0.0,0.19011406844106463,0.0,0.0,0.0,0.0,0.19011406844106463,4.562737642585551,0.0,0.0,0.0,0.0,0.0,0.0
09502,09,502,846,615,231,0,455,7,450,5,23,10,50,158,166,4,13,0,0,2,0,0,2,0,2,20,0,0,0,0,0,0,53.78250591016549,1.098901098901099,98.9010989010989,5.111111111111112,2.2222222222222223,11.11111111111111,35.11111111111111,36.888888888888886,0.8888888888888888,2.888888888888889,0.0,0.0,0.4444444444444444,0.0,0.0,0.4444444444444444,0.0,0.4444444444444444,4.444444444444445,0.0,0.0,0.0,0.0,0.0,0.0
09503,09,503,837,574,263,0,427,6,419,8,44,19,48,151,110,6,15,0,0,4,0,1,0,0,0,21,0,0,0,0,0,0,51.01553166069295,1.873536299765808,98.12646370023418,10.501193317422434,4.534606205250596,11.455847255369928,36.0381861575179,26.25298329355609,1.431980906921241,3.579952267303103,0.0,0.0,0.9546539379474941,0.0,0.23866348448687352,0.0,0.0,0.0,5.011933174224343,0.0,0.0,0.0,0.0,0.0,0.0
09504,09,504,905,639,266,0,427,2,420,7,48,9,50,134,141,6,3,0,0,4,0,0,0,0,0,25,0,0,0,0,0,0,47.18232044198895,1.639344262295082,98.36065573770492,11.428571428571429,2.142857142857143,11.904761904761903,31.9047619047619,33.57142857142857,1.4285714285714286,0.7142857142857143,0.0,0.0,0.9523809523809524,0.0,0.0,0.0,0.0,0.0,5.952380952380952,0.0,0.0,0.0,0.0,0.0,0.0
09505,09,505,919,634,285,0,432,2,427,5,38,8,55,147,130,5,15,0,0,0,0,0,0,0,0,29,0,0,0,0,0,0,47.0076169749728,1.1574074074074074,98.8425925925926,8.899297423887589,1.873536299765808,12.88056206088993,34.42622950819672,30.44496487119438,1.1709601873536302,3.51288056206089,0.0,0.0,0.0,0.0,0.0,0.0,0.0,0.0,6.791569086651054,0.0,0.0,0.0,0.0,0.0,0.0
09506,09,506,925,616,309,0,447,2,442,5,66,11,51,135,130,4,4,0,0,1,0,0,0,0,0,40,0,0,0,0,0,0,48.32432432432432,1.1185682326621924,98.88143176733782,14.93212669683258,2.48868778280543,11.538461538461538,30.542986425339368,29.411764705882355,0.904977375565611,0.904977375565611,0.0,0.0,0.22624434389140274,0.0,0.0,0.0,0.0,0.0,9.049773755656108,0.0,0.0,0.0,0.0,0.0,0.0
09507,09,507,836,600,236,0,479,1,476,3,64,3,57,180,128,5,6,0,0,1,0,0,0,0,1,31,0,0,0,0,0,0,57.29665071770334,0.6263048016701461,99.37369519832986,13.445378151260504,0.6302521008403361,11.974789915966387,37.81512605042017,26.89075630252101,1.050420168067227,1.2605042016806722,0.0,0.0,0.21008403361344538,0.0,0.0,0.0,0.0,0.21008403361344538,6.512605042016808,0.0,0.0,0.0,0.0,0.0,0.0
09508,09,508,787,567,220,0,438,2,436,2,37,16,57,152,130,6,7,0,0,3,0,0,0,0,1,27,0,0,0,0,0,0,55.65438373570522,0.45662100456621,99.54337899543378,8.486238532110093,3.669724770642202,13.073394495412844,34.862385321100916,29.81651376146789,1.3761467889908259,1.6055045871559634,0.0,0.0,0.6880733944954129,0.0,0.0,0.0,0.0,0.22935779816513763,6.192660550458716,0.0,0.0,0.0,0.0,0.0,0.0
09509,09,509,1025,835,190,0,594,6,586,8,48,8,44,189,233,7,20,0,0,1,0,0,1,0,1,34,0,0,0,0,0,0,57.95121951219512,1.3468013468013467,98.65319865319864,8.19112627986348,1.3651877133105803,7.508532423208192,32.25255972696246,39.76109215017065,1.1945392491467577,3.4129692832764507,0.0,0.0,0.17064846416382254,0.0,0.0,0.17064846416382254,0.0,0.17064846416382254,5.802047781569966,0.0,0.0,0.0,0.0,0.0,0.0
09510,09,510,851,626,225,0,479,2,471,8,37,11,45,161,158,10,11,0,0,2,0,0,1,0,1,34,0,0,0,0,0,0,56.28672150411281,1.6701461377870561,98.32985386221294,7.855626326963907,2.335456475583864,9.554140127388536,34.182590233545646,33.54564755838641,2.1231422505307855,2.335456475583864,0.0,0.0,0.42462845010615713,0.0,0.0,0.21231422505307856,0.0,0.21231422505307856,7.218683651804671,0.0,0.0,0.0,0.0,0.0,0.0
09511,09,511,875,615,260,0,475,3,471,4,35,18,35,217,106,5,17,0,0,6,0,0,0,0,3,29,0,0,0,0,0,0,54.285714285714285,0.8421052631578947,99.1578947368421,7.43099787685775,3.821656050955414,7.43099787685775,46.07218683651805,22.505307855626327,1.0615711252653928,3.6093418259023355,0.0,0.0,1.2738853503184715,0.0,0.0,0.0,0.0,0.6369426751592357,6.1571125265392785,0.0,0.0,0.0,0.0,0.0,0.0
09512,09,512,870,697,173,0,492,8,489,3,44,9,43,172,170,3,13,0,0,1,0,0,2,0,1,31,0,0,0,0,0,0,56.55172413793104,0.6097560975609756,99.39024390243902,8.997955010224949,1.8404907975460123,8.793456032719837,35.173824130879346,34.76482617586912,0.6134969325153374,2.658486707566462,0.0,0.0,0.2044989775051125,0.0,0.0,0.408997955010225,0.0,0.2044989775051125,6.339468302658487,0.0,0.0,0.0,0.0,0.0,0.0
09513,09,513,849,552,297,0,415,9,414,1,26,17,46,151,122,13,7,0,0,0,0,0,0,0,2,30,0,0,0,0,0,0,48.88103651354535,0.24096385542168677,99.75903614457832,6.280193236714976,4.1062801932367154,11.11111111111111,36.473429951690825,29.468599033816425,3.140096618357488,1.6908212560386473,0.0,0.0,0.0,0.0,0.0,0.0,0.0,0.4830917874396135,7.246376811594203,0.0,0.0,0.0,0.0,0.0,0.0
09514,09,514,733,553,180,0,349,0,345,4,30,18,34,137,94,3,7,0,0,2,0,0,0,0,1,19,0,0,0,0,0,0,47.61255115961801,1.146131805157593,98.8538681948424,8.695652173913043,5.217391304347826,9.855072463768117,39.710144927536234,27.246376811594203,0.8695652173913043,2.0289855072463765,0.0,0.0,0.5797101449275363,0.0,0.0,0.0,0.0,0.2898550724637681,5.507246376811594,0.0,0.0,0.0,0.0,0.0,0.0
09515,09,515,817,571,246,0,396,1,392,4,35,7,44,133,123,7,9,0,0,0,0,1,0,0,2,31,0,0,0,0,0,0,48.47001223990208,1.0101010101010102,98.98989898989899,8.928571428571429,1.7857142857142856,11.224489795918368,33.92857142857143,31.377551020408163,1.7857142857142856,2.295918367346939,0.0,0.0,0.0,0.0,0.25510204081632654,0.0,0.0,0.5102040816326531,7.908163265306123,0.0,0.0,0.0,0.0,0.0,0.0
09516,09,516,941,647,294,0,528,2,523,5,30,15,76,190,165,11,3,0,0,0,0,0,1,0,2,30,0,0,0,0,0,0,56.11052072263549,0.946969696969697,99.0530303030303,5.736137667304015,2.8680688336520075,14.531548757170173,36.32887189292543,31.54875717017208,2.1032504780114722,0.5736137667304015,0.0,0.0,0.0,0.0,0.0,0.19120458891013384,0.0,0.3824091778202677,5.736137667304015,0.0,0.0,0.0,0.0,0.0,0.0
09517,09,517,858,581,277,0,431,3,425,6,34,14,56,144,131,14,1,0,0,3,0,0,1,0,0,27,0,0,0,0,0,0,50.23310023310024,1.3921113689095126,98.60788863109049,8.0,3.294117647058824,13.176470588235295,33.88235294117647,30.823529411764707,3.294117647058824,0.2352941176470588,0.0,0.0,0.7058823529411765,0.0,0.0,0.2352941176470588,0.0,0.0,6.352941176470588,0.0,0.0,0.0,0.0,0.0,0.0
09518,09,518,933,603,330,0,517,4,515,2,34,13,91,176,147,5,6,0,0,1,0,0,0,0,1,41,0,0,0,0,0,0,55.41264737406216,0.3868471953578337,99.61315280464217,6.601941747572816,2.524271844660194,17.66990291262136,34.1747572815534,28.54368932038835,0.9708737864077669,1.1650485436893203,0.0,0.0,0.1941747572815534,0.0,0.0,0.0,0.0,0.1941747572815534,7.961165048543689,0.0,0.0,0.0,0.0,0.0,0.0
09519,09,519,931,636,295,0,526,6,521,5,35,20,96,201,114,13,9,0,0,4,0,0,0,0,0,29,0,0,0,0,0,0,56.4983888292159,0.9505703422053232,99.04942965779468,6.71785028790787,3.8387715930902107,18.426103646833013,38.57965451055662,21.8809980806142,2.495201535508637,1.727447216890595,0.0,0.0,0.7677543186180422,0.0,0.0,0.0,0.0,0.0,5.566218809980806,0.0,0.0,0.0,0.0,0.0,0.0
09520,09,520,1077,742,335,0,480,3,476,4,50,10,56,165,150,10,5,0,0,3,0,0,0,0,1,26,0,0,0,0,0,0,44.56824512534819,0.8333333333333334,99.16666666666667,10.504201680672269,2.100840336134454,11.76470588235294,34.66386554621849,31.512605042016805,2.100840336134454,1.050420168067227,0.0,0.0,0.6302521008403361,0.0,0.0,0.0,0.0,0.21008403361344538,5.46218487394958,0.0,0.0,0.0,0.0,0.0,0.0
09521,09,521,836,584,252,0,445,1,438,7,35,4,73,171,124,5,7,0,0,0,0,0,0,0,1,18,0,0,0,0,0,0,53.22966507177034,1.5730337078651686,98.42696629213484,7.9908675799086755,0.91324200913242,16.666666666666664,39.04109589041096,28.31050228310502,1.141552511415525,1.5981735159817352,0.0,0.0,0.0,0.0,0.0,0.0,0.0,0.228310502283105,4.10958904109589,0.0,0.0,0.0,0.0,0.0,0.0
09522,09,522,1006,685,321,0,534,5,531,3,31,30,100,176,152,11,13,0,0,0,0,0,0,0,1,17,0,0,0,0,0,0,53.08151093439364,0.5617977528089888,99.43820224719101,5.83804143126177,5.649717514124294,18.832391713747647,33.14500941619586,28.625235404896422,2.0715630885122414,2.4482109227871938,0.0,0.0,0.0,0.0,0.0,0.0,0.0,0.18832391713747645,3.2015065913371,0.0,0.0,0.0,0.0,0.0,0.0
09523,09,523,1291,972,319,0,686,9,680,6,49,27,73,228,228,10,19,0,0,1,0,1,0,0,0,44,0,0,0,0,0,0,53.137103020914026,0.8746355685131195,99.12536443148689,7.205882352941176,3.9705882352941173,10.735294117647058,33.52941176470588,33.52941176470588,1.4705882352941175,2.794117647058824,0.0,0.0,0.14705882352941177,0.0,0.14705882352941177,0.0,0.0,0.0,6.470588235294119,0.0,0.0,0.0,0.0,0.0,0.0
09524,09,524,741,509,232,0,419,5,414,5,28,20,95,143,92,8,6,0,0,2,0,0,0,0,0,20,0,0,0,0,0,0,56.54520917678813,1.1933174224343674,98.80668257756562,6.763285024154589,4.830917874396135,22.946859903381643,34.54106280193236,22.22222222222222,1.932367149758454,1.4492753623188406,0.0,0.0,0.4830917874396135,0.0,0.0,0.0,0.0,0.0,4.830917874396135,0.0,0.0,0.0,0.0,0.0,0.0
09525,09,525,951,561,390,0,491,13,488,3,35,31,89,176,99,15,9,0,0,0,0,0,0,0,3,31,0,0,0,0,0,0,51.629863301787594,0.6109979633401221,99.38900203665987,7.172131147540983,6.352459016393443,18.237704918032787,36.0655737704918,20.28688524590164,3.0737704918032787,1.8442622950819672,0.0,0.0,0.0,0.0,0.0,0.0,0.0,0.6147540983606558,6.352459016393443,0.0,0.0,0.0,0.0,0.0,0.0
09526,09,526,887,605,282,0,479,1,477,2,35,8,84,124,179,9,3,0,0,1,0,0,0,0,0,34,0,0,0,0,0,0,54.002254791431795,0.41753653444676403,99.58246346555325,7.337526205450734,1.6771488469601679,17.61006289308176,25.995807127882596,37.526205450733755,1.8867924528301887,0.628930817610063,0.0,0.0,0.20964360587002098,0.0,0.0,0.0,0.0,0.0,7.127882599580712,0.0,0.0,0.0,0.0,0.0,0.0
09527,09,527,904,567,337,0,475,4,474,1,28,19,78,130,161,7,4,0,0,6,0,1,0,0,2,38,0,0,0,0,0,0,52.54424778761062,0.21052631578947367,99.78947368421053,5.9071729957805905,4.008438818565401,16.455696202531644,27.42616033755274,33.9662447257384,1.4767932489451476,0.8438818565400843,0.0,0.0,1.2658227848101267,0.0,0.21097046413502107,0.0,0.0,0.42194092827004215,8.016877637130802,0.0,0.0,0.0,0.0,0.0,0.0
09528,09,528,967,689,278,0,567,2,562,5,42,13,96,175,186,11,6,0,0,0,0,0,1,0,2,30,0,0,0,0,0,0,58.63495346432265,0.8818342151675485,99.11816578483244,7.473309608540925,2.3131672597864767,17.08185053380783,31.13879003558719,33.096085409252666,1.9572953736654803,1.0676156583629894,0.0,0.0,0.0,0.0,0.0,0.1779359430604982,0.0,0.3558718861209964,5.338078291814947,0.0,0.0,0.0,0.0,0.0,0.0
09529,09,529,909,610,299,0,507,0,502,5,16,13,81,150,209,7,2,0,0,3,0,0,1,0,0,20,0,0,0,0,0,0,55.775577557755774,0.9861932938856016,99.0138067061144,3.187250996015936,2.589641434262948,16.135458167330675,29.880478087649404,41.63346613545817,1.394422310756972,0.398406374501992,0.0,0.0,0.5976095617529881,0.0,0.0,0.199203187250996,0.0,0.0,3.9840637450199203,0.0,0.0,0.0,0.0,0.0,0.0
09530,09,530,913,623,290,0,531,1,529,2,30,16,83,136,206,15,5,0,0,3,0,0,0,0,0,35,0,0,0,0,0,0,58.15991237677984,0.3766478342749529,99.62335216572504,5.671077504725898,3.0245746691871456,15.689981096408317,25.708884688090738,38.9413988657845,2.835538752362949,0.945179584120983,0.0,0.0,0.5671077504725899,0.0,0.0,0.0,0.0,0.0,6.61625708884688,0.0,0.0,0.0,0.0,0.0,0.0
09531,09,531,1059,696,363,0,583,3,580,3,31,17,128,153,206,13,10,0,0,4,0,0,0,0,1,17,0,0,0,0,0,0,55.0519357884797,0.5145797598627788,99.48542024013722,5.344827586206897,2.9310344827586206,22.06896551724138,26.379310344827587,35.51724137931034,2.2413793103448274,1.7241379310344827,0.0,0.0,0.6896551724137931,0.0,0.0,0.0,0.0,0.1724137931034483,2.9310344827586206,0.0,0.0,0.0,0.0,0.0,0.0
09532,09,532,804,638,166,0,466,0,458,8,41,5,56,158,125,11,19,0,0,0,0,0,0,0,2,41,0,0,0,0,0,0,57.960199004975124,1.7167381974248928,98.28326180257511,8.951965065502183,1.0917030567685588,12.22707423580786,34.49781659388647,27.292576419213976,2.4017467248908297,4.148471615720524,0.0,0.0,0.0,0.0,0.0,0.0,0.0,0.43668122270742354,8.951965065502183,0.0,0.0,0.0,0.0,0.0,0.0
09533,09,533,806,624,182,0,428,5,419,9,45,7,55,140,121,5,11,0,0,2,0,2,2,0,1,28,0,0,0,0,0,0,53.101736972704714,2.102803738317757,97.89719626168224,10.739856801909307,1.6706443914081146,13.126491646778044,33.41288782816229,28.878281622911693,1.1933174224343674,2.6252983293556085,0.0,0.0,0.47732696897374705,0.0,0.47732696897374705,0.47732696897374705,0.0,0.23866348448687352,6.682577565632458,0.0,0.0,0.0,0.0,0.0,0.0
095A,09,5A,0,0,0,0,392,392,392,0,37,25,59,185,55,8,8,0,0,4,0,0,0,0,0,11,0,0,0,0,0,0,inf,0.0,100.0,9.438775510204081,6.377551020408164,15.051020408163266,47.19387755102041,14.030612244897958,2.0408163265306123,2.0408163265306123,0.0,0.0,1.0204081632653061,0.0,0.0,0.0,0.0,0.0,2.806122448979592,0.0,0.0,0.0,0.0,0.0,0.0
095B,09,5B,0,0,0,0,393,393,391,2,32,24,34,194,56,6,13,0,0,2,0,0,0,0,0,30,0,0,0,0,0,0,inf,0.5089058524173028,99.49109414758269,8.184143222506394,6.138107416879795,8.695652173913043,49.61636828644501,14.322250639386189,1.5345268542199488,3.324808184143223,0.0,0.0,0.5115089514066496,0.0,0.0,0.0,0.0,0.0,7.672634271099745,0.0,0.0,0.0,0.0,0.0,0.0
095C,09,5C,0,0,0,0,569,569,568,1,46,42,113,207,78,11,15,0,0,7,0,0,1,0,3,45,0,0,0,0,0,0,inf,0.17574692442882248,99.82425307557118,8.098591549295776,7.394366197183098,19.8943661971831,36.443661971830984,13.732394366197184,1.936619718309859,2.640845070422535,0.0,0.0,1.232394366197183,0.0,0.0,0.17605633802816903,0.0,0.528169014084507,7.922535211267606,0.0,0.0,0.0,0.0,0.0,0.0
095D,09,5D,0,0,0,0,531,531,527,4,62,16,80,224,75,6,18,0,0,1,0,1,1,0,0,43,0,0,0,0,0,0,inf,0.7532956685499058,99.2467043314501,11.76470588235294,3.0360531309297913,15.180265654648956,42.50474383301708,14.231499051233396,1.1385199240986716,3.415559772296015,0.0,0.0,0.18975332068311196,0.0,0.18975332068311196,0.18975332068311196,0.0,0.0,8.159392789373813,0.0,0.0,0.0,0.0,0.0,0.0
095E,09,5E,0,0,0,0,569,569,567,2,56,28,136,225,62,12,7,0,0,5,0,1,0,0,0,35,0,0,0,0,0,0,inf,0.35149384885764495,99.64850615114236,9.876543209876543,4.938271604938271,23.985890652557316,39.682539682539684,10.934744268077601,2.1164021164021163,1.2345679012345678,0.0,0.0,0.8818342151675485,0.0,0.1763668430335097,0.0,0.0,0.0,6.172839506172839,0.0,0.0,0.0,0.0,0.0,0.0
095F,09,5F,0,0,0,0,579,579,575,4,62,19,109,216,93,13,15,0,0,2,0,0,0,0,3,43,0,0,0,0,0,0,inf,0.690846286701209,99.3091537132988,10.782608695652174,3.304347826086956,18.956521739130437,37.565217391304344,16.17391304347826,2.2608695652173916,2.608695652173913,0.0,0.0,0.34782608695652173,0.0,0.0,0.0,0.0,0.5217391304347827,7.478260869565218,0.0,0.0,0.0,0.0,0.0,0.0
095G,09,5G,0,0,0,0,560,560,560,0,55,29,114,169,110,12,19,0,0,6,0,1,0,0,2,43,0,0,0,0,0,0,inf,0.0,100.0,9.821428571428571,5.178571428571429,20.357142857142858,30.178571428571427,19.642857142857142,2.142857142857143,3.392857142857143,0.0,0.0,1.0714285714285714,0.0,0.17857142857142858,0.0,0.0,0.35714285714285715,7.678571428571429,0.0,0.0,0.0,0.0,0.0,0.0
095H,09,5H,0,0,0,0,599,599,597,2,47,27,132,204,121,12,7,0,0,3,0,0,0,0,5,39,0,0,0,0,0,0,inf,0.333889816360601,99.6661101836394,7.872696817420436,4.522613065326634,22.110552763819097,34.17085427135678,20.268006700167504,2.0100502512562812,1.1725293132328307,0.0,0.0,0.5025125628140703,0.0,0.0,0.0,0.0,0.8375209380234505,6.532663316582915,0.0,0.0,0.0,0.0,0.0,0.0
095I,09,5I,0,0,0,0,367,367,363,4,38,16,45,151,64,9,6,0,0,2,0,1,0,0,4,27,0,0,0,0,0,0,inf,1.08991825613079,98.9100817438692,10.46831955922865,4.40771349862259,12.396694214876034,41.59779614325069,17.63085399449036,2.479338842975207,1.6528925619834711,0.0,0.0,0.5509641873278237,0.0,0.27548209366391185,0.0,0.0,1.1019283746556474,7.43801652892562,0.0,0.0,0.0,0.0,0.0,0.0
095J,09,5J,0,0,0,0,563,563,554,9,44,20,105,216,82,15,12,0,0,2,0,0,0,0,2,56,0,0,0,0,0,0,inf,1.5985790408525755,98.40142095914743,7.9422382671480145,3.6101083032490973,18.95306859205776,38.98916967509025,14.801444043321299,2.707581227436823,2.166064981949458,0.0,0.0,0.36101083032490977,0.0,0.0,0.0,0.0,0.36101083032490977,10.108303249097473,0.0,0.0,0.0,0.0,0.0,0.0
095K,09,5K,0,0,0,0,452,452,450,2,57,11,77,180,67,7,12,0,0,1,0,0,0,0,6,32,0,0,0,0,0,0,inf,0.4424778761061947,99.5575221238938,12.666666666666668,2.4444444444444446,17.11111111111111,40.0,14.888888888888888,1.5555555555555556,2.666666666666667,0.0,0.0,0.2222222222222222,0.0,0.0,0.0,0.0,1.3333333333333335,7.111111111111111,0.0,0.0,0.0,0.0,0.0,0.0
095L,09,5L,0,0,0,0,386,386,383,3,34,4,38,184,73,7,9,0,0,2,0,1,1,0,0,30,0,0,0,0,0,0,inf,0.7772020725388601,99.22279792746113,8.87728459530026,1.0443864229765014,9.921671018276761,48.04177545691906,19.06005221932115,1.8276762402088773,2.3498694516971277,0.0,0.0,0.5221932114882507,0.0,0.26109660574412535,0.26109660574412535,0.0,0.0,7.83289817232376,0.0,0.0,0.0,0.0,0.0,0.0
095M,09,5M,0,0,0,0,515,515,511,4,60,28,81,215,60,8,12,0,0,3,0,0,0,0,2,42,0,0,0,0,0,0,inf,0.7766990291262136,99.22330097087378,11.741682974559687,5.47945205479452,15.851272015655576,42.07436399217221,11.741682974559687,1.5655577299412915,2.3483365949119372,0.0,0.0,0.5870841487279843,0.0,0.0,0.0,0.0,0.3913894324853229,8.21917808219178,0.0,0.0,0.0,0.0,0.0,0.0
095N,09,5N,0,0,0,0,466,466,464,2,72,15,54,213,67,3,4,0,0,1,0,0,2,0,0,33,0,0,0,0,0,0,inf,0.4291845493562232,99.57081545064378,15.517241379310345,3.2327586206896552,11.637931034482758,45.9051724137931,14.439655172413794,0.646551724137931,0.8620689655172413,0.0,0.0,0.21551724137931033,0.0,0.0,0.43103448275862066,0.0,0.0,7.112068965517242,0.0,0.0,0.0,0.0,0.0,0.0
095P,09,5P,0,0,0,0,402,402,400,2,46,20,67,171,50,6,11,0,0,7,0,0,0,0,6,16,0,0,0,0,0,0,inf,0.4975124378109453,99.50248756218906,11.5,5.0,16.75,42.75,12.5,1.5,2.75,0.0,0.0,1.7500000000000002,0.0,0.0,0.0,0.0,1.5,4.0,0.0,0.0,0.0,0.0,0.0,0.0
095Q,09,5Q,0,0,0,0,574,574,571,3,69,21,107,214,88,12,8,0,0,7,0,0,0,0,0,45,0,0,0,0,0,0,inf,0.5226480836236934,99.4773519163763,12.084063047285463,3.677758318739054,18.739054290718038,37.478108581436075,15.411558669001751,2.1015761821366024,1.4010507880910683,0.0,0.0,1.2259194395796849,0.0,0.0,0.0,0.0,0.0,7.880910683012258,0.0,0.0,0.0,0.0,0.0,0.0
095R,09,5R,0,0,0,0,303,303,301,2,23,5,64,123,54,3,6,0,0,3,0,0,0,0,0,20,0,0,0,0,0,0,inf,0.6600660066006601,99.33993399339934,7.641196013289036,1.6611295681063125,21.262458471760798,40.863787375415285,17.940199335548172,0.9966777408637874,1.9933554817275747,0.0,0.0,0.9966777408637874,0.0,0.0,0.0,0.0,0.0,6.64451827242525,0.0,0.0,0.0,0.0,0.0,0.0
09601,09,601,818,498,320,0,429,2,426,3,28,16,70,162,113,6,5,0,0,2,0,0,0,0,2,22,0,0,0,0,0,0,52.44498777506112,0.6993006993006993,99.3006993006993,6.572769953051644,3.755868544600939,16.431924882629108,38.028169014084504,26.525821596244132,1.4084507042253522,1.1737089201877933,0.0,0.0,0.4694835680751174,0.0,0.0,0.0,0.0,0.4694835680751174,5.164319248826291,0.0,0.0,0.0,0.0,0.0,0.0
09602,09,602,834,560,274,0,450,5,447,3,32,14,59,155,142,13,2,0,0,2,0,0,0,0,0,28,0,0,0,0,0,0,53.956834532374096,0.6666666666666667,99.33333333333333,7.158836689038031,3.131991051454139,13.19910514541387,34.675615212527966,31.767337807606268,2.9082774049217,0.44742729306487694,0.0,0.0,0.44742729306487694,0.0,0.0,0.0,0.0,0.0,6.263982102908278,0.0,0.0,0.0,0.0,0.0,0.0
09603,09,603,942,595,347,0,522,6,514,8,28,26,94,248,79,7,5,0,0,1,0,0,0,0,0,26,0,0,0,0,0,0,55.4140127388535,1.532567049808429,98.46743295019157,5.447470817120623,5.058365758754864,18.28793774319066,48.249027237354085,15.369649805447471,1.3618677042801557,0.9727626459143969,0.0,0.0,0.19455252918287938,0.0,0.0,0.0,0.0,0.0,5.058365758754864,0.0,0.0,0.0,0.0,0.0,0.0
09604,09,604,764,564,200,0,445,3,438,7,46,11,65,162,110,11,9,0,0,1,0,0,0,0,1,22,0,0,0,0,0,0,58.24607329842932,1.5730337078651686,98.42696629213484,10.50228310502283,2.5114155251141552,14.840182648401825,36.986301369863014,25.11415525114155,2.5114155251141552,2.054794520547945,0.0,0.0,0.228310502283105,0.0,0.0,0.0,0.0,0.228310502283105,5.0228310502283104,0.0,0.0,0.0,0.0,0.0,0.0
09605,09,605,869,600,269,0,451,5,446,5,42,17,58,181,101,3,15,0,0,3,0,0,0,0,1,25,0,0,0,0,0,0,51.89873417721519,1.1086474501108647,98.89135254988913,9.417040358744394,3.811659192825112,13.004484304932735,40.582959641255606,22.6457399103139,0.672645739910314,3.3632286995515694,0.0,0.0,0.672645739910314,0.0,0.0,0.0,0.0,0.2242152466367713,5.605381165919283,0.0,0.0,0.0,0.0,0.0,0.0
09606,09,606,985,722,263,0,566,8,559,7,54,24,54,226,137,15,13,0,0,1,0,1,0,0,1,33,0,0,0,0,0,0,57.46192893401015,1.2367491166077738,98.76325088339223,9.66010733452594,4.293381037567084,9.66010733452594,40.429338103756706,24.508050089445437,2.6833631484794274,2.3255813953488373,0.0,0.0,0.17889087656529518,0.0,0.17889087656529518,0.0,0.0,0.17889087656529518,5.903398926654741,0.0,0.0,0.0,0.0,0.0,0.0
09607,09,607,745,536,209,0,413,6,405,8,49,11,47,163,88,2,14,0,0,2,0,0,0,0,4,25,0,0,0,0,0,0,55.43624161073826,1.937046004842615,98.06295399515739,12.098765432098766,2.7160493827160495,11.604938271604938,40.24691358024691,21.728395061728396,0.49382716049382713,3.45679012345679,0.0,0.0,0.49382716049382713,0.0,0.0,0.0,0.0,0.9876543209876543,6.172839506172839,0.0,0.0,0.0,0.0,0.0,0.0
09608,09,608,1016,684,332,0,568,5,562,6,41,21,87,199,161,4,7,0,0,4,0,1,0,0,0,37,0,0,0,0,0,0,55.90551181102362,1.056338028169014,98.94366197183099,7.295373665480427,3.7366548042704624,15.480427046263346,35.40925266903915,28.647686832740217,0.7117437722419928,1.2455516014234875,0.0,0.0,0.7117437722419928,0.0,0.1779359430604982,0.0,0.0,0.0,6.583629893238434,0.0,0.0,0.0,0.0,0.0,0.0
09609,09,609,765,530,235,0,401,4,397,4,40,11,69,169,81,9,3,0,0,3,0,0,0,0,1,11,0,0,0,0,0,0,52.41830065359478,0.997506234413965,99.00249376558602,10.075566750629724,2.770780856423174,17.38035264483627,42.56926952141058,20.40302267002519,2.2670025188916876,0.7556675062972292,0.0,0.0,0.7556675062972292,0.0,0.0,0.0,0.0,0.2518891687657431,2.770780856423174,0.0,0.0,0.0,0.0,0.0,0.0
09610,09,610,964,627,337,0,504,2,503,1,38,25,61,230,99,6,11,0,0,1,0,0,1,0,1,30,0,0,0,0,0,0,52.282157676348554,0.1984126984126984,99.8015873015873,7.5546719681908545,4.970178926441352,12.127236580516898,45.72564612326044,19.681908548707753,1.1928429423459244,2.1868787276341948,0.0,0.0,0.19880715705765406,0.0,0.0,0.19880715705765406,0.0,0.19880715705765406,5.964214711729622,0.0,0.0,0.0,0.0,0.0,0.0
09611,09,611,1027,756,271,0,648,8,641,7,59,36,90,269,124,5,13,0,0,6,0,0,0,0,5,34,0,0,0,0,0,0,63.09639727361246,1.0802469135802468,98.91975308641975,9.204368174726989,5.61622464898596,14.040561622464898,41.96567862714509,19.34477379095164,0.7800312012480499,2.02808112324493,0.0,0.0,0.93603744149766,0.0,0.0,0.0,0.0,0.7800312012480499,5.30421216848674,0.0,0.0,0.0,0.0,0.0,0.0
09612,09,612,831,578,253,0,517,8,514,3,41,23,78,229,83,13,7,0,0,3,0,1,1,0,2,33,0,0,0,0,0,0,62.214199759326114,0.5802707930367506,99.41972920696325,7.976653696498054,4.474708171206226,15.17509727626459,44.55252918287938,16.147859922178988,2.529182879377432,1.3618677042801557,0.0,0.0,0.5836575875486382,0.0,0.19455252918287938,0.19455252918287938,0.0,0.38910505836575876,6.420233463035019,0.0,0.0,0.0,0.0,0.0,0.0
09613,09,613,930,631,299,0,513,12,509,4,39,29,49,246,93,11,6,0,0,1,0,0,0,0,1,34,0,0,0,0,0,0,55.16129032258065,0.7797270955165692,99.22027290448344,7.662082514734774,5.697445972495088,9.62671905697446,48.33005893909627,18.271119842829076,2.161100196463654,1.1787819253438114,0.0,0.0,0.19646365422396855,0.0,0.0,0.0,0.0,0.19646365422396855,6.679764243614931,0.0,0.0,0.0,0.0,0.0,0.0
09614,09,614,1036,683,353,0,533,9,523,10,34,15,61,239,127,4,8,0,0,4,0,2,2,0,0,27,0,0,0,0,0,0,51.44787644787645,1.876172607879925,98.12382739212008,6.5009560229445515,2.8680688336520075,11.663479923518166,45.69789674952199,24.282982791587,0.7648183556405354,1.5296367112810707,0.0,0.0,0.7648183556405354,0.0,0.3824091778202677,0.3824091778202677,0.0,0.0,5.162523900573614,0.0,0.0,0.0,0.0,0.0,0.0
09615,09,615,825,631,194,0,483,3,479,4,47,14,46,210,105,10,13,0,0,2,0,0,0,0,0,32,0,0,0,0,0,0,58.54545454545455,0.8281573498964804,99.17184265010351,9.812108559498958,2.9227557411273484,9.603340292275574,43.84133611691023,21.920668058455114,2.0876826722338206,2.7139874739039667,0.0,0.0,0.41753653444676403,0.0,0.0,0.0,0.0,0.0,6.6805845511482245,0.0,0.0,0.0,0.0,0.0,0.0
09616,09,616,878,572,306,0,498,4,492,6,48,24,75,212,92,10,3,0,0,2,0,0,0,0,2,24,0,0,0,0,0,0,56.71981776765376,1.2048192771084338,98.79518072289156,9.75609756097561,4.878048780487805,15.24390243902439,43.08943089430895,18.69918699186992,2.0325203252032518,0.6097560975609756,0.0,0.0,0.40650406504065045,0.0,0.0,0.0,0.0,0.40650406504065045,4.878048780487805,0.0,0.0,0.0,0.0,0.0,0.0
09617,09,617,980,596,384,0,468,7,468,0,37,26,75,180,93,15,9,0,0,1,0,1,1,0,0,30,0,0,0,0,0,0,47.755102040816325,0.0,100.0,7.905982905982905,5.555555555555555,16.025641025641026,38.46153846153847,19.871794871794872,3.205128205128205,1.9230769230769231,0.0,0.0,0.2136752136752137,0.0,0.2136752136752137,0.2136752136752137,0.0,0.0,6.41025641025641,0.0,0.0,0.0,0.0,0.0,0.0
09618,09,618,971,630,341,0,540,9,537,3,67,15,61,226,120,8,6,0,0,1,0,0,0,0,1,32,0,0,0,0,0,0,55.61277033985582,0.5555555555555556,99.44444444444444,12.476722532588454,2.793296089385475,11.359404096834265,42.08566108007449,22.3463687150838,1.48975791433892,1.1173184357541899,0.0,0.0,0.186219739292365,0.0,0.0,0.0,0.0,0.186219739292365,5.95903165735568,0.0,0.0,0.0,0.0,0.0,0.0
09619,09,619,942,561,381,0,447,9,444,3,39,27,51,189,101,4,4,0,0,0,0,0,0,0,1,28,0,0,0,0,0,0,47.452229299363054,0.6711409395973155,99.32885906040269,8.783783783783784,6.081081081081082,11.486486486486488,42.567567567567565,22.74774774774775,0.9009009009009009,0.9009009009009009,0.0,0.0,0.0,0.0,0.0,0.0,0.0,0.22522522522522523,6.306306306306306,0.0,0.0,0.0,0.0,0.0,0.0
09620,09,620,1032,657,375,0,532,8,530,2,21,34,61,255,98,8,5,0,0,1,0,0,0,0,2,45,0,0,0,0,0,0,51.55038759689923,0.37593984962406013,99.62406015037594,3.9622641509433962,6.415094339622642,11.50943396226415,48.113207547169814,18.49056603773585,1.509433962264151,0.9433962264150944,0.0,0.0,0.18867924528301888,0.0,0.0,0.0,0.0,0.37735849056603776,8.49056603773585,0.0,0.0,0.0,0.0,0.0,0.0
09621,09,621,905,638,267,0,488,6,485,3,43,24,66,233,63,4,12,0,0,2,0,0,1,0,0,37,0,0,0,0,0,0,53.92265193370166,0.6147540983606558,99.38524590163934,8.8659793814433,4.948453608247423,13.608247422680412,48.04123711340206,12.989690721649486,0.8247422680412372,2.4742268041237114,0.0,0.0,0.4123711340206186,0.0,0.0,0.2061855670103093,0.0,0.0,7.628865979381444,0.0,0.0,0.0,0.0,0.0,0.0
09622,09,622,950,589,361,0,524,12,521,3,31,47,78,239,82,15,3,0,0,3,0,0,0,0,0,23,0,0,0,0,0,0,55.1578947368421,0.5725190839694656,99.42748091603053,5.950095969289827,9.021113243761997,14.971209213051823,45.87332053742802,15.738963531669867,2.8790786948176583,0.5758157389635317,0.0,0.0,0.5758157389635317,0.0,0.0,0.0,0.0,0.0,4.414587332053743,0.0,0.0,0.0,0.0,0.0,0.0
09623,09,623,956,640,316,0,545,5,543,2,46,25,62,259,96,10,7,0,0,4,0,0,0,0,1,33,0,0,0,0,0,0,57.00836820083682,0.3669724770642202,99.63302752293578,8.47145488029466,4.6040515653775325,11.41804788213628,47.697974217311234,17.67955801104972,1.841620626151013,1.289134438305709,0.0,0.0,0.7366482504604052,0.0,0.0,0.0,0.0,0.1841620626151013,6.077348066298343,0.0,0.0,0.0,0.0,0.0,0.0
09624,09,624,969,669,300,0,551,11,548,3,45,23,62,239,130,4,11,0,0,3,0,1,1,0,0,29,0,0,0,0,0,0,56.86274509803921,0.5444646098003629,99.45553539019963,8.211678832116789,4.197080291970803,11.313868613138686,43.613138686131386,23.722627737226276,0.7299270072992701,2.0072992700729926,0.0,0.0,0.5474452554744526,0.0,0.18248175182481752,0.18248175182481752,0.0,0.0,5.291970802919708,0.0,0.0,0.0,0.0,0.0,0.0
09625,09,625,868,546,322,0,481,10,481,0,46,32,41,230,77,11,7,0,0,1,0,0,1,0,2,33,0,0,0,0,0,0,55.414746543778804,0.0,100.0,9.563409563409564,6.652806652806653,8.523908523908524,47.81704781704782,16.008316008316008,2.2869022869022873,1.4553014553014554,0.0,0.0,0.2079002079002079,0.0,0.0,0.2079002079002079,0.0,0.4158004158004158,6.860706860706861,0.0,0.0,0.0,0.0,0.0,0.0
09626,09,626,912,611,301,0,530,9,528,2,40,24,74,229,108,5,6,0,0,3,0,0,0,0,2,37,0,0,0,0,0,0,58.114035087719294,0.37735849056603776,99.62264150943396,7.575757575757576,4.545454545454546,14.015151515151514,43.371212121212125,20.454545454545457,0.946969696969697,1.1363636363636365,0.0,0.0,0.5681818181818182,0.0,0.0,0.0,0.0,0.3787878787878788,7.007575757575757,0.0,0.0,0.0,0.0,0.0,0.0
09627,09,627,966,685,281,0,408,5,406,2,31,27,47,213,51,7,6,0,0,4,0,0,0,0,0,20,0,0,0,0,0,0,42.2360248447205,0.49019607843137253,99.50980392156863,7.635467980295567,6.65024630541872,11.576354679802956,52.463054187192114,12.561576354679804,1.7241379310344827,1.477832512315271,0.0,0.0,0.9852216748768473,0.0,0.0,0.0,0.0,0.0,4.926108374384237,0.0,0.0,0.0,0.0,0.0,0.0
09628,09,628,829,544,285,0,476,6,474,2,37,28,76,202,94,11,3,0,0,3,0,0,0,0,1,19,0,0,0,0,0,0,57.41857659831122,0.42016806722689076,99.57983193277312,7.805907172995781,5.9071729957805905,16.033755274261605,42.616033755274266,19.831223628691983,2.320675105485232,0.6329113924050633,0.0,0.0,0.6329113924050633,0.0,0.0,0.0,0.0,0.21097046413502107,4.008438818565401,0.0,0.0,0.0,0.0,0.0,0.0
09629,09,629,1053,697,356,0,567,13,564,3,39,16,92,212,155,13,4,0,0,2,0,0,0,0,3,28,0,0,0,0,0,0,53.84615384615385,0.5291005291005291,99.47089947089947,6.914893617021277,2.8368794326241136,16.312056737588655,37.5886524822695,27.482269503546096,2.304964539007092,0.7092198581560284,0.0,0.0,0.3546099290780142,0.0,0.0,0.0,0.0,0.5319148936170213,4.964539007092199,0.0,0.0,0.0,0.0,0.0,0.0
09630,09,630,882,561,321,0,476,8,476,0,28,21,87,158,132,11,9,0,0,1,0,0,0,0,1,28,0,0,0,0,0,0,53.96825396825397,0.0,100.0,5.88235294117647,4.411764705882353,18.277310924369747,33.193277310924366,27.73109243697479,2.3109243697478994,1.8907563025210083,0.0,0.0,0.21008403361344538,0.0,0.0,0.0,0.0,0.21008403361344538,5.88235294117647,0.0,0.0,0.0,0.0,0.0,0.0
09631,09,631,808,459,349,0,397,2,397,0,21,15,73,145,110,4,1,0,0,2,0,0,0,0,0,26,0,0,0,0,0,0,49.133663366336634,0.0,100.0,5.289672544080604,3.7783375314861463,18.387909319899247,36.523929471032744,27.70780856423174,1.0075566750629723,0.2518891687657431,0.0,0.0,0.5037783375314862,0.0,0.0,0.0,0.0,0.0,6.54911838790932,0.0,0.0,0.0,0.0,0.0,0.0
09632,09,632,879,564,315,0,482,2,479,3,33,23,77,184,114,8,6,0,0,2,0,0,0,0,1,31,0,0,0,0,0,0,54.83503981797497,0.6224066390041494,99.37759336099586,6.8893528183716075,4.801670146137787,16.075156576200417,38.413361169102295,23.799582463465555,1.6701461377870561,1.2526096033402923,0.0,0.0,0.41753653444676403,0.0,0.0,0.0,0.0,0.20876826722338201,6.471816283924843,0.0,0.0,0.0,0.0,0.0,0.0
09633,09,633,942,620,322,0,517,6,515,2,54,27,99,175,118,7,8,0,0,3,0,0,1,0,1,22,0,0,0,0,0,0,54.88322717622081,0.3868471953578337,99.61315280464217,10.485436893203884,5.242718446601942,19.223300970873787,33.980582524271846,22.9126213592233,1.3592233009708738,1.5533980582524272,0.0,0.0,0.5825242718446602,0.0,0.0,0.1941747572815534,0.0,0.1941747572815534,4.271844660194175,0.0,0.0,0.0,0.0,0.0,0.0
09634,09,634,1368,985,383,0,752,18,749,3,68,27,128,260,183,20,10,0,0,6,0,1,0,0,1,45,0,0,0,0,0,0,54.97076023391813,0.39893617021276595,99.60106382978722,9.078771695594126,3.6048064085447264,17.089452603471294,34.712950600801065,24.432576769025367,2.67022696929239,1.335113484646195,0.0,0.0,0.801068090787717,0.0,0.13351134846461948,0.0,0.0,0.13351134846461948,6.008010680907877,0.0,0.0,0.0,0.0,0.0,0.0
09635,09,635,1437,970,467,0,825,11,822,3,54,34,165,229,227,31,13,0,0,5,0,0,0,0,1,63,0,0,0,0,0,0,57.41127348643006,0.36363636363636365,99.63636363636364,6.569343065693431,4.13625304136253,20.072992700729927,27.85888077858881,27.61557177615572,3.7712895377128954,1.5815085158150852,0.0,0.0,0.6082725060827251,0.0,0.0,0.0,0.0,0.12165450121654502,7.664233576642336,0.0,0.0,0.0,0.0,0.0,0.0
09636,09,636,987,671,316,0,572,9,568,4,42,29,107,133,186,18,5,0,0,10,0,0,0,0,0,38,0,0,0,0,0,0,57.95339412360689,0.6993006993006993,99.3006993006993,7.394366197183098,5.105633802816902,18.838028169014084,23.41549295774648,32.74647887323944,3.169014084507042,0.8802816901408451,0.0,0.0,1.7605633802816902,0.0,0.0,0.0,0.0,0.0,6.690140845070422,0.0,0.0,0.0,0.0,0.0,0.0
096A,09,6A,0,0,0,0,637,637,637,0,68,32,119,291,68,10,12,0,0,2,0,1,0,0,0,34,0,0,0,0,0,0,inf,0.0,100.0,10.675039246467819,5.023547880690738,18.681318681318682,45.6828885400314,10.675039246467819,1.5698587127158554,1.8838304552590266,0.0,0.0,0.3139717425431711,0.0,0.15698587127158556,0.0,0.0,0.0,5.337519623233909,0.0,0.0,0.0,0.0,0.0,0.0
096B,09,6B,0,0,0,0,565,565,562,3,57,22,99,243,75,8,11,0,0,7,0,2,0,0,1,37,0,0,0,0,0,0,inf,0.5309734513274336,99.46902654867257,10.142348754448399,3.9145907473309607,17.615658362989322,43.238434163701065,13.345195729537366,1.4234875444839856,1.9572953736654803,0.0,0.0,1.2455516014234875,0.0,0.3558718861209964,0.0,0.0,0.1779359430604982,6.583629893238434,0.0,0.0,0.0,0.0,0.0,0.0
096C,09,6C,0,0,0,0,530,530,530,0,54,31,91,246,60,10,8,0,0,3,0,0,1,0,6,20,0,0,0,0,0,0,inf,0.0,100.0,10.18867924528302,5.849056603773585,17.169811320754715,46.41509433962264,11.320754716981133,1.8867924528301887,1.509433962264151,0.0,0.0,0.5660377358490566,0.0,0.0,0.18867924528301888,0.0,1.1320754716981132,3.7735849056603774,0.0,0.0,0.0,0.0,0.0,0.0
096D,09,6D,0,0,0,0,418,418,418,0,26,13,52,216,60,4,7,0,0,3,0,0,0,0,1,36,0,0,0,0,0,0,inf,0.0,100.0,6.220095693779904,3.110047846889952,12.440191387559809,51.674641148325364,14.354066985645932,0.9569377990430622,1.674641148325359,0.0,0.0,0.7177033492822966,0.0,0.0,0.0,0.0,0.23923444976076555,8.61244019138756,0.0,0.0,0.0,0.0,0.0,0.0
096E,09,6E,0,0,0,0,430,430,430,0,47,22,67,194,47,1,17,0,0,0,0,0,0,0,0,35,0,0,0,0,0,0,inf,0.0,100.0,10.930232558139535,5.116279069767442,15.58139534883721,45.11627906976744,10.930232558139535,0.23255813953488372,3.953488372093023,0.0,0.0,0.0,0.0,0.0,0.0,0.0,0.0,8.13953488372093,0.0,0.0,0.0,0.0,0.0,0.0
096F,09,6F,0,0,0,0,484,484,483,1,49,40,82,217,57,2,8,0,0,3,0,0,0,0,1,24,0,0,0,0,0,0,inf,0.2066115702479339,99.79338842975206,10.144927536231885,8.281573498964804,16.977225672877847,44.927536231884055,11.801242236024844,0.4140786749482402,1.6563146997929608,0.0,0.0,0.6211180124223602,0.0,0.0,0.0,0.0,0.2070393374741201,4.968944099378882,0.0,0.0,0.0,0.0,0.0,0.0
096G,09,6G,0,0,0,0,608,608,605,3,53,53,87,298,49,15,15,0,0,1,0,0,0,0,0,34,0,0,0,0,0,0,inf,0.4934210526315789,99.50657894736842,8.760330578512397,8.760330578512397,14.380165289256198,49.256198347107436,8.099173553719009,2.479338842975207,2.479338842975207,0.0,0.0,0.1652892561983471,0.0,0.0,0.0,0.0,0.0,5.619834710743802,0.0,0.0,0.0,0.0,0.0,0.0
096H,09,6H,0,0,0,0,624,624,624,0,69,35,103,308,61,3,9,0,0,1,0,0,0,0,3,32,0,0,0,0,0,0,inf,0.0,100.0,11.057692307692307,5.6089743589743595,16.506410256410255,49.358974358974365,9.775641025641026,0.4807692307692308,1.4423076923076923,0.0,0.0,0.16025641025641024,0.0,0.0,0.0,0.0,0.4807692307692308,5.128205128205128,0.0,0.0,0.0,0.0,0.0,0.0
096I,09,6I,0,0,0,0,675,675,673,2,54,34,106,304,83,10,8,0,0,6,0,0,1,0,0,67,0,0,0,0,0,0,inf,0.2962962962962963,99.70370370370371,8.023774145616642,5.052005943536404,15.75037147102526,45.17087667161962,12.332838038632987,1.4858841010401187,1.188707280832095,0.0,0.0,0.8915304606240713,0.0,0.0,0.1485884101040119,0.0,0.0,9.955423476968797,0.0,0.0,0.0,0.0,0.0,0.0
096J,09,6J,0,0,0,0,721,721,720,1,67,53,142,320,72,16,6,0,0,2,0,0,2,0,3,37,0,0,0,0,0,0,inf,0.13869625520110956,99.86130374479889,9.305555555555555,7.361111111111112,19.72222222222222,44.44444444444444,10.0,2.2222222222222223,0.8333333333333334,0.0,0.0,0.2777777777777778,0.0,0.0,0.2777777777777778,0.0,0.4166666666666667,5.138888888888888,0.0,0.0,0.0,0.0,0.0,0.0
096K,09,6K,0,0,0,0,416,416,415,1,45,9,58,211,35,8,12,0,0,3,0,0,0,0,1,33,0,0,0,0,0,0,inf,0.2403846153846154,99.75961538461539,10.843373493975903,2.1686746987951806,13.975903614457833,50.84337349397591,8.433734939759036,1.9277108433734942,2.891566265060241,0.0,0.0,0.7228915662650602,0.0,0.0,0.0,0.0,0.24096385542168677,7.951807228915662,0.0,0.0,0.0,0.0,0.0,0.0
096L,09,6L,0,0,0,0,569,569,567,2,39,41,82,294,50,6,9,0,0,2,0,0,0,0,2,42,0,0,0,0,0,0,inf,0.35149384885764495,99.64850615114236,6.878306878306878,7.231040564373897,14.462081128747794,51.85185185185185,8.818342151675484,1.0582010582010581,1.5873015873015872,0.0,0.0,0.3527336860670194,0.0,0.0,0.0,0.0,0.3527336860670194,7.4074074074074066,0.0,0.0,0.0,0.0,0.0,0.0
096M,09,6M,0,0,0,0,563,563,555,8,55,40,80,273,53,9,5,0,0,2,0,0,0,0,0,38,0,0,0,0,0,0,inf,1.4209591474245116,98.57904085257549,9.90990990990991,7.207207207207207,14.414414414414415,49.18918918918919,9.54954954954955,1.6216216216216217,0.9009009009009009,0.0,0.0,0.36036036036036034,0.0,0.0,0.0,0.0,0.0,6.846846846846846,0.0,0.0,0.0,0.0,0.0,0.0
096N,09,6N,0,0,0,0,519,519,518,1,44,36,106,229,49,11,3,0,0,1,0,1,1,0,0,37,0,0,0,0,0,0,inf,0.1926782273603083,99.8073217726397,8.494208494208493,6.94980694980695,20.463320463320464,44.20849420849421,9.45945945945946,2.1235521235521233,0.5791505791505791,0.0,0.0,0.19305019305019305,0.0,0.19305019305019305,0.19305019305019305,0.0,0.0,7.142857142857142,0.0,0.0,0.0,0.0,0.0,0.0
096P,09,6P,0,0,0,0,655,655,649,6,62,42,139,272,73,8,9,0,0,2,0,0,0,0,0,42,0,0,0,0,0,0,inf,0.9160305343511451,99.08396946564886,9.553158705701078,6.471494607087827,21.417565485362093,41.910631741140215,11.248073959938367,1.2326656394453006,1.386748844375963,0.0,0.0,0.30816640986132515,0.0,0.0,0.0,0.0,0.0,6.471494607087827,0.0,0.0,0.0,0.0,0.0,0.0
096Q,09,6Q,0,0,0,0,602,602,600,2,49,37,124,254,80,7,4,0,0,5,0,0,0,0,0,40,0,0,0,0,0,0,inf,0.33222591362126247,99.66777408637874,8.166666666666666,6.166666666666667,20.666666666666668,42.333333333333336,13.333333333333334,1.1666666666666667,0.6666666666666667,0.0,0.0,0.8333333333333334,0.0,0.0,0.0,0.0,0.0,6.666666666666667,0.0,0.0,0.0,0.0,0.0,0.0
096R,09,6R,0,0,0,0,724,724,722,2,56,36,143,274,118,29,13,0,0,3,0,0,1,0,4,45,0,0,0,0,0,0,inf,0.2762430939226519,99.72375690607734,7.756232686980609,4.986149584487535,19.806094182825483,37.95013850415512,16.343490304709142,4.016620498614958,1.8005540166204987,0.0,0.0,0.41551246537396125,0.0,0.0,0.13850415512465375,0.0,0.554016620498615,6.232686980609419,0.0,0.0,0.0,0.0,0.0,0.0
096S,09,6S,0,0,0,0,639,639,638,1,61,44,132,269,72,11,6,0,0,1,0,2,0,0,0,40,0,0,0,0,0,0,inf,0.1564945226917058,99.8435054773083,9.561128526645767,6.896551724137931,20.689655172413794,42.16300940438871,11.285266457680251,1.7241379310344827,0.9404388714733543,0.0,0.0,0.1567398119122257,0.0,0.3134796238244514,0.0,0.0,0.0,6.269592476489027,0.0,0.0,0.0,0.0,0.0,0.0
10101,10,101,1328,1142,186,0,714,7,704,10,43,15,100,115,342,11,0,0,0,11,0,3,0,0,3,61,0,0,0,0,0,0,53.765060240963855,1.400560224089636,98.59943977591037,6.107954545454546,2.130681818181818,14.204545454545455,16.335227272727273,48.57954545454545,1.5625,0.0,0.0,0.0,1.5625,0.0,0.4261363636363636,0.0,0.0,0.4261363636363636,8.664772727272728,0.0,0.0,0.0,0.0,0.0,0.0
10102,10,102,1318,1046,272,0,714,8,705,9,66,16,135,128,275,10,0,0,0,7,0,2,0,0,2,64,0,0,0,0,0,0,54.17298937784521,1.2605042016806722,98.73949579831933,9.361702127659575,2.269503546099291,19.148936170212767,18.156028368794328,39.00709219858156,1.4184397163120568,0.0,0.0,0.0,0.9929078014184398,0.0,0.28368794326241137,0.0,0.0,0.28368794326241137,9.078014184397164,0.0,0.0,0.0,0.0,0.0,0.0
10103,10,103,1135,899,236,0,540,8,528,12,39,18,83,86,239,3,0,0,0,12,0,2,0,0,0,46,0,0,0,0,0,0,47.57709251101321,2.2222222222222223,97.77777777777777,7.386363636363637,3.4090909090909087,15.719696969696969,16.28787878787879,45.265151515151516,0.5681818181818182,0.0,0.0,0.0,2.272727272727273,0.0,0.3787878787878788,0.0,0.0,0.0,8.712121212121213,0.0,0.0,0.0,0.0,0.0,0.0
10104,10,104,1302,1074,228,0,714,4,704,10,53,18,92,112,349,11,0,0,0,6,0,2,0,0,2,59,0,0,0,0,0,0,54.83870967741935,1.400560224089636,98.59943977591037,7.528409090909091,2.556818181818182,13.068181818181818,15.909090909090908,49.57386363636363,1.5625,0.0,0.0,0.0,0.8522727272727272,0.0,0.2840909090909091,0.0,0.0,0.2840909090909091,8.380681818181818,0.0,0.0,0.0,0.0,0.0,0.0
10105,10,105,1184,1005,179,0,655,0,649,6,42,19,103,109,301,12,0,0,0,9,0,0,0,0,6,48,0,0,0,0,0,0,55.320945945945944,0.9160305343511451,99.08396946564886,6.471494607087827,2.9275808936825887,15.870570107858242,16.79506933744222,46.379044684129425,1.848998459167951,0.0,0.0,0.0,1.386748844375963,0.0,0.0,0.0,0.0,0.9244992295839755,7.395993836671804,0.0,0.0,0.0,0.0,0.0,0.0
10106,10,106,1217,1037,180,0,627,1,612,15,42,14,92,97,288,8,0,0,0,19,0,1,0,0,3,48,0,0,0,0,0,0,51.52013147082991,2.3923444976076556,97.60765550239235,6.862745098039216,2.287581699346405,15.032679738562091,15.849673202614378,47.05882352941176,1.3071895424836601,0.0,0.0,0.0,3.104575163398693,0.0,0.16339869281045752,0.0,0.0,0.49019607843137253,7.8431372549019605,0.0,0.0,0.0,0.0,0.0,0.0
10107,10,107,1274,932,342,0,608,1,592,16,45,12,83,101,287,2,0,0,0,8,0,2,0,0,3,49,0,0,0,0,0,0,47.72370486656201,2.631578947368421,97.36842105263158,7.601351351351352,2.027027027027027,14.020270270270272,17.06081081081081,48.47972972972973,0.33783783783783783,0.0,0.0,0.0,1.3513513513513513,0.0,0.33783783783783783,0.0,0.0,0.5067567567567568,8.277027027027026,0.0,0.0,0.0,0.0,0.0,0.0
10108,10,108,1297,1089,208,0,633,1,620,13,35,12,82,107,321,8,0,0,0,6,0,1,0,0,5,43,0,0,0,0,0,0,48.80493446414803,2.0537124802527646,97.94628751974723,5.64516129032258,1.935483870967742,13.225806451612904,17.258064516129032,51.774193548387096,1.2903225806451613,0.0,0.0,0.0,0.967741935483871,0.0,0.16129032258064516,0.0,0.0,0.8064516129032258,6.935483870967742,0.0,0.0,0.0,0.0,0.0,0.0
10109,10,109,1351,999,352,0,623,4,609,14,52,17,88,130,251,3,0,0,0,9,0,2,0,0,4,53,0,0,0,0,0,0,46.1139896373057,2.247191011235955,97.75280898876404,8.538587848932677,2.7914614121510675,14.449917898193759,21.34646962233169,41.21510673234811,0.49261083743842365,0.0,0.0,0.0,1.477832512315271,0.0,0.3284072249589491,0.0,0.0,0.6568144499178982,8.70279146141215,0.0,0.0,0.0,0.0,0.0,0.0
10110,10,110,1374,1052,322,0,608,2,603,5,56,15,84,131,248,7,0,0,0,13,0,2,0,0,5,42,0,0,0,0,0,0,44.25036390101892,0.8223684210526315,99.17763157894737,9.286898839137644,2.4875621890547266,13.930348258706468,21.724709784411278,41.127694859038144,1.1608623548922055,0.0,0.0,0.0,2.155887230514096,0.0,0.33167495854063017,0.0,0.0,0.8291873963515755,6.965174129353234,0.0,0.0,0.0,0.0,0.0,0.0
10111,10,111,1132,885,247,0,548,2,543,5,32,15,71,101,243,8,0,0,0,13,0,1,0,0,2,57,0,0,0,0,0,0,48.409893992932865,0.9124087591240875,99.08759124087592,5.893186003683241,2.7624309392265194,13.075506445672191,18.60036832412523,44.751381215469614,1.4732965009208103,0.0,0.0,0.0,2.394106813996317,0.0,0.1841620626151013,0.0,0.0,0.3683241252302026,10.497237569060774,0.0,0.0,0.0,0.0,0.0,0.0
10112,10,112,1044,846,198,0,523,3,520,3,43,11,58,70,277,3,0,0,0,10,0,2,0,0,3,43,0,0,0,0,0,0,50.09578544061303,0.5736137667304015,99.4263862332696,8.269230769230768,2.1153846153846154,11.153846153846155,13.461538461538462,53.26923076923077,0.576923076923077,0.0,0.0,0.0,1.9230769230769231,0.0,0.38461538461538464,0.0,0.0,0.576923076923077,8.269230769230768,0.0,0.0,0.0,0.0,0.0,0.0
10113,10,113,1146,951,195,0,594,3,582,12,44,13,76,102,288,5,0,0,0,2,0,0,0,0,2,50,0,0,0,0,0,0,51.832460732984295,2.0202020202020203,97.97979797979798,7.560137457044673,2.2336769759450172,13.058419243986256,17.525773195876287,49.48453608247423,0.859106529209622,0.0,0.0,0.0,0.3436426116838488,0.0,0.0,0.0,0.0,0.3436426116838488,8.59106529209622,0.0,0.0,0.0,0.0,0.0,0.0
10114,10,114,831,646,185,0,409,2,407,2,34,21,55,104,155,5,0,0,0,3,0,1,0,0,2,27,0,0,0,0,0,0,49.21780986762936,0.4889975550122249,99.51100244498777,8.353808353808354,5.159705159705159,13.513513513513514,25.552825552825553,38.08353808353808,1.2285012285012284,0.0,0.0,0.0,0.7371007371007371,0.0,0.2457002457002457,0.0,0.0,0.4914004914004914,6.6339066339066335,0.0,0.0,0.0,0.0,0.0,0.0
10115,10,115,980,804,176,0,418,0,413,5,40,3,40,80,208,9,0,0,0,7,0,1,0,0,0,25,0,0,0,0,0,0,42.6530612244898,1.1961722488038278,98.80382775119617,9.685230024213075,0.7263922518159807,9.685230024213075,19.37046004842615,50.363196125908,2.1791767554479415,0.0,0.0,0.0,1.694915254237288,0.0,0.24213075060532688,0.0,0.0,0.0,6.053268765133172,0.0,0.0,0.0,0.0,0.0,0.0
10116,10,116,1155,897,258,0,575,4,567,8,45,10,100,93,246,8,0,0,0,8,0,2,0,0,4,51,0,0,0,0,0,0,49.78354978354979,1.391304347826087,98.60869565217392,7.936507936507936,1.763668430335097,17.636684303350968,16.402116402116402,43.386243386243386,1.4109347442680775,0.0,0.0,0.0,1.4109347442680775,0.0,0.3527336860670194,0.0,0.0,0.7054673721340388,8.994708994708994,0.0,0.0,0.0,0.0,0.0,0.0
10117,10,117,1048,907,141,0,580,0,569,11,32,5,88,73,315,4,0,0,0,4,0,1,0,0,4,43,0,0,0,0,0,0,55.343511450381676,1.896551724137931,98.10344827586206,5.623901581722319,0.8787346221441126,15.465729349736378,12.82952548330404,55.36028119507909,0.7029876977152899,0.0,0.0,0.0,0.7029876977152899,0.0,0.17574692442882248,0.0,0.0,0.7029876977152899,7.5571177504393665,0.0,0.0,0.0,0.0,0.0,0.0
10118,10,118,1267,933,334,0,576,2,569,7,46,22,120,98,243,4,0,0,0,7,0,1,0,0,0,28,0,0,0,0,0,0,45.461720599842145,1.215277777777778,98.78472222222221,8.084358523725834,3.8664323374340945,21.0896309314587,17.223198594024606,42.70650263620387,0.7029876977152899,0.0,0.0,0.0,1.2302284710017575,0.0,0.17574692442882248,0.0,0.0,0.0,4.92091388400703,0.0,0.0,0.0,0.0,0.0,0.0
10119,10,119,1244,967,277,0,732,1,728,4,45,20,166,116,292,2,0,0,0,9,0,1,0,0,5,72,0,0,0,0,0,0,58.842443729903536,0.546448087431694,99.4535519125683,6.181318681318682,2.7472527472527473,22.802197802197803,15.934065934065933,40.10989010989011,0.27472527472527475,0.0,0.0,0.0,1.2362637362637363,0.0,0.13736263736263737,0.0,0.0,0.6868131868131868,9.89010989010989,0.0,0.0,0.0,0.0,0.0,0.0
10120,10,120,1248,931,317,0,643,1,637,6,37,11,147,87,274,4,0,0,0,11,0,1,0,0,0,65,0,0,0,0,0,0,51.52243589743589,0.9331259720062209,99.06687402799378,5.808477237048666,1.726844583987441,23.076923076923077,13.657770800627944,43.01412872841444,0.6279434850863422,0.0,0.0,0.0,1.726844583987441,0.0,0.15698587127158556,0.0,0.0,0.0,10.204081632653061,0.0,0.0,0.0,0.0,0.0,0.0
10121,10,121,1121,888,233,0,514,6,509,5,40,17,69,82,243,5,0,0,0,5,0,5,0,0,3,40,0,0,0,0,0,0,45.85191793041927,0.9727626459143969,99.0272373540856,7.858546168958743,3.3398821218074657,13.555992141453832,16.110019646365423,47.74066797642436,0.9823182711198428,0.0,0.0,0.0,0.9823182711198428,0.0,0.9823182711198428,0.0,0.0,0.5893909626719057,7.858546168958743,0.0,0.0,0.0,0.0,0.0,0.0
10122,10,122,1265,901,364,0,610,5,602,8,49,15,105,106,267,5,0,0,0,7,0,2,0,0,2,44,0,0,0,0,0,0,48.22134387351779,1.3114754098360655,98.68852459016394,8.13953488372093,2.4916943521594686,17.441860465116278,17.60797342192691,44.35215946843854,0.8305647840531563,0.0,0.0,0.0,1.1627906976744187,0.0,0.33222591362126247,0.0,0.0,0.33222591362126247,7.308970099667775,0.0,0.0,0.0,0.0,0.0,0.0
10123,10,123,1225,914,311,0,631,1,625,6,47,17,114,108,261,6,0,0,0,8,0,4,0,0,4,56,0,0,0,0,0,0,51.51020408163265,0.9508716323296356,99.04912836767036,7.5200000000000005,2.7199999999999998,18.240000000000002,17.28,41.760000000000005,0.96,0.0,0.0,0.0,1.28,0.0,0.64,0.0,0.0,0.64,8.959999999999999,0.0,0.0,0.0,0.0,0.0,0.0
10124,10,124,1195,928,267,0,618,7,612,6,37,13,116,114,265,2,0,0,0,11,0,2,0,0,3,49,0,0,0,0,0,0,51.71548117154812,0.9708737864077669,99.02912621359224,6.045751633986928,2.1241830065359477,18.954248366013072,18.627450980392158,43.30065359477124,0.32679738562091504,0.0,0.0,0.0,1.7973856209150325,0.0,0.32679738562091504,0.0,0.0,0.49019607843137253,8.006535947712418,0.0,0.0,0.0,0.0,0.0,0.0
10125,10,125,1149,941,208,0,569,5,556,13,40,13,64,100,278,4,0,0,0,7,0,2,0,0,7,41,0,0,0,0,0,0,49.521322889469104,2.2847100175746924,97.71528998242532,7.194244604316546,2.338129496402878,11.510791366906476,17.985611510791365,50.0,0.7194244604316548,0.0,0.0,0.0,1.2589928057553956,0.0,0.3597122302158274,0.0,0.0,1.2589928057553956,7.374100719424461,0.0,0.0,0.0,0.0,0.0,0.0
10126,10,126,1178,906,272,0,494,0,486,8,45,10,68,63,238,7,0,0,0,12,0,1,0,0,4,38,0,0,0,0,0,0,41.935483870967744,1.6194331983805668,98.38056680161942,9.25925925925926,2.05761316872428,13.991769547325102,12.962962962962962,48.971193415637856,1.440329218106996,0.0,0.0,0.0,2.4691358024691357,0.0,0.205761316872428,0.0,0.0,0.823045267489712,7.818930041152264,0.0,0.0,0.0,0.0,0.0,0.0
101A,10,1A,0,0,0,0,410,410,405,5,46,17,89,63,117,4,0,0,0,17,0,2,0,0,1,49,0,0,0,0,0,0,inf,1.2195121951219512,98.78048780487805,11.358024691358025,4.197530864197531,21.975308641975307,15.555555555555555,28.888888888888886,0.9876543209876543,0.0,0.0,0.0,4.197530864197531,0.0,0.49382716049382713,0.0,0.0,0.24691358024691357,12.098765432098766,0.0,0.0,0.0,0.0,0.0,0.0
101B,10,1B,0,0,0,0,420,420,419,1,47,25,109,97,87,11,0,0,0,5,0,2,0,0,3,33,0,0,0,0,0,0,inf,0.2380952380952381,99.76190476190476,11.217183770883054,5.966587112171838,26.014319809069214,23.15035799522673,20.763723150357997,2.6252983293556085,0.0,0.0,0.0,1.1933174224343674,0.0,0.47732696897374705,0.0,0.0,0.7159904534606205,7.875894988066825,0.0,0.0,0.0,0.0,0.0,0.0
101C,10,1C,0,0,0,0,326,326,323,3,30,12,69,57,98,1,0,0,0,14,0,3,0,0,0,39,0,0,0,0,0,0,inf,0.9202453987730062,99.079754601227,9.287925696594428,3.7151702786377707,21.36222910216718,17.647058823529413,30.340557275541798,0.30959752321981426,0.0,0.0,0.0,4.3343653250774,0.0,0.9287925696594427,0.0,0.0,0.0,12.074303405572756,0.0,0.0,0.0,0.0,0.0,0.0
101D,10,1D,0,0,0,0,514,514,508,6,76,14,112,99,112,7,0,0,0,14,0,0,0,0,4,70,0,0,0,0,0,0,inf,1.1673151750972763,98.83268482490273,14.960629921259844,2.7559055118110236,22.04724409448819,19.488188976377952,22.04724409448819,1.3779527559055118,0.0,0.0,0.0,2.7559055118110236,0.0,0.0,0.0,0.0,0.7874015748031495,13.779527559055119,0.0,0.0,0.0,0.0,0.0,0.0
101E,10,1E,0,0,0,0,620,620,615,5,64,22,133,152,139,8,0,0,0,11,0,4,0,0,4,78,0,0,0,0,0,0,inf,0.8064516129032258,99.19354838709677,10.40650406504065,3.577235772357724,21.6260162601626,24.715447154471544,22.601626016260163,1.3008130081300813,0.0,0.0,0.0,1.788617886178862,0.0,0.6504065040650406,0.0,0.0,0.6504065040650406,12.682926829268293,0.0,0.0,0.0,0.0,0.0,0.0
101F,10,1F,0,0,0,0,574,574,570,4,51,24,98,129,182,5,0,0,0,17,0,3,0,0,3,58,0,0,0,0,0,0,inf,0.6968641114982579,99.30313588850174,8.947368421052632,4.2105263157894735,17.192982456140353,22.63157894736842,31.929824561403507,0.8771929824561403,0.0,0.0,0.0,2.982456140350877,0.0,0.5263157894736842,0.0,0.0,0.5263157894736842,10.175438596491228,0.0,0.0,0.0,0.0,0.0,0.0
101G,10,1G,0,0,0,0,555,555,549,6,72,33,130,132,108,5,0,0,0,12,0,3,0,0,1,53,0,0,0,0,0,0,inf,1.0810810810810811,98.91891891891892,13.114754098360656,6.0109289617486334,23.67941712204007,24.043715846994534,19.672131147540984,0.9107468123861567,0.0,0.0,0.0,2.185792349726776,0.0,0.546448087431694,0.0,0.0,0.18214936247723132,9.65391621129326,0.0,0.0,0.0,0.0,0.0,0.0
101H,10,1H,0,0,0,0,425,425,420,5,50,16,112,60,122,4,0,0,0,7,0,1,0,0,1,47,0,0,0,0,0,0,inf,1.1764705882352942,98.82352941176471,11.904761904761903,3.8095238095238098,26.666666666666668,14.285714285714285,29.04761904761905,0.9523809523809524,0.0,0.0,0.0,1.6666666666666667,0.0,0.2380952380952381,0.0,0.0,0.2380952380952381,11.190476190476192,0.0,0.0,0.0,0.0,0.0,0.0
101J,10,1J,0,0,0,0,561,561,560,1,54,18,201,94,118,15,0,0,0,3,0,0,0,0,2,55,0,0,0,0,0,0,inf,0.17825311942959002,99.8217468805704,9.642857142857144,3.214285714285714,35.892857142857146,16.785714285714285,21.071428571428573,2.6785714285714284,0.0,0.0,0.0,0.5357142857142857,0.0,0.0,0.0,0.0,0.35714285714285715,9.821428571428571,0.0,0.0,0.0,0.0,0.0,0.0
101K,10,1K,0,0,0,0,544,544,536,8,62,25,134,101,137,8,0,0,0,10,0,0,0,0,2,57,0,0,0,0,0,0,inf,1.4705882352941175,98.52941176470588,11.567164179104477,4.664179104477612,25.0,18.84328358208955,25.55970149253731,1.4925373134328357,0.0,0.0,0.0,1.8656716417910446,0.0,0.0,0.0,0.0,0.3731343283582089,10.634328358208956,0.0,0.0,0.0,0.0,0.0,0.0
101L,10,1L,0,0,0,0,537,537,535,2,51,26,130,113,140,7,0,0,0,7,0,3,0,0,0,58,0,0,0,0,0,0,inf,0.37243947858473,99.62756052141528,9.532710280373832,4.859813084112149,24.299065420560748,21.121495327102803,26.168224299065418,1.3084112149532712,0.0,0.0,0.0,1.3084112149532712,0.0,0.5607476635514018,0.0,0.0,0.0,10.841121495327103,0.0,0.0,0.0,0.0,0.0,0.0
101M,10,1M,0,0,0,0,451,451,446,5,46,19,106,91,121,9,0,0,0,3,0,0,0,0,0,51,0,0,0,0,0,0,inf,1.1086474501108647,98.89135254988913,10.31390134529148,4.260089686098654,23.766816143497756,20.40358744394619,27.130044843049326,2.0179372197309418,0.0,0.0,0.0,0.672645739910314,0.0,0.0,0.0,0.0,0.0,11.434977578475337,0.0,0.0,0.0,0.0,0.0,0.0
10201,10,201,1499,1080,419,0,721,5,709,12,49,20,144,130,288,9,0,0,0,16,0,2,0,0,3,48,0,0,0,0,0,0,48.09873248832555,1.6643550624133148,98.3356449375867,6.911142454160791,2.8208744710860367,20.310296191819464,18.335684062059237,40.62059238363893,1.2693935119887165,0.0,0.0,0.0,2.2566995768688294,0.0,0.2820874471086037,0.0,0.0,0.4231311706629055,6.770098730606488,0.0,0.0,0.0,0.0,0.0,0.0
10202,10,202,1687,1331,356,0,868,6,849,19,67,23,122,206,325,14,0,0,0,15,0,3,0,0,4,70,0,0,0,0,0,0,51.45228215767634,2.1889400921658986,97.81105990783409,7.891637220259129,2.7090694935217905,14.3698468786808,24.263839811542994,38.28032979976443,1.6489988221436984,0.0,0.0,0.0,1.76678445229682,0.0,0.35335689045936397,0.0,0.0,0.47114252061248524,8.244994110718492,0.0,0.0,0.0,0.0,0.0,0.0
10203,10,203,1129,854,275,0,531,1,526,5,42,15,145,91,161,8,0,0,0,5,0,1,0,0,3,55,0,0,0,0,0,0,47.03277236492471,0.9416195856873822,99.05838041431262,7.984790874524715,2.8517110266159698,27.566539923954377,17.300380228136884,30.60836501901141,1.520912547528517,0.0,0.0,0.0,0.9505703422053232,0.0,0.19011406844106463,0.0,0.0,0.5703422053231939,10.456273764258556,0.0,0.0,0.0,0.0,0.0,0.0
10204,10,204,1136,763,373,0,483,5,477,6,43,12,90,70,189,4,0,0,0,10,0,2,0,0,2,55,0,0,0,0,0,0,42.517605633802816,1.2422360248447204,98.75776397515527,9.014675052410901,2.515723270440252,18.867924528301888,14.675052410901468,39.62264150943396,0.8385744234800839,0.0,0.0,0.0,2.0964360587002098,0.0,0.41928721174004197,0.0,0.0,0.41928721174004197,11.530398322851152,0.0,0.0,0.0,0.0,0.0,0.0
10205,10,205,1063,825,238,0,488,9,480,8,58,24,79,90,167,10,0,0,0,5,0,2,0,0,4,41,0,0,0,0,0,0,45.90780809031044,1.639344262295082,98.36065573770492,12.083333333333334,5.0,16.458333333333332,18.75,34.791666666666664,2.083333333333333,0.0,0.0,0.0,1.0416666666666665,0.0,0.4166666666666667,0.0,0.0,0.8333333333333334,8.541666666666666,0.0,0.0,0.0,0.0,0.0,0.0
10206,10,206,1152,878,274,0,571,4,559,12,73,17,125,107,176,7,0,0,0,5,0,2,0,0,3,44,0,0,0,0,0,0,49.56597222222222,2.1015761821366024,97.8984238178634,13.059033989266547,3.041144901610018,22.361359570661897,19.141323792486585,31.48479427549195,1.2522361359570662,0.0,0.0,0.0,0.8944543828264758,0.0,0.35778175313059035,0.0,0.0,0.5366726296958855,7.8711985688729875,0.0,0.0,0.0,0.0,0.0,0.0
10207,10,207,1219,859,360,0,558,4,551,7,42,15,107,95,228,3,0,0,0,8,0,2,0,0,4,47,0,0,0,0,0,0,45.7752255947498,1.2544802867383513,98.74551971326166,7.6225045372050815,2.722323049001815,19.419237749546276,17.24137931034483,41.37931034482759,0.5444646098003629,0.0,0.0,0.0,1.4519056261343013,0.0,0.3629764065335753,0.0,0.0,0.7259528130671506,8.52994555353902,0.0,0.0,0.0,0.0,0.0,0.0
10208,10,208,1334,976,358,0,722,3,716,6,61,22,184,100,263,12,0,0,0,4,0,0,0,0,3,67,0,0,0,0,0,0,54.12293853073463,0.8310249307479225,99.16897506925207,8.519553072625698,3.072625698324022,25.69832402234637,13.966480446927374,36.73184357541899,1.675977653631285,0.0,0.0,0.0,0.5586592178770949,0.0,0.0,0.0,0.0,0.41899441340782123,9.35754189944134,0.0,0.0,0.0,0.0,0.0,0.0
10209,10,209,1307,977,330,0,659,3,650,9,50,17,102,106,289,13,0,0,0,7,0,2,0,0,3,61,0,0,0,0,0,0,50.42081101759756,1.3657056145675266,98.63429438543247,7.6923076923076925,2.6153846153846154,15.692307692307692,16.307692307692307,44.46153846153847,2.0,0.0,0.0,0.0,1.0769230769230769,0.0,0.3076923076923077,0.0,0.0,0.46153846153846156,9.384615384615385,0.0,0.0,0.0,0.0,0.0,0.0
10210,10,210,1330,978,352,0,716,10,706,10,47,20,161,122,279,5,0,0,0,6,0,0,0,0,3,63,0,0,0,0,0,0,53.83458646616541,1.3966480446927374,98.60335195530726,6.6572237960339935,2.8328611898017,22.804532577903682,17.280453257790366,39.51841359773371,0.708215297450425,0.0,0.0,0.0,0.84985835694051,0.0,0.0,0.0,0.0,0.424929178470255,8.923512747875353,0.0,0.0,0.0,0.0,0.0,0.0
10211,10,211,1349,938,411,0,734,10,726,8,72,18,181,119,254,6,0,0,0,7,0,0,0,0,2,67,0,0,0,0,0,0,54.41067457375834,1.08991825613079,98.9100817438692,9.917355371900827,2.479338842975207,24.931129476584022,16.391184573002754,34.9862258953168,0.8264462809917356,0.0,0.0,0.0,0.9641873278236914,0.0,0.0,0.0,0.0,0.27548209366391185,9.228650137741047,0.0,0.0,0.0,0.0,0.0,0.0
10212,10,212,1262,1042,220,0,548,2,548,0,71,18,111,103,206,2,0,0,0,5,0,2,0,0,3,27,0,0,0,0,0,0,43.42313787638668,0.0,100.0,12.956204379562045,3.2846715328467155,20.255474452554743,18.795620437956202,37.591240875912405,0.36496350364963503,0.0,0.0,0.0,0.9124087591240875,0.0,0.36496350364963503,0.0,0.0,0.5474452554744526,4.927007299270073,0.0,0.0,0.0,0.0,0.0,0.0
10213,10,213,1309,1003,306,0,616,6,606,10,44,10,88,144,258,7,0,0,0,5,0,0,0,0,1,49,0,0,0,0,0,0,47.05882352941176,1.6233766233766231,98.37662337662337,7.2607260726072615,1.65016501650165,14.521452145214523,23.762376237623762,42.57425742574257,1.155115511551155,0.0,0.0,0.0,0.825082508250825,0.0,0.0,0.0,0.0,0.16501650165016502,8.085808580858085,0.0,0.0,0.0,0.0,0.0,0.0
10214,10,214,1317,1092,225,0,739,3,731,8,72,5,128,136,307,12,0,0,0,9,0,5,0,0,2,55,0,0,0,0,0,0,56.11237661351557,1.0825439783491204,98.91745602165088,9.849521203830369,0.6839945280437756,17.510259917920656,18.6046511627907,41.99726402188782,1.6415868673050615,0.0,0.0,0.0,1.231190150478796,0.0,0.6839945280437756,0.0,0.0,0.27359781121751026,7.523939808481532,0.0,0.0,0.0,0.0,0.0,0.0
10215,10,215,1268,993,275,0,607,4,592,15,52,15,84,110,251,8,0,0,0,6,0,1,0,0,5,60,0,0,0,0,0,0,47.87066246056783,2.471169686985173,97.52883031301482,8.783783783783784,2.5337837837837838,14.18918918918919,18.58108108108108,42.39864864864865,1.3513513513513513,0.0,0.0,0.0,1.0135135135135136,0.0,0.16891891891891891,0.0,0.0,0.8445945945945946,10.135135135135135,0.0,0.0,0.0,0.0,0.0,0.0
10216,10,216,1046,847,199,0,544,5,543,1,59,18,105,113,186,2,0,0,0,8,0,2,0,0,2,48,0,0,0,0,0,0,52.00764818355641,0.1838235294117647,99.81617647058823,10.865561694290976,3.314917127071823,19.337016574585636,20.810313075506446,34.25414364640884,0.3683241252302026,0.0,0.0,0.0,1.4732965009208103,0.0,0.3683241252302026,0.0,0.0,0.3683241252302026,8.83977900552486,0.0,0.0,0.0,0.0,0.0,0.0
10217,10,217,1210,826,384,0,604,3,600,4,41,21,171,100,184,7,0,0,0,8,0,2,0,0,2,64,0,0,0,0,0,0,49.917355371900825,0.6622516556291391,99.33774834437085,6.833333333333333,3.5000000000000004,28.499999999999996,16.666666666666664,30.666666666666664,1.1666666666666667,0.0,0.0,0.0,1.3333333333333335,0.0,0.33333333333333337,0.0,0.0,0.33333333333333337,10.666666666666668,0.0,0.0,0.0,0.0,0.0,0.0
10218,10,218,1133,817,316,0,616,6,613,3,67,22,148,112,178,7,0,0,0,8,0,7,0,0,1,63,0,0,0,0,0,0,54.36893203883495,0.487012987012987,99.51298701298701,10.929853181076671,3.588907014681892,24.143556280587276,18.270799347471453,29.03752039151713,1.1419249592169658,0.0,0.0,0.0,1.3050570962479608,0.0,1.1419249592169658,0.0,0.0,0.1631321370309951,10.277324632952691,0.0,0.0,0.0,0.0,0.0,0.0
10219,10,219,1129,741,388,0,573,4,566,7,45,18,156,89,174,11,0,0,0,5,0,0,0,0,5,63,0,0,0,0,0,0,50.752878653675815,1.2216404886561953,98.77835951134381,7.950530035335689,3.180212014134275,27.56183745583039,15.724381625441698,30.742049469964666,1.9434628975265018,0.0,0.0,0.0,0.88339222614841,0.0,0.0,0.0,0.0,0.88339222614841,11.130742049469964,0.0,0.0,0.0,0.0,0.0,0.0
10220,10,220,1142,860,282,0,559,3,557,2,56,26,108,134,177,2,0,0,0,7,0,2,0,0,5,40,0,0,0,0,0,0,48.9492119089317,0.35778175313059035,99.6422182468694,10.053859964093357,4.66786355475763,19.389587073608617,24.057450628366247,31.77737881508079,0.3590664272890485,0.0,0.0,0.0,1.2567324955116697,0.0,0.3590664272890485,0.0,0.0,0.8976660682226212,7.1813285457809695,0.0,0.0,0.0,0.0,0.0,0.0
10221,10,221,1131,779,352,0,593,4,587,6,56,23,142,103,184,4,0,0,0,4,0,0,0,0,1,70,0,0,0,0,0,0,52.43147656940761,1.0118043844856661,98.98819561551433,9.540034071550256,3.9182282793867125,24.190800681431003,17.54684838160136,31.3458262350937,0.6814310051107325,0.0,0.0,0.0,0.6814310051107325,0.0,0.0,0.0,0.0,0.17035775127768313,11.925042589437819,0.0,0.0,0.0,0.0,0.0,0.0
10222,10,222,1118,730,388,0,519,2,514,5,47,12,124,101,172,6,0,0,0,3,0,0,0,0,0,49,0,0,0,0,0,0,46.422182468694096,0.9633911368015413,99.03660886319847,9.14396887159533,2.3346303501945527,24.124513618677042,19.64980544747082,33.46303501945525,1.1673151750972763,0.0,0.0,0.0,0.5836575875486382,0.0,0.0,0.0,0.0,0.0,9.53307392996109,0.0,0.0,0.0,0.0,0.0,0.0
10223,10,223,1129,907,222,0,576,2,569,7,60,21,83,137,208,11,0,0,0,3,0,1,0,0,2,43,0,0,0,0,0,0,51.01860053144376,1.215277777777778,98.78472222222221,10.54481546572935,3.690685413005272,14.586994727592268,24.077328646748683,36.55536028119508,1.9332161687170473,0.0,0.0,0.0,0.5272407732864675,0.0,0.17574692442882248,0.0,0.0,0.35149384885764495,7.5571177504393665,0.0,0.0,0.0,0.0,0.0,0.0
10224,10,224,1067,810,257,0,543,0,539,4,39,13,103,102,222,4,0,0,0,3,0,1,0,0,2,50,0,0,0,0,0,0,50.89034676663543,0.7366482504604052,99.2633517495396,7.235621521335807,2.411873840445269,19.109461966604822,18.923933209647494,41.1873840445269,0.7421150278293136,0.0,0.0,0.0,0.5565862708719851,0.0,0.1855287569573284,0.0,0.0,0.3710575139146568,9.276437847866418,0.0,0.0,0.0,0.0,0.0,0.0
10225,10,225,1173,825,348,0,582,2,572,10,65,14,115,117,204,4,0,0,0,6,0,1,0,0,2,44,0,0,0,0,0,0,49.61636828644501,1.718213058419244,98.28178694158075,11.363636363636363,2.4475524475524475,20.104895104895103,20.454545454545457,35.66433566433567,0.6993006993006993,0.0,0.0,0.0,1.048951048951049,0.0,0.17482517482517482,0.0,0.0,0.34965034965034963,7.6923076923076925,0.0,0.0,0.0,0.0,0.0,0.0
10226,10,226,1149,851,298,0,568,3,560,8,51,12,74,120,237,10,0,0,0,5,0,2,0,0,1,48,0,0,0,0,0,0,49.434290687554395,1.4084507042253522,98.59154929577466,9.107142857142856,2.142857142857143,13.214285714285715,21.428571428571427,42.32142857142857,1.7857142857142856,0.0,0.0,0.0,0.8928571428571428,0.0,0.35714285714285715,0.0,0.0,0.17857142857142858,8.571428571428571,0.0,0.0,0.0,0.0,0.0,0.0
10227,10,227,1264,842,422,0,502,1,497,5,46,15,111,93,181,7,0,0,0,1,0,0,0,0,3,40,0,0,0,0,0,0,39.71518987341772,0.9960159362549801,99.00398406374502,9.25553319919517,3.0181086519114686,22.334004024144868,18.712273641851105,36.41851106639839,1.4084507042253522,0.0,0.0,0.0,0.2012072434607646,0.0,0.0,0.0,0.0,0.6036217303822937,8.048289738430583,0.0,0.0,0.0,0.0,0.0,0.0
102A,10,2A,0,0,0,0,714,714,714,0,62,42,190,166,153,13,0,0,0,6,0,9,0,0,0,73,0,0,0,0,0,0,inf,0.0,100.0,8.683473389355742,5.88235294117647,26.610644257703083,23.249299719887954,21.428571428571427,1.8207282913165268,0.0,0.0,0.0,0.8403361344537815,0.0,1.2605042016806722,0.0,0.0,0.0,10.224089635854341,0.0,0.0,0.0,0.0,0.0,0.0
102B,10,2B,0,0,0,0,597,597,594,3,79,25,158,119,120,7,0,0,0,9,0,1,0,0,1,75,0,0,0,0,0,0,inf,0.5025125628140703,99.49748743718592,13.299663299663301,4.208754208754209,26.599326599326602,20.033670033670035,20.2020202020202,1.1784511784511784,0.0,0.0,0.0,1.5151515151515151,0.0,0.16835016835016833,0.0,0.0,0.16835016835016833,12.626262626262626,0.0,0.0,0.0,0.0,0.0,0.0
102C,10,2C,0,0,0,0,212,212,211,1,29,8,47,50,49,2,0,0,0,2,0,1,0,0,3,20,0,0,0,0,0,0,inf,0.4716981132075472,99.52830188679245,13.744075829383887,3.7914691943127963,22.274881516587676,23.696682464454977,23.22274881516588,0.9478672985781991,0.0,0.0,0.0,0.9478672985781991,0.0,0.47393364928909953,0.0,0.0,1.4218009478672986,9.47867298578199,0.0,0.0,0.0,0.0,0.0,0.0
102D,10,2D,0,0,0,0,581,581,576,5,61,26,167,137,108,3,0,0,0,15,0,0,0,0,1,58,0,0,0,0,0,0,inf,0.8605851979345954,99.1394148020654,10.590277777777777,4.513888888888888,28.993055555555557,23.78472222222222,18.75,0.5208333333333333,0.0,0.0,0.0,2.604166666666667,0.0,0.0,0.0,0.0,0.1736111111111111,10.069444444444445,0.0,0.0,0.0,0.0,0.0,0.0
102E,10,2E,0,0,0,0,340,340,339,1,42,18,111,62,71,5,0,0,0,1,0,0,0,0,1,28,0,0,0,0,0,0,inf,0.29411764705882354,99.70588235294117,12.389380530973451,5.3097345132743365,32.743362831858406,18.289085545722713,20.943952802359885,1.4749262536873156,0.0,0.0,0.0,0.2949852507374631,0.0,0.0,0.0,0.0,0.2949852507374631,8.259587020648967,0.0,0.0,0.0,0.0,0.0,0.0
102F,10,2F,0,0,0,0,309,309,308,1,38,8,95,54,52,2,0,0,0,9,0,1,0,0,1,48,0,0,0,0,0,0,inf,0.3236245954692557,99.67637540453075,12.337662337662337,2.5974025974025974,30.844155844155846,17.532467532467532,16.883116883116884,0.6493506493506493,0.0,0.0,0.0,2.922077922077922,0.0,0.3246753246753247,0.0,0.0,0.3246753246753247,15.584415584415584,0.0,0.0,0.0,0.0,0.0,0.0
102G,10,2G,0,0,0,0,322,322,319,3,45,14,89,68,60,1,0,0,0,5,0,0,0,0,0,37,0,0,0,0,0,0,inf,0.9316770186335404,99.06832298136646,14.106583072100312,4.38871473354232,27.89968652037618,21.316614420062695,18.808777429467085,0.3134796238244514,0.0,0.0,0.0,1.5673981191222568,0.0,0.0,0.0,0.0,0.0,11.598746081504702,0.0,0.0,0.0,0.0,0.0,0.0
102H,10,2H,0,0,0,0,579,579,577,2,66,14,164,145,108,6,0,0,0,9,0,3,0,0,1,61,0,0,0,0,0,0,inf,0.3454231433506045,99.65457685664938,11.438474870017332,2.4263431542461005,28.422876949740033,25.12998266897747,18.717504332755635,1.0398613518197575,0.0,0.0,0.0,1.559792027729636,0.0,0.5199306759098787,0.0,0.0,0.17331022530329288,10.571923743500866,0.0,0.0,0.0,0.0,0.0,0.0
102J,10,2J,0,0,0,0,280,280,279,1,25,21,56,76,63,3,0,0,0,7,0,0,0,0,0,28,0,0,0,0,0,0,inf,0.35714285714285715,99.64285714285714,8.960573476702509,7.526881720430108,20.07168458781362,27.24014336917563,22.58064516129032,1.0752688172043012,0.0,0.0,0.0,2.5089605734767026,0.0,0.0,0.0,0.0,0.0,10.03584229390681,0.0,0.0,0.0,0.0,0.0,0.0
102K,10,2K,0,0,0,0,459,459,452,7,51,21,110,118,89,8,0,0,0,5,0,1,0,0,0,49,0,0,0,0,0,0,inf,1.5250544662309369,98.47494553376906,11.283185840707963,4.646017699115045,24.336283185840706,26.10619469026549,19.690265486725664,1.7699115044247788,0.0,0.0,0.0,1.1061946902654867,0.0,0.22123893805309736,0.0,0.0,0.0,10.84070796460177,0.0,0.0,0.0,0.0,0.0,0.0
102L,10,2L,0,0,0,0,537,537,536,1,74,16,188,101,93,8,0,0,0,8,0,0,0,0,0,48,0,0,0,0,0,0,inf,0.186219739292365,99.81378026070763,13.805970149253731,2.9850746268656714,35.07462686567165,18.84328358208955,17.350746268656717,1.4925373134328357,0.0,0.0,0.0,1.4925373134328357,0.0,0.0,0.0,0.0,0.0,8.955223880597014,0.0,0.0,0.0,0.0,0.0,0.0
102M,10,2M,0,0,0,0,302,302,301,1,31,12,97,53,62,5,0,0,0,7,0,2,0,0,1,31,0,0,0,0,0,0,inf,0.33112582781456956,99.66887417218543,10.299003322259136,3.9867109634551494,32.22591362126246,17.60797342192691,20.59800664451827,1.6611295681063125,0.0,0.0,0.0,2.3255813953488373,0.0,0.6644518272425249,0.0,0.0,0.33222591362126247,10.299003322259136,0.0,0.0,0.0,0.0,0.0,0.0
102N,10,2N,0,0,0,0,364,364,363,1,41,14,103,83,62,6,0,0,0,10,0,0,0,0,1,43,0,0,0,0,0,0,inf,0.27472527472527475,99.72527472527473,11.294765840220386,3.8567493112947657,28.37465564738292,22.865013774104685,17.079889807162534,1.6528925619834711,0.0,0.0,0.0,2.7548209366391188,0.0,0.0,0.0,0.0,0.27548209366391185,11.84573002754821,0.0,0.0,0.0,0.0,0.0,0.0
102P,10,2P,0,0,0,0,267,267,266,1,41,16,69,53,51,5,0,0,0,2,0,1,0,0,0,28,0,0,0,0,0,0,inf,0.37453183520599254,99.625468164794,15.413533834586465,6.015037593984962,25.93984962406015,19.924812030075188,19.172932330827066,1.8796992481203008,0.0,0.0,0.0,0.7518796992481203,0.0,0.37593984962406013,0.0,0.0,0.0,10.526315789473683,0.0,0.0,0.0,0.0,0.0,0.0
102Q,10,2Q,0,0,0,0,337,337,334,3,57,17,93,60,50,6,0,0,0,4,0,0,0,0,0,47,0,0,0,0,0,0,inf,0.8902077151335311,99.10979228486647,17.065868263473057,5.089820359281437,27.844311377245507,17.964071856287426,14.97005988023952,1.7964071856287425,0.0,0.0,0.0,1.1976047904191618,0.0,0.0,0.0,0.0,0.0,14.071856287425149,0.0,0.0,0.0,0.0,0.0,0.0
102R,10,2R,0,0,0,0,560,560,554,6,72,17,146,135,118,2,0,0,0,5,0,1,0,0,2,56,0,0,0,0,0,0,inf,1.0714285714285714,98.92857142857143,12.996389891696749,3.068592057761733,26.353790613718413,24.368231046931406,21.299638989169676,0.36101083032490977,0.0,0.0,0.0,0.9025270758122743,0.0,0.18050541516245489,0.0,0.0,0.36101083032490977,10.108303249097473,0.0,0.0,0.0,0.0,0.0,0.0
102S,10,2S,0,0,0,0,566,566,564,2,68,26,149,129,105,6,0,0,0,8,0,1,0,0,3,69,0,0,0,0,0,0,inf,0.35335689045936397,99.64664310954063,12.056737588652481,4.609929078014184,26.418439716312058,22.872340425531913,18.617021276595743,1.0638297872340425,0.0,0.0,0.0,1.4184397163120568,0.0,0.1773049645390071,0.0,0.0,0.5319148936170213,12.23404255319149,0.0,0.0,0.0,0.0,0.0,0.0
102T,10,2T,0,0,0,0,676,676,676,0,103,24,171,150,129,11,0,0,0,5,0,2,0,0,4,77,0,0,0,0,0,0,inf,0.0,100.0,15.236686390532544,3.5502958579881656,25.295857988165682,22.189349112426036,19.08284023668639,1.6272189349112427,0.0,0.0,0.0,0.7396449704142012,0.0,0.2958579881656805,0.0,0.0,0.591715976331361,11.390532544378699,0.0,0.0,0.0,0.0,0.0,0.0
10301,10,301,1151,923,228,0,550,2,544,6,39,10,73,72,279,8,0,0,0,10,0,1,0,0,4,48,0,0,0,0,0,0,47.784535186794095,1.090909090909091,98.9090909090909,7.169117647058823,1.8382352941176472,13.419117647058822,13.23529411764706,51.28676470588235,1.4705882352941175,0.0,0.0,0.0,1.8382352941176472,0.0,0.1838235294117647,0.0,0.0,0.7352941176470588,8.823529411764707,0.0,0.0,0.0,0.0,0.0,0.0
10302,10,302,935,810,125,0,470,2,464,6,44,7,45,82,241,9,0,0,0,5,0,0,0,0,2,29,0,0,0,0,0,0,50.26737967914438,1.276595744680851,98.72340425531915,9.482758620689655,1.5086206896551724,9.698275862068966,17.67241379310345,51.939655172413794,1.9396551724137931,0.0,0.0,0.0,1.0775862068965518,0.0,0.0,0.0,0.0,0.43103448275862066,6.25,0.0,0.0,0.0,0.0,0.0,0.0
10303,10,303,960,794,166,0,516,7,511,5,34,16,76,105,241,8,0,0,0,4,0,0,0,0,1,26,0,0,0,0,0,0,53.75,0.9689922480620154,99.03100775193798,6.653620352250488,3.131115459882583,14.87279843444227,20.54794520547945,47.162426614481404,1.5655577299412915,0.0,0.0,0.0,0.7827788649706457,0.0,0.0,0.0,0.0,0.19569471624266144,5.088062622309197,0.0,0.0,0.0,0.0,0.0,0.0
10304,10,304,1007,835,172,0,469,4,464,5,37,7,73,65,242,3,0,0,0,11,0,2,0,0,3,21,0,0,0,0,0,0,46.57398212512413,1.0660980810234542,98.93390191897655,7.974137931034483,1.5086206896551724,15.732758620689655,14.00862068965517,52.1551724137931,0.646551724137931,0.0,0.0,0.0,2.3706896551724137,0.0,0.43103448275862066,0.0,0.0,0.646551724137931,4.525862068965517,0.0,0.0,0.0,0.0,0.0,0.0
10305,10,305,1010,799,211,0,376,2,370,6,29,1,38,56,211,2,0,0,0,4,0,1,0,0,0,28,0,0,0,0,0,0,37.227722772277225,1.5957446808510638,98.40425531914893,7.837837837837839,0.2702702702702703,10.27027027027027,15.135135135135137,57.027027027027025,0.5405405405405406,0.0,0.0,0.0,1.0810810810810811,0.0,0.2702702702702703,0.0,0.0,0.0,7.567567567567568,0.0,0.0,0.0,0.0,0.0,0.0
10306,10,306,1316,1003,313,0,574,3,570,4,36,14,96,113,249,1,0,0,0,9,0,5,0,0,4,43,0,0,0,0,0,0,43.61702127659575,0.6968641114982579,99.30313588850174,6.315789473684211,2.456140350877193,16.842105263157894,19.824561403508774,43.684210526315795,0.17543859649122806,0.0,0.0,0.0,1.5789473684210527,0.0,0.8771929824561403,0.0,0.0,0.7017543859649122,7.5438596491228065,0.0,0.0,0.0,0.0,0.0,0.0
10307,10,307,1083,847,236,0,482,4,477,5,31,13,53,94,243,3,0,0,0,9,0,2,0,0,1,28,0,0,0,0,0,0,44.50600184672207,1.0373443983402488,98.96265560165975,6.498951781970649,2.7253668763102725,11.11111111111111,19.70649895178197,50.943396226415096,0.628930817610063,0.0,0.0,0.0,1.8867924528301887,0.0,0.41928721174004197,0.0,0.0,0.20964360587002098,5.870020964360587,0.0,0.0,0.0,0.0,0.0,0.0
10308,10,308,921,739,182,0,500,4,495,5,41,19,99,57,229,5,0,0,0,6,0,4,0,0,2,33,0,0,0,0,0,0,54.28881650380022,1.0,99.0,8.282828282828284,3.8383838383838382,20.0,11.515151515151516,46.26262626262626,1.0101010101010102,0.0,0.0,0.0,1.2121212121212122,0.0,0.8080808080808081,0.0,0.0,0.40404040404040403,6.666666666666667,0.0,0.0,0.0,0.0,0.0,0.0
10309,10,309,1374,1070,304,0,685,3,681,4,40,23,120,110,304,13,0,0,0,9,0,3,0,0,4,55,0,0,0,0,0,0,49.85443959243086,0.583941605839416,99.41605839416059,5.873715124816446,3.3773861967694567,17.62114537444934,16.152716593245227,44.640234948605,1.908957415565345,0.0,0.0,0.0,1.3215859030837005,0.0,0.4405286343612335,0.0,0.0,0.5873715124816447,8.076358296622614,0.0,0.0,0.0,0.0,0.0,0.0
10310,10,310,1373,1043,330,0,686,4,682,4,45,19,97,107,304,8,0,0,0,18,0,1,0,0,9,74,0,0,0,0,0,0,49.96358339402768,0.5830903790087464,99.41690962099126,6.598240469208211,2.785923753665689,14.222873900293257,15.689149560117302,44.57478005865102,1.1730205278592376,0.0,0.0,0.0,2.6392961876832843,0.0,0.1466275659824047,0.0,0.0,1.3196480938416422,10.850439882697946,0.0,0.0,0.0,0.0,0.0,0.0
10311,10,311,1444,1134,310,0,791,4,778,13,69,16,117,126,340,15,0,0,0,13,0,4,0,0,3,75,0,0,0,0,0,0,54.77839335180056,1.643489254108723,98.35651074589128,8.868894601542417,2.056555269922879,15.038560411311053,16.195372750642672,43.70179948586118,1.9280205655526992,0.0,0.0,0.0,1.6709511568123392,0.0,0.5141388174807198,0.0,0.0,0.3856041131105398,9.640102827763496,0.0,0.0,0.0,0.0,0.0,0.0
10312,10,312,1081,823,258,0,536,6,530,6,46,17,78,115,208,11,0,0,0,4,0,2,0,0,1,48,0,0,0,0,0,0,49.58371877890842,1.1194029850746268,98.88059701492537,8.679245283018867,3.207547169811321,14.716981132075471,21.69811320754717,39.24528301886793,2.0754716981132075,0.0,0.0,0.0,0.7547169811320755,0.0,0.37735849056603776,0.0,0.0,0.18867924528301888,9.056603773584905,0.0,0.0,0.0,0.0,0.0,0.0
10313,10,313,1051,791,260,0,497,2,489,8,26,19,78,86,213,13,0,0,0,9,0,3,0,0,3,39,0,0,0,0,0,0,47.28829686013321,1.6096579476861168,98.39034205231388,5.316973415132924,3.885480572597137,15.950920245398773,17.586912065439673,43.558282208588956,2.658486707566462,0.0,0.0,0.0,1.8404907975460123,0.0,0.6134969325153374,0.0,0.0,0.6134969325153374,7.975460122699387,0.0,0.0,0.0,0.0,0.0,0.0
10314,10,314,999,789,210,0,387,5,383,4,36,6,57,71,181,4,0,0,0,8,0,0,0,0,2,18,0,0,0,0,0,0,38.73873873873874,1.03359173126615,98.96640826873386,9.39947780678851,1.5665796344647518,14.882506527415144,18.5378590078329,47.25848563968668,1.0443864229765014,0.0,0.0,0.0,2.088772845953003,0.0,0.0,0.0,0.0,0.5221932114882507,4.699738903394255,0.0,0.0,0.0,0.0,0.0,0.0
10315,10,315,1083,855,228,0,544,2,537,7,42,8,81,85,273,3,0,0,0,5,0,2,0,0,1,37,0,0,0,0,0,0,50.230840258541086,1.2867647058823528,98.71323529411765,7.82122905027933,1.48975791433892,15.083798882681565,15.828677839851025,50.83798882681564,0.5586592178770949,0.0,0.0,0.0,0.931098696461825,0.0,0.37243947858473,0.0,0.0,0.186219739292365,6.890130353817504,0.0,0.0,0.0,0.0,0.0,0.0
10316,10,316,1177,934,243,0,541,3,536,5,51,20,87,96,221,6,0,0,0,8,0,0,0,0,2,45,0,0,0,0,0,0,45.964316057774,0.9242144177449169,99.07578558225508,9.514925373134329,3.731343283582089,16.23134328358209,17.91044776119403,41.23134328358209,1.1194029850746268,0.0,0.0,0.0,1.4925373134328357,0.0,0.0,0.0,0.0,0.3731343283582089,8.395522388059701,0.0,0.0,0.0,0.0,0.0,0.0
10317,10,317,1174,940,234,0,604,2,598,6,50,7,87,93,281,5,0,0,0,11,0,0,0,0,6,58,0,0,0,0,0,0,51.4480408858603,0.9933774834437087,99.00662251655629,8.361204013377927,1.1705685618729096,14.54849498327759,15.551839464882944,46.98996655518395,0.8361204013377926,0.0,0.0,0.0,1.839464882943144,0.0,0.0,0.0,0.0,1.0033444816053512,9.698996655518394,0.0,0.0,0.0,0.0,0.0,0.0
10318,10,318,1345,1068,277,0,697,2,685,12,58,12,129,102,301,10,0,0,0,13,0,0,0,0,3,57,0,0,0,0,0,0,51.82156133828997,1.721664275466284,98.27833572453372,8.467153284671532,1.7518248175182483,18.83211678832117,14.890510948905108,43.941605839416056,1.4598540145985401,0.0,0.0,0.0,1.897810218978102,0.0,0.0,0.0,0.0,0.43795620437956206,8.321167883211679,0.0,0.0,0.0,0.0,0.0,0.0
10319,10,319,1268,995,273,0,640,6,634,6,54,29,86,109,281,5,0,0,0,12,0,3,0,0,4,51,0,0,0,0,0,0,50.473186119873816,0.9375,99.0625,8.517350157728707,4.574132492113565,13.564668769716087,17.19242902208202,44.321766561514195,0.7886435331230284,0.0,0.0,0.0,1.8927444794952681,0.0,0.47318611987381703,0.0,0.0,0.6309148264984227,8.04416403785489,0.0,0.0,0.0,0.0,0.0,0.0
10320,10,320,1145,923,222,0,613,3,608,5,59,15,76,121,259,11,0,0,0,8,0,1,0,0,4,54,0,0,0,0,0,0,53.53711790393013,0.8156606851549755,99.18433931484503,9.703947368421053,2.4671052631578947,12.5,19.901315789473685,42.598684210526315,1.8092105263157896,0.0,0.0,0.0,1.3157894736842104,0.0,0.1644736842105263,0.0,0.0,0.6578947368421052,8.881578947368421,0.0,0.0,0.0,0.0,0.0,0.0
10321,10,321,1112,878,234,0,544,1,534,10,70,14,90,104,195,4,0,0,0,10,0,2,0,0,3,42,0,0,0,0,0,0,48.92086330935252,1.8382352941176472,98.16176470588235,13.108614232209737,2.6217228464419478,16.853932584269664,19.475655430711612,36.51685393258427,0.7490636704119851,0.0,0.0,0.0,1.8726591760299627,0.0,0.37453183520599254,0.0,0.0,0.5617977528089888,7.865168539325842,0.0,0.0,0.0,0.0,0.0,0.0
10322,10,322,1061,835,226,0,587,3,581,6,57,18,119,105,223,8,0,0,0,10,0,0,0,0,4,37,0,0,0,0,0,0,55.32516493873704,1.0221465076660987,98.9778534923339,9.81067125645439,3.098106712564544,20.481927710843372,18.072289156626507,38.38209982788296,1.376936316695353,0.0,0.0,0.0,1.7211703958691909,0.0,0.0,0.0,0.0,0.6884681583476765,6.368330464716007,0.0,0.0,0.0,0.0,0.0,0.0
10323,10,323,1396,940,456,0,637,3,630,7,52,16,131,117,241,7,0,0,0,3,0,2,0,0,5,56,0,0,0,0,0,0,45.63037249283667,1.098901098901099,98.9010989010989,8.253968253968253,2.5396825396825395,20.793650793650794,18.571428571428573,38.25396825396825,1.1111111111111112,0.0,0.0,0.0,0.4761904761904762,0.0,0.31746031746031744,0.0,0.0,0.7936507936507936,8.88888888888889,0.0,0.0,0.0,0.0,0.0,0.0
10324,10,324,1305,915,390,0,654,4,650,4,50,15,131,101,271,13,0,0,0,8,0,1,0,0,4,56,0,0,0,0,0,0,50.114942528735625,0.6116207951070336,99.38837920489296,7.6923076923076925,2.307692307692308,20.153846153846153,15.538461538461537,41.692307692307686,2.0,0.0,0.0,0.0,1.2307692307692308,0.0,0.15384615384615385,0.0,0.0,0.6153846153846154,8.615384615384615,0.0,0.0,0.0,0.0,0.0,0.0
10325,10,325,1202,840,362,0,568,4,560,8,39,16,104,91,240,7,0,0,0,8,0,0,0,0,1,54,0,0,0,0,0,0,47.25457570715474,1.4084507042253522,98.59154929577466,6.964285714285714,2.857142857142857,18.571428571428573,16.25,42.857142857142854,1.25,0.0,0.0,0.0,1.4285714285714286,0.0,0.0,0.0,0.0,0.17857142857142858,9.642857142857144,0.0,0.0,0.0,0.0,0.0,0.0
10326,10,326,1340,925,415,0,626,2,618,8,55,14,117,98,260,12,0,0,0,6,0,0,0,0,2,54,0,0,0,0,0,0,46.71641791044776,1.2779552715654952,98.7220447284345,8.89967637540453,2.26537216828479,18.932038834951456,15.857605177993527,42.07119741100323,1.9417475728155338,0.0,0.0,0.0,0.9708737864077669,0.0,0.0,0.0,0.0,0.3236245954692557,8.737864077669903,0.0,0.0,0.0,0.0,0.0,0.0
10327,10,327,1060,794,266,0,576,3,572,4,65,13,114,102,206,10,0,0,0,12,0,1,0,0,5,44,0,0,0,0,0,0,54.339622641509436,0.6944444444444444,99.30555555555556,11.363636363636363,2.272727272727273,19.93006993006993,17.832167832167833,36.01398601398601,1.7482517482517483,0.0,0.0,0.0,2.097902097902098,0.0,0.17482517482517482,0.0,0.0,0.8741258741258742,7.6923076923076925,0.0,0.0,0.0,0.0,0.0,0.0
10328,10,328,1174,837,337,0,665,6,661,4,74,23,170,145,172,15,0,0,0,5,0,0,0,0,0,57,0,0,0,0,0,0,56.64395229982965,0.6015037593984963,99.3984962406015,11.195158850226928,3.479576399394856,25.718608169440245,21.936459909228443,26.021180030257185,2.26928895612708,0.0,0.0,0.0,0.7564296520423601,0.0,0.0,0.0,0.0,0.0,8.623298033282904,0.0,0.0,0.0,0.0,0.0,0.0
10329,10,329,1132,807,325,0,624,2,619,5,55,21,154,113,210,6,0,0,0,7,0,0,0,0,1,52,0,0,0,0,0,0,55.12367491166078,0.8012820512820512,99.19871794871796,8.88529886914378,3.392568659127625,24.878836833602584,18.25525040387722,33.925686591276246,0.9693053311793215,0.0,0.0,0.0,1.1308562197092082,0.0,0.0,0.0,0.0,0.16155088852988692,8.40064620355412,0.0,0.0,0.0,0.0,0.0,0.0
103A,10,3A,0,0,0,0,318,318,313,5,32,9,67,74,91,7,0,0,0,6,0,3,0,0,2,22,0,0,0,0,0,0,inf,1.5723270440251573,98.42767295597484,10.223642172523961,2.8753993610223643,21.405750798722046,23.642172523961662,29.073482428115017,2.2364217252396164,0.0,0.0,0.0,1.9169329073482428,0.0,0.9584664536741214,0.0,0.0,0.6389776357827476,7.0287539936102235,0.0,0.0,0.0,0.0,0.0,0.0
103B,10,3B,0,0,0,0,301,301,297,4,31,14,67,69,86,3,0,0,0,5,0,0,0,0,1,21,0,0,0,0,0,0,inf,1.3289036544850499,98.67109634551495,10.437710437710438,4.713804713804714,22.55892255892256,23.232323232323232,28.95622895622896,1.0101010101010102,0.0,0.0,0.0,1.6835016835016834,0.0,0.0,0.0,0.0,0.33670033670033667,7.07070707070707,0.0,0.0,0.0,0.0,0.0,0.0
103C,10,3C,0,0,0,0,478,478,475,3,49,25,93,100,125,5,0,0,0,17,0,2,0,0,4,55,0,0,0,0,0,0,inf,0.6276150627615062,99.3723849372385,10.31578947368421,5.263157894736842,19.57894736842105,21.052631578947366,26.31578947368421,1.0526315789473684,0.0,0.0,0.0,3.578947368421052,0.0,0.42105263157894735,0.0,0.0,0.8421052631578947,11.578947368421053,0.0,0.0,0.0,0.0,0.0,0.0
103D,10,3D,0,0,0,0,367,367,365,2,45,19,71,79,94,6,0,0,0,5,0,2,0,0,1,43,0,0,0,0,0,0,inf,0.544959128065395,99.45504087193461,12.32876712328767,5.205479452054795,19.45205479452055,21.643835616438356,25.753424657534246,1.643835616438356,0.0,0.0,0.0,1.36986301369863,0.0,0.547945205479452,0.0,0.0,0.273972602739726,11.78082191780822,0.0,0.0,0.0,0.0,0.0,0.0
103E,10,3E,0,0,0,0,579,579,578,1,66,32,134,110,146,6,0,0,0,10,0,2,0,0,4,68,0,0,0,0,0,0,inf,0.17271157167530224,99.8272884283247,11.418685121107266,5.536332179930796,23.18339100346021,19.031141868512112,25.259515570934255,1.0380622837370241,0.0,0.0,0.0,1.7301038062283738,0.0,0.34602076124567477,0.0,0.0,0.6920415224913495,11.76470588235294,0.0,0.0,0.0,0.0,0.0,0.0
103F,10,3F,0,0,0,0,513,513,506,7,50,21,110,124,123,6,0,0,0,12,0,3,0,0,1,56,0,0,0,0,0,0,inf,1.364522417153996,98.635477582846,9.881422924901186,4.150197628458498,21.73913043478261,24.50592885375494,24.308300395256918,1.185770750988142,0.0,0.0,0.0,2.371541501976284,0.0,0.592885375494071,0.0,0.0,0.1976284584980237,11.067193675889328,0.0,0.0,0.0,0.0,0.0,0.0
103G,10,3G,0,0,0,0,648,648,643,5,100,29,131,136,156,4,0,0,0,10,0,6,0,0,1,70,0,0,0,0,0,0,inf,0.7716049382716049,99.22839506172839,15.552099533437014,4.5101088646967336,20.37325038880249,21.15085536547434,24.261275272161743,0.6220839813374806,0.0,0.0,0.0,1.5552099533437014,0.0,0.9331259720062209,0.0,0.0,0.15552099533437014,10.88646967340591,0.0,0.0,0.0,0.0,0.0,0.0
103H,10,3H,0,0,0,0,427,427,424,3,33,26,108,86,105,4,0,0,0,13,0,1,0,0,1,47,0,0,0,0,0,0,inf,0.702576112412178,99.29742388758783,7.783018867924528,6.132075471698113,25.471698113207548,20.28301886792453,24.764150943396228,0.9433962264150944,0.0,0.0,0.0,3.0660377358490565,0.0,0.2358490566037736,0.0,0.0,0.2358490566037736,11.084905660377359,0.0,0.0,0.0,0.0,0.0,0.0
103J,10,3J,0,0,0,0,459,459,456,3,46,17,116,94,114,10,0,0,0,11,0,3,0,0,1,44,0,0,0,0,0,0,inf,0.6535947712418301,99.34640522875817,10.087719298245613,3.7280701754385963,25.438596491228072,20.614035087719298,25.0,2.1929824561403506,0.0,0.0,0.0,2.4122807017543857,0.0,0.6578947368421052,0.0,0.0,0.21929824561403508,9.649122807017543,0.0,0.0,0.0,0.0,0.0,0.0
103K,10,3K,0,0,0,0,411,411,409,2,65,17,90,98,91,1,0,0,0,7,0,0,0,0,1,39,0,0,0,0,0,0,inf,0.48661800486618007,99.51338199513383,15.892420537897312,4.156479217603912,22.00488997555012,23.96088019559902,22.249388753056234,0.24449877750611246,0.0,0.0,0.0,1.7114914425427872,0.0,0.0,0.0,0.0,0.24449877750611246,9.535452322738386,0.0,0.0,0.0,0.0,0.0,0.0
103L,10,3L,0,0,0,0,641,641,636,5,73,22,169,134,135,10,0,0,0,17,0,1,0,0,2,73,0,0,0,0,0,0,inf,0.7800312012480499,99.21996879875195,11.477987421383649,3.459119496855346,26.572327044025158,21.069182389937108,21.22641509433962,1.5723270440251573,0.0,0.0,0.0,2.6729559748427674,0.0,0.15723270440251574,0.0,0.0,0.3144654088050315,11.477987421383649,0.0,0.0,0.0,0.0,0.0,0.0
103M,10,3M,0,0,0,0,709,709,706,3,66,35,189,153,172,5,0,0,0,9,0,1,0,0,1,75,0,0,0,0,0,0,inf,0.4231311706629055,99.5768688293371,9.34844192634561,4.957507082152975,26.770538243626063,21.671388101983002,24.362606232294617,0.708215297450425,0.0,0.0,0.0,1.2747875354107647,0.0,0.141643059490085,0.0,0.0,0.141643059490085,10.623229461756374,0.0,0.0,0.0,0.0,0.0,0.0
103N,10,3N,0,0,0,0,642,642,638,4,65,33,175,111,149,11,0,0,0,16,0,2,0,0,2,74,0,0,0,0,0,0,inf,0.6230529595015576,99.37694704049844,10.18808777429467,5.172413793103448,27.429467084639498,17.398119122257054,23.35423197492163,1.7241379310344827,0.0,0.0,0.0,2.507836990595611,0.0,0.3134796238244514,0.0,0.0,0.3134796238244514,11.598746081504702,0.0,0.0,0.0,0.0,0.0,0.0
103P,10,3P,0,0,0,0,603,603,597,6,72,38,167,128,108,6,0,0,0,13,0,0,0,0,3,62,0,0,0,0,0,0,inf,0.9950248756218906,99.00497512437812,12.060301507537687,6.365159128978225,27.97319932998325,21.440536013400337,18.090452261306535,1.0050251256281406,0.0,0.0,0.0,2.1775544388609713,0.0,0.0,0.0,0.0,0.5025125628140703,10.385259631490786,0.0,0.0,0.0,0.0,0.0,0.0
10401,10,401,1191,903,288,0,613,4,605,8,44,17,125,132,209,9,0,0,0,6,0,3,0,0,1,59,0,0,0,0,0,0,51.469353484466836,1.3050570962479608,98.69494290375204,7.2727272727272725,2.809917355371901,20.66115702479339,21.818181818181817,34.54545454545455,1.487603305785124,0.0,0.0,0.0,0.9917355371900827,0.0,0.49586776859504134,0.0,0.0,0.1652892561983471,9.75206611570248,0.0,0.0,0.0,0.0,0.0,0.0
10402,10,402,1182,855,327,0,541,4,538,3,54,19,96,120,188,5,0,0,0,9,0,0,0,0,3,44,0,0,0,0,0,0,45.769881556683586,0.5545286506469501,99.44547134935306,10.037174721189592,3.5315985130111525,17.843866171003718,22.304832713754646,34.94423791821561,0.929368029739777,0.0,0.0,0.0,1.6728624535315983,0.0,0.0,0.0,0.0,0.5576208178438662,8.178438661710038,0.0,0.0,0.0,0.0,0.0,0.0
10403,10,403,1158,850,308,0,624,4,617,7,69,5,137,111,222,10,0,0,0,9,0,1,0,0,3,50,0,0,0,0,0,0,53.8860103626943,1.1217948717948718,98.87820512820514,11.183144246353322,0.8103727714748784,22.20421393841167,17.990275526742302,35.980551053484604,1.6207455429497568,0.0,0.0,0.0,1.4586709886547813,0.0,0.1620745542949757,0.0,0.0,0.48622366288492713,8.103727714748784,0.0,0.0,0.0,0.0,0.0,0.0
10404,10,404,1122,858,264,0,607,5,598,9,57,9,101,139,213,10,0,0,0,8,0,2,0,0,4,55,0,0,0,0,0,0,54.09982174688057,1.4827018121911038,98.5172981878089,9.531772575250837,1.5050167224080269,16.88963210702341,23.244147157190636,35.618729096989966,1.6722408026755853,0.0,0.0,0.0,1.3377926421404682,0.0,0.33444816053511706,0.0,0.0,0.6688963210702341,9.197324414715718,0.0,0.0,0.0,0.0,0.0,0.0
10405,10,405,1161,902,259,0,645,4,636,9,54,28,106,147,223,3,0,0,0,3,0,1,0,0,3,68,0,0,0,0,0,0,55.55555555555556,1.3953488372093024,98.6046511627907,8.49056603773585,4.40251572327044,16.666666666666664,23.11320754716981,35.062893081761004,0.4716981132075472,0.0,0.0,0.0,0.4716981132075472,0.0,0.15723270440251574,0.0,0.0,0.4716981132075472,10.69182389937107,0.0,0.0,0.0,0.0,0.0,0.0
10406,10,406,1345,984,361,0,672,7,661,11,63,19,122,177,198,8,0,0,0,11,0,0,0,0,2,61,0,0,0,0,0,0,49.962825278810406,1.636904761904762,98.36309523809523,9.531013615733738,2.8744326777609683,18.456883509833585,26.77760968229955,29.954614220877456,1.2102874432677762,0.0,0.0,0.0,1.6641452344931922,0.0,0.0,0.0,0.0,0.30257186081694404,9.228441754916792,0.0,0.0,0.0,0.0,0.0,0.0
10407,10,407,1449,947,502,0,720,4,714,6,59,39,230,118,200,14,0,0,0,6,0,1,0,0,1,46,0,0,0,0,0,0,49.68944099378882,0.8333333333333334,99.16666666666667,8.26330532212885,5.46218487394958,32.212885154061624,16.5266106442577,28.011204481792717,1.9607843137254901,0.0,0.0,0.0,0.8403361344537815,0.0,0.1400560224089636,0.0,0.0,0.1400560224089636,6.442577030812324,0.0,0.0,0.0,0.0,0.0,0.0
10408,10,408,1250,872,378,0,562,3,555,7,44,16,140,109,165,5,0,0,0,5,0,0,0,0,2,69,0,0,0,0,0,0,44.96,1.2455516014234875,98.75444839857651,7.927927927927928,2.8828828828828827,25.225225225225223,19.63963963963964,29.72972972972973,0.9009009009009009,0.0,0.0,0.0,0.9009009009009009,0.0,0.0,0.0,0.0,0.36036036036036034,12.432432432432433,0.0,0.0,0.0,0.0,0.0,0.0
10409,10,409,1187,870,317,0,586,8,575,11,38,26,107,133,198,6,0,0,0,4,0,3,0,0,2,58,0,0,0,0,0,0,49.3681550126369,1.877133105802048,98.12286689419795,6.608695652173912,4.521739130434783,18.608695652173914,23.130434782608695,34.43478260869565,1.0434782608695654,0.0,0.0,0.0,0.6956521739130435,0.0,0.5217391304347827,0.0,0.0,0.34782608695652173,10.08695652173913,0.0,0.0,0.0,0.0,0.0,0.0
10410,10,410,1146,883,263,0,655,7,652,3,65,29,143,120,204,2,0,0,0,7,0,4,0,0,1,77,0,0,0,0,0,0,57.15532286212914,0.45801526717557256,99.54198473282443,9.969325153374232,4.447852760736196,21.932515337423315,18.404907975460123,31.28834355828221,0.3067484662576687,0.0,0.0,0.0,1.0736196319018405,0.0,0.6134969325153374,0.0,0.0,0.15337423312883436,11.809815950920246,0.0,0.0,0.0,0.0,0.0,0.0
10411,10,411,1199,795,404,0,637,2,636,1,64,34,222,87,150,14,0,0,0,5,0,1,0,0,0,59,0,0,0,0,0,0,53.12760633861552,0.15698587127158556,99.84301412872841,10.062893081761008,5.345911949685535,34.90566037735849,13.679245283018867,23.58490566037736,2.20125786163522,0.0,0.0,0.0,0.7861635220125787,0.0,0.15723270440251574,0.0,0.0,0.0,9.276729559748427,0.0,0.0,0.0,0.0,0.0,0.0
10412,10,412,1210,729,481,0,610,2,608,2,51,36,234,82,152,5,0,0,0,0,0,0,0,0,0,48,0,0,0,0,0,0,50.413223140495866,0.32786885245901637,99.672131147541,8.388157894736842,5.921052631578947,38.48684210526316,13.486842105263158,25.0,0.8223684210526315,0.0,0.0,0.0,0.0,0.0,0.0,0.0,0.0,0.0,7.894736842105263,0.0,0.0,0.0,0.0,0.0,0.0
10413,10,413,1048,693,355,0,580,8,575,5,43,30,185,104,148,11,0,0,0,6,0,0,0,0,0,48,0,0,0,0,0,0,55.343511450381676,0.8620689655172413,99.13793103448276,7.478260869565218,5.217391304347826,32.17391304347826,18.086956521739133,25.73913043478261,1.9130434782608694,0.0,0.0,0.0,1.0434782608695654,0.0,0.0,0.0,0.0,0.0,8.347826086956523,0.0,0.0,0.0,0.0,0.0,0.0
10414,10,414,1061,793,268,0,446,3,439,7,34,23,79,86,169,4,0,0,0,4,0,0,0,0,1,39,0,0,0,0,0,0,42.03581526861451,1.5695067264573992,98.4304932735426,7.744874715261959,5.239179954441914,17.995444191343964,19.58997722095672,38.496583143507976,0.9111617312072893,0.0,0.0,0.0,0.9111617312072893,0.0,0.0,0.0,0.0,0.22779043280182232,8.88382687927107,0.0,0.0,0.0,0.0,0.0,0.0
10415,10,415,1199,856,343,0,726,5,721,5,43,17,251,98,215,11,0,0,0,3,0,3,0,0,3,77,0,0,0,0,0,0,60.550458715596335,0.6887052341597797,99.31129476584022,5.9639389736477115,2.3578363384188625,34.812760055478506,13.592233009708737,29.819694868238557,1.5256588072122053,0.0,0.0,0.0,0.4160887656033287,0.0,0.4160887656033287,0.0,0.0,0.4160887656033287,10.679611650485436,0.0,0.0,0.0,0.0,0.0,0.0
10416,10,416,1102,758,344,0,505,2,497,8,31,20,119,77,165,10,0,0,0,5,0,3,0,0,3,64,0,0,0,0,0,0,45.82577132486389,1.5841584158415842,98.41584158415841,6.237424547283702,4.0241448692152915,23.943661971830984,15.492957746478872,33.199195171026155,2.0120724346076457,0.0,0.0,0.0,1.0060362173038229,0.0,0.6036217303822937,0.0,0.0,0.6036217303822937,12.877263581488934,0.0,0.0,0.0,0.0,0.0,0.0
10417,10,417,1198,843,355,0,464,1,459,5,46,14,102,78,150,7,0,0,0,8,0,1,0,0,3,50,0,0,0,0,0,0,38.73121869782972,1.0775862068965518,98.92241379310344,10.021786492374728,3.0501089324618738,22.22222222222222,16.99346405228758,32.6797385620915,1.5250544662309369,0.0,0.0,0.0,1.7429193899782136,0.0,0.2178649237472767,0.0,0.0,0.6535947712418301,10.893246187363834,0.0,0.0,0.0,0.0,0.0,0.0
10418,10,418,1211,658,553,0,507,7,505,2,46,37,169,85,118,10,0,0,0,3,0,0,0,0,1,36,0,0,0,0,0,0,41.86622625928984,0.39447731755424065,99.60552268244575,9.108910891089108,7.326732673267326,33.46534653465347,16.831683168316832,23.36633663366337,1.9801980198019802,0.0,0.0,0.0,0.594059405940594,0.0,0.0,0.0,0.0,0.19801980198019803,7.128712871287128,0.0,0.0,0.0,0.0,0.0,0.0
10419,10,419,1334,737,597,0,596,4,594,2,56,32,182,95,163,11,0,0,0,2,0,0,0,0,1,52,0,0,0,0,0,0,44.677661169415295,0.33557046979865773,99.66442953020133,9.427609427609427,5.387205387205387,30.63973063973064,15.993265993265993,27.441077441077443,1.8518518518518516,0.0,0.0,0.0,0.33670033670033667,0.0,0.0,0.0,0.0,0.16835016835016833,8.754208754208754,0.0,0.0,0.0,0.0,0.0,0.0
10420,10,420,1324,850,474,0,742,11,737,5,57,38,256,131,182,9,0,0,0,3,0,1,0,0,1,59,0,0,0,0,0,0,56.04229607250756,0.6738544474393532,99.32614555256065,7.734056987788331,5.156037991858888,34.73541383989145,17.774762550881952,24.694708276797826,1.2211668928086838,0.0,0.0,0.0,0.40705563093622793,0.0,0.13568521031207598,0.0,0.0,0.13568521031207598,8.005427408412483,0.0,0.0,0.0,0.0,0.0,0.0
10421,10,421,1388,930,458,0,628,7,628,0,56,38,206,88,168,13,0,0,0,1,0,0,0,0,1,57,0,0,0,0,0,0,45.24495677233429,0.0,100.0,8.9171974522293,6.050955414012739,32.802547770700635,14.012738853503185,26.751592356687897,2.0700636942675157,0.0,0.0,0.0,0.15923566878980894,0.0,0.0,0.0,0.0,0.15923566878980894,9.076433121019107,0.0,0.0,0.0,0.0,0.0,0.0
10422,10,422,1205,805,400,0,660,15,655,5,33,60,221,109,145,14,0,0,0,13,0,1,0,0,0,59,0,0,0,0,0,0,54.77178423236515,0.7575757575757576,99.24242424242425,5.038167938931298,9.16030534351145,33.74045801526718,16.6412213740458,22.137404580152673,2.1374045801526718,0.0,0.0,0.0,1.984732824427481,0.0,0.15267175572519084,0.0,0.0,0.0,9.007633587786259,0.0,0.0,0.0,0.0,0.0,0.0
10423,10,423,1149,707,442,0,553,7,551,2,42,33,255,77,107,5,0,0,0,3,0,0,0,0,0,29,0,0,0,0,0,0,48.128807658833765,0.3616636528028933,99.63833634719711,7.6225045372050815,5.9891107078039925,46.27949183303085,13.974591651542651,19.419237749546276,0.9074410163339384,0.0,0.0,0.0,0.5444646098003629,0.0,0.0,0.0,0.0,0.0,5.263157894736842,0.0,0.0,0.0,0.0,0.0,0.0
10424,10,424,1087,712,375,0,652,3,650,2,46,39,314,91,108,8,0,0,0,3,0,0,0,0,0,41,0,0,0,0,0,0,59.98160073597057,0.3067484662576687,99.69325153374233,7.076923076923077,6.0,48.30769230769231,14.000000000000002,16.615384615384617,1.2307692307692308,0.0,0.0,0.0,0.46153846153846156,0.0,0.0,0.0,0.0,0.0,6.3076923076923075,0.0,0.0,0.0,0.0,0.0,0.0
10425,10,425,1132,683,449,0,594,4,593,1,41,36,251,84,140,8,0,0,0,3,0,0,0,0,1,29,0,0,0,0,0,0,52.473498233215544,0.16835016835016833,99.83164983164983,6.913996627318718,6.070826306913997,42.32715008431703,14.165261382799327,23.608768971332207,1.3490725126475547,0.0,0.0,0.0,0.5059021922428331,0.0,0.0,0.0,0.0,0.16863406408094433,4.8903878583473865,0.0,0.0,0.0,0.0,0.0,0.0
10426,10,426,1049,615,434,0,512,7,508,4,39,34,185,72,118,9,0,0,0,2,0,0,0,0,0,49,0,0,0,0,0,0,48.80838894184938,0.78125,99.21875,7.677165354330709,6.692913385826772,36.417322834645674,14.173228346456693,23.228346456692915,1.7716535433070866,0.0,0.0,0.0,0.39370078740157477,0.0,0.0,0.0,0.0,0.0,9.645669291338582,0.0,0.0,0.0,0.0,0.0,0.0
10427,10,427,1080,672,408,0,570,9,565,5,33,44,230,57,140,10,0,0,0,1,0,0,0,0,2,48,0,0,0,0,0,0,52.77777777777778,0.8771929824561403,99.12280701754386,5.84070796460177,7.787610619469026,40.707964601769916,10.08849557522124,24.778761061946902,1.7699115044247788,0.0,0.0,0.0,0.17699115044247787,0.0,0.0,0.0,0.0,0.35398230088495575,8.495575221238937,0.0,0.0,0.0,0.0,0.0,0.0
10428,10,428,1046,688,358,0,578,1,577,1,29,40,214,63,167,10,0,0,0,4,0,1,0,0,0,49,0,0,0,0,0,0,55.25812619502868,0.17301038062283738,99.82698961937716,5.025996533795494,6.932409012131716,37.088388214904676,10.918544194107453,28.942807625649912,1.733102253032929,0.0,0.0,0.0,0.6932409012131715,0.0,0.17331022530329288,0.0,0.0,0.0,8.492201039861353,0.0,0.0,0.0,0.0,0.0,0.0
10429,10,429,1167,753,414,0,586,7,581,5,39,20,249,81,125,12,0,0,0,4,0,2,0,0,1,48,0,0,0,0,0,0,50.21422450728363,0.8532423208191127,99.14675767918088,6.712564543889846,3.4423407917383817,42.857142857142854,13.941480206540447,21.514629948364888,2.0654044750430294,0.0,0.0,0.0,0.6884681583476765,0.0,0.34423407917383825,0.0,0.0,0.17211703958691912,8.261617900172118,0.0,0.0,0.0,0.0,0.0,0.0
104A,10,4A,0,0,0,0,556,556,550,6,56,38,147,122,95,5,0,0,0,10,0,1,0,0,4,72,0,0,0,0,0,0,inf,1.079136690647482,98.92086330935251,10.181818181818182,6.909090909090909,26.727272727272727,22.181818181818183,17.272727272727273,0.9090909090909091,0.0,0.0,0.0,1.8181818181818181,0.0,0.18181818181818182,0.0,0.0,0.7272727272727273,13.090909090909092,0.0,0.0,0.0,0.0,0.0,0.0
104B,10,4B,0,0,0,0,523,523,523,0,61,21,151,102,101,8,0,0,0,6,0,2,0,0,3,68,0,0,0,0,0,0,inf,0.0,100.0,11.663479923518166,4.015296367112811,28.87189292543021,19.50286806883365,19.311663479923517,1.5296367112810707,0.0,0.0,0.0,1.147227533460803,0.0,0.3824091778202677,0.0,0.0,0.5736137667304015,13.001912045889103,0.0,0.0,0.0,0.0,0.0,0.0
104C,10,4C,0,0,0,0,554,554,549,5,56,33,149,133,83,12,0,0,0,11,0,0,0,0,2,70,0,0,0,0,0,0,inf,0.9025270758122743,99.09747292418773,10.200364298724955,6.0109289617486334,27.140255009107467,24.225865209471767,15.1183970856102,2.185792349726776,0.0,0.0,0.0,2.0036429872495445,0.0,0.0,0.0,0.0,0.36429872495446264,12.750455373406194,0.0,0.0,0.0,0.0,0.0,0.0
104D,10,4D,0,0,0,0,470,470,469,1,46,15,182,88,86,13,0,0,0,3,0,1,0,0,2,33,0,0,0,0,0,0,inf,0.2127659574468085,99.7872340425532,9.808102345415778,3.1982942430703627,38.80597014925373,18.763326226012794,18.336886993603414,2.771855010660981,0.0,0.0,0.0,0.6396588486140725,0.0,0.21321961620469082,0.0,0.0,0.42643923240938164,7.036247334754798,0.0,0.0,0.0,0.0,0.0,0.0
104E,10,4E,0,0,0,0,350,350,350,0,42,18,112,83,50,4,0,0,0,5,0,0,0,0,2,34,0,0,0,0,0,0,inf,0.0,100.0,12.0,5.142857142857142,32.0,23.714285714285715,14.285714285714285,1.1428571428571428,0.0,0.0,0.0,1.4285714285714286,0.0,0.0,0.0,0.0,0.5714285714285714,9.714285714285714,0.0,0.0,0.0,0.0,0.0,0.0
104F,10,4F,0,0,0,0,526,526,524,2,61,33,143,115,91,8,0,0,0,9,0,1,0,0,1,62,0,0,0,0,0,0,inf,0.38022813688212925,99.61977186311786,11.641221374045802,6.297709923664121,27.29007633587786,21.946564885496183,17.36641221374046,1.5267175572519083,0.0,0.0,0.0,1.717557251908397,0.0,0.19083969465648853,0.0,0.0,0.19083969465648853,11.83206106870229,0.0,0.0,0.0,0.0,0.0,0.0
104G,10,4G,0,0,0,0,377,377,375,2,32,28,161,42,63,8,0,0,0,7,0,0,0,0,0,34,0,0,0,0,0,0,inf,0.5305039787798408,99.46949602122017,8.533333333333333,7.466666666666668,42.93333333333334,11.200000000000001,16.8,2.1333333333333333,0.0,0.0,0.0,1.866666666666667,0.0,0.0,0.0,0.0,0.0,9.066666666666666,0.0,0.0,0.0,0.0,0.0,0.0
104H,10,4H,0,0,0,0,466,466,459,7,51,33,215,60,54,5,0,0,0,5,0,1,0,0,0,35,0,0,0,0,0,0,inf,1.502145922746781,98.49785407725322,11.11111111111111,7.18954248366013,46.84095860566449,13.071895424836603,11.76470588235294,1.0893246187363834,0.0,0.0,0.0,1.0893246187363834,0.0,0.2178649237472767,0.0,0.0,0.0,7.625272331154684,0.0,0.0,0.0,0.0,0.0,0.0
104J,10,4J,0,0,0,0,332,332,331,1,29,21,118,75,50,2,0,0,0,3,0,0,0,0,0,33,0,0,0,0,0,0,inf,0.30120481927710846,99.69879518072288,8.761329305135952,6.3444108761329305,35.64954682779456,22.658610271903324,15.105740181268882,0.6042296072507553,0.0,0.0,0.0,0.906344410876133,0.0,0.0,0.0,0.0,0.0,9.969788519637463,0.0,0.0,0.0,0.0,0.0,0.0
104K,10,4K,0,0,0,0,560,560,554,6,72,25,188,98,94,5,0,0,0,8,0,0,0,0,2,62,0,0,0,0,0,0,inf,1.0714285714285714,98.92857142857143,12.996389891696749,4.512635379061372,33.935018050541515,17.689530685920577,16.967509025270758,0.9025270758122743,0.0,0.0,0.0,1.444043321299639,0.0,0.0,0.0,0.0,0.36101083032490977,11.191335740072201,0.0,0.0,0.0,0.0,0.0,0.0
104L,10,4L,0,0,0,0,638,638,631,7,77,38,192,127,109,6,0,0,0,15,0,1,0,0,2,64,0,0,0,0,0,0,inf,1.09717868338558,98.90282131661442,12.202852614896988,6.022187004754358,30.427892234548338,20.126782884310618,17.27416798732171,0.9508716323296356,0.0,0.0,0.0,2.3771790808240887,0.0,0.15847860538827258,0.0,0.0,0.31695721077654515,10.142630744849445,0.0,0.0,0.0,0.0,0.0,0.0
104M,10,4M,0,0,0,0,520,520,518,2,48,35,226,83,75,6,0,0,0,3,0,0,0,0,2,40,0,0,0,0,0,0,inf,0.38461538461538464,99.61538461538461,9.266409266409266,6.756756756756757,43.62934362934363,16.023166023166024,14.478764478764477,1.1583011583011582,0.0,0.0,0.0,0.5791505791505791,0.0,0.0,0.0,0.0,0.3861003861003861,7.722007722007722,0.0,0.0,0.0,0.0,0.0,0.0
104N,10,4N,0,0,0,0,572,572,571,1,71,42,240,80,61,8,0,0,0,9,0,0,0,0,2,58,0,0,0,0,0,0,inf,0.17482517482517482,99.82517482517483,12.43432574430823,7.355516637478108,42.03152364273205,14.010507880910684,10.683012259194395,1.4010507880910683,0.0,0.0,0.0,1.5761821366024518,0.0,0.0,0.0,0.0,0.3502626970227671,10.157618213660244,0.0,0.0,0.0,0.0,0.0,0.0
104P,10,4P,0,0,0,0,435,435,434,1,43,32,181,73,50,6,0,0,0,6,0,1,0,0,0,42,0,0,0,0,0,0,inf,0.22988505747126436,99.77011494252874,9.90783410138249,7.373271889400922,41.705069124423964,16.82027649769585,11.52073732718894,1.3824884792626728,0.0,0.0,0.0,1.3824884792626728,0.0,0.2304147465437788,0.0,0.0,0.0,9.67741935483871,0.0,0.0,0.0,0.0,0.0,0.0
104Q,10,4Q,0,0,0,0,412,412,409,3,51,29,176,53,46,15,0,0,0,3,0,0,0,0,0,36,0,0,0,0,0,0,inf,0.7281553398058253,99.27184466019418,12.469437652811736,7.090464547677261,43.03178484107579,12.95843520782396,11.246943765281173,3.6674816625916873,0.0,0.0,0.0,0.7334963325183375,0.0,0.0,0.0,0.0,0.0,8.80195599022005,0.0,0.0,0.0,0.0,0.0,0.0
104R,10,4R,0,0,0,0,372,372,370,2,44,44,131,75,34,1,0,0,0,9,0,1,0,0,2,29,0,0,0,0,0,0,inf,0.5376344086021506,99.46236559139786,11.891891891891893,11.891891891891893,35.4054054054054,20.27027027027027,9.18918918918919,0.2702702702702703,0.0,0.0,0.0,2.4324324324324325,0.0,0.2702702702702703,0.0,0.0,0.5405405405405406,7.837837837837839,0.0,0.0,0.0,0.0,0.0,0.0
104S,10,4S,0,0,0,0,415,415,415,0,39,43,192,49,46,7,0,0,0,2,0,1,0,0,1,35,0,0,0,0,0,0,inf,0.0,100.0,9.397590361445783,10.361445783132531,46.265060240963855,11.80722891566265,11.08433734939759,1.6867469879518073,0.0,0.0,0.0,0.48192771084337355,0.0,0.24096385542168677,0.0,0.0,0.24096385542168677,8.433734939759036,0.0,0.0,0.0,0.0,0.0,0.0
104T,10,4T,0,0,0,0,365,365,365,0,24,21,203,54,21,2,0,0,0,5,0,2,0,0,0,33,0,0,0,0,0,0,inf,0.0,100.0,6.575342465753424,5.7534246575342465,55.61643835616439,14.794520547945206,5.7534246575342465,0.547945205479452,0.0,0.0,0.0,1.36986301369863,0.0,0.547945205479452,0.0,0.0,0.0,9.04109589041096,0.0,0.0,0.0,0.0,0.0,0.0
104V,10,4V,0,0,0,0,418,418,416,2,46,36,193,51,52,9,0,0,0,1,0,0,0,0,0,28,0,0,0,0,0,0,inf,0.4784688995215311,99.52153110047847,11.057692307692307,8.653846153846153,46.394230769230774,12.259615384615383,12.5,2.1634615384615383,0.0,0.0,0.0,0.2403846153846154,0.0,0.0,0.0,0.0,0.0,6.730769230769231,0.0,0.0,0.0,0.0,0.0,0.0
104W,10,4W,0,0,0,0,407,407,402,5,49,34,189,47,33,3,0,0,0,11,0,0,0,0,0,36,0,0,0,0,0,0,inf,1.2285012285012284,98.77149877149877,12.189054726368159,8.45771144278607,47.01492537313433,11.691542288557214,8.208955223880597,0.7462686567164178,0.0,0.0,0.0,2.736318407960199,0.0,0.0,0.0,0.0,0.0,8.955223880597014,0.0,0.0,0.0,0.0,0.0,0.0
104X,10,4X,0,0,0,0,388,388,384,4,36,46,193,42,28,4,0,0,0,3,0,0,0,0,3,29,0,0,0,0,0,0,inf,1.0309278350515463,98.96907216494846,9.375,11.979166666666668,50.260416666666664,10.9375,7.291666666666667,1.0416666666666665,0.0,0.0,0.0,0.78125,0.0,0.0,0.0,0.0,0.78125,7.552083333333333,0.0,0.0,0.0,0.0,0.0,0.0
104Y,10,4Y,0,0,0,0,343,343,339,4,35,15,152,48,50,3,0,0,0,4,0,0,0,0,0,32,0,0,0,0,0,0,inf,1.1661807580174928,98.83381924198251,10.32448377581121,4.424778761061947,44.83775811209439,14.15929203539823,14.749262536873156,0.8849557522123894,0.0,0.0,0.0,1.1799410029498525,0.0,0.0,0.0,0.0,0.0,9.43952802359882,0.0,0.0,0.0,0.0,0.0,0.0
104Z,10,4Z,0,0,0,0,379,379,378,1,40,32,172,37,47,0,0,0,0,4,0,0,0,0,1,45,0,0,0,0,0,0,inf,0.2638522427440633,99.73614775725594,10.582010582010582,8.465608465608465,45.5026455026455,9.788359788359788,12.433862433862434,0.0,0.0,0.0,0.0,1.0582010582010581,0.0,0.0,0.0,0.0,0.26455026455026454,11.904761904761903,0.0,0.0,0.0,0.0,0.0,0.0
10501,10,501,1167,699,468,0,607,4,606,1,40,20,250,76,150,6,0,0,0,3,0,1,0,0,2,58,0,0,0,0,0,0,52.01371036846615,0.16474464579901155,99.835255354201,6.6006600660066,3.3003300330033,41.254125412541256,12.541254125412541,24.752475247524753,0.9900990099009901,0.0,0.0,0.0,0.49504950495049505,0.0,0.16501650165016502,0.0,0.0,0.33003300330033003,9.570957095709572,0.0,0.0,0.0,0.0,0.0,0.0
10502,10,502,1188,650,538,0,550,8,544,6,31,22,231,85,130,7,0,0,0,5,0,0,0,0,0,33,0,0,0,0,0,0,46.2962962962963,1.090909090909091,98.9090909090909,5.698529411764706,4.044117647058823,42.463235294117645,15.625,23.897058823529413,1.2867647058823528,0.0,0.0,0.0,0.9191176470588236,0.0,0.0,0.0,0.0,0.0,6.0661764705882355,0.0,0.0,0.0,0.0,0.0,0.0
10503,10,503,1229,649,580,0,546,4,542,4,20,28,219,56,160,4,0,0,0,7,0,0,0,0,5,43,0,0,0,0,0,0,44.42636289666396,0.7326007326007326,99.26739926739927,3.6900369003690034,5.166051660516605,40.405904059040594,10.33210332103321,29.520295202952028,0.7380073800738007,0.0,0.0,0.0,1.2915129151291513,0.0,0.0,0.0,0.0,0.9225092250922509,7.9335793357933575,0.0,0.0,0.0,0.0,0.0,0.0
10504,10,504,1200,693,507,0,626,10,623,3,38,32,286,56,159,8,0,0,0,5,0,0,0,0,1,38,0,0,0,0,0,0,52.166666666666664,0.4792332268370607,99.52076677316293,6.099518459069021,5.136436597110754,45.90690208667737,8.98876404494382,25.52166934189406,1.2841091492776886,0.0,0.0,0.0,0.8025682182985553,0.0,0.0,0.0,0.0,0.16051364365971107,6.099518459069021,0.0,0.0,0.0,0.0,0.0,0.0
10505,10,505,1179,706,473,0,627,6,622,5,36,25,273,68,172,16,0,0,0,7,0,0,0,0,1,24,0,0,0,0,0,0,53.18066157760815,0.7974481658692184,99.20255183413079,5.787781350482315,4.019292604501608,43.89067524115756,10.932475884244374,27.652733118971064,2.572347266881029,0.0,0.0,0.0,1.1254019292604502,0.0,0.0,0.0,0.0,0.1607717041800643,3.858520900321544,0.0,0.0,0.0,0.0,0.0,0.0
10506,10,506,1229,827,402,0,700,4,699,1,51,37,331,73,153,11,0,0,0,5,0,0,0,0,2,36,0,0,0,0,0,0,56.95687550854353,0.14285714285714285,99.85714285714286,7.296137339055794,5.293276108726753,47.35336194563662,10.44349070100143,21.888412017167383,1.5736766809728182,0.0,0.0,0.0,0.7153075822603719,0.0,0.0,0.0,0.0,0.28612303290414876,5.150214592274678,0.0,0.0,0.0,0.0,0.0,0.0
10507,10,507,1289,760,529,0,596,7,592,4,33,30,231,86,150,6,0,0,0,4,0,0,0,0,0,52,0,0,0,0,0,0,46.23739332816136,0.6711409395973155,99.32885906040269,5.574324324324325,5.0675675675675675,39.02027027027027,14.527027027027026,25.33783783783784,1.0135135135135136,0.0,0.0,0.0,0.6756756756756757,0.0,0.0,0.0,0.0,0.0,8.783783783783784,0.0,0.0,0.0,0.0,0.0,0.0
10508,10,508,1002,617,385,0,521,6,517,4,43,39,193,79,111,5,0,0,0,4,0,1,0,0,1,41,0,0,0,0,0,0,51.996007984031934,0.7677543186180422,99.23224568138195,8.317214700193423,7.543520309477756,37.33075435203095,15.28046421663443,21.470019342359766,0.9671179883945842,0.0,0.0,0.0,0.7736943907156674,0.0,0.19342359767891684,0.0,0.0,0.19342359767891684,7.930367504835589,0.0,0.0,0.0,0.0,0.0,0.0
10509,10,509,1272,814,458,0,564,4,560,4,39,27,214,87,134,6,0,0,0,3,0,2,0,0,2,46,0,0,0,0,0,0,44.339622641509436,0.7092198581560284,99.29078014184397,6.964285714285714,4.821428571428572,38.21428571428571,15.535714285714286,23.92857142857143,1.0714285714285714,0.0,0.0,0.0,0.5357142857142857,0.0,0.35714285714285715,0.0,0.0,0.35714285714285715,8.214285714285714,0.0,0.0,0.0,0.0,0.0,0.0
10510,10,510,976,528,448,0,447,6,442,5,34,20,179,67,96,2,0,0,0,1,0,6,0,0,0,37,0,0,0,0,0,0,45.799180327868854,1.1185682326621924,98.88143176733782,7.6923076923076925,4.524886877828054,40.497737556561084,15.158371040723981,21.71945701357466,0.4524886877828055,0.0,0.0,0.0,0.22624434389140274,0.0,1.3574660633484164,0.0,0.0,0.0,8.3710407239819,0.0,0.0,0.0,0.0,0.0,0.0
10511,10,511,1116,684,432,0,552,2,549,3,29,29,241,72,127,9,0,0,0,3,0,1,0,0,1,37,0,0,0,0,0,0,49.46236559139785,0.5434782608695652,99.45652173913044,5.2823315118397085,5.2823315118397085,43.89799635701275,13.114754098360656,23.13296903460838,1.639344262295082,0.0,0.0,0.0,0.546448087431694,0.0,0.18214936247723132,0.0,0.0,0.18214936247723132,6.739526411657559,0.0,0.0,0.0,0.0,0.0,0.0
10512,10,512,1139,760,379,0,623,5,618,5,36,32,250,100,150,3,0,0,0,5,0,1,0,0,0,41,0,0,0,0,0,0,54.69710272168569,0.8025682182985553,99.19743178170144,5.825242718446602,5.177993527508091,40.45307443365696,16.181229773462782,24.271844660194176,0.48543689320388345,0.0,0.0,0.0,0.8090614886731391,0.0,0.16181229773462785,0.0,0.0,0.0,6.634304207119741,0.0,0.0,0.0,0.0,0.0,0.0
10513,10,513,1180,723,457,0,640,4,635,5,41,33,271,59,172,13,0,0,0,4,0,0,0,0,0,42,0,0,0,0,0,0,54.23728813559322,0.78125,99.21875,6.456692913385827,5.196850393700787,42.67716535433071,9.291338582677165,27.086614173228345,2.047244094488189,0.0,0.0,0.0,0.6299212598425197,0.0,0.0,0.0,0.0,0.0,6.6141732283464565,0.0,0.0,0.0,0.0,0.0,0.0
10514,10,514,1103,592,511,0,522,15,518,4,33,30,211,80,107,11,0,0,0,5,0,0,0,0,3,38,0,0,0,0,0,0,47.32547597461469,0.7662835249042145,99.23371647509579,6.370656370656371,5.7915057915057915,40.73359073359074,15.444015444015443,20.656370656370658,2.1235521235521233,0.0,0.0,0.0,0.9652509652509652,0.0,0.0,0.0,0.0,0.5791505791505791,7.335907335907336,0.0,0.0,0.0,0.0,0.0,0.0
10515,10,515,1050,659,391,0,580,2,576,4,24,22,276,52,146,6,0,0,0,7,0,0,0,0,4,39,0,0,0,0,0,0,55.23809523809524,0.6896551724137931,99.3103448275862,4.166666666666666,3.8194444444444446,47.91666666666667,9.027777777777777,25.34722222222222,1.0416666666666665,0.0,0.0,0.0,1.215277777777778,0.0,0.0,0.0,0.0,0.6944444444444444,6.770833333333333,0.0,0.0,0.0,0.0,0.0,0.0
10516,10,516,1089,692,397,0,635,5,633,2,46,29,325,49,137,14,0,0,0,5,0,1,0,0,0,27,0,0,0,0,0,0,58.31037649219467,0.31496062992125984,99.68503937007874,7.266982622432859,4.581358609794629,51.342812006319114,7.740916271721959,21.642969984202214,2.211690363349131,0.0,0.0,0.0,0.7898894154818324,0.0,0.1579778830963665,0.0,0.0,0.0,4.265402843601896,0.0,0.0,0.0,0.0,0.0,0.0
10517,10,517,1048,660,388,0,586,14,581,5,32,23,284,73,129,7,0,0,0,5,0,0,0,0,2,26,0,0,0,0,0,0,55.916030534351144,0.8532423208191127,99.14675767918088,5.507745266781412,3.9586919104991396,48.88123924268503,12.564543889845096,22.203098106712567,1.2048192771084338,0.0,0.0,0.0,0.8605851979345954,0.0,0.0,0.0,0.0,0.34423407917383825,4.475043029259897,0.0,0.0,0.0,0.0,0.0,0.0
10518,10,518,1055,659,396,0,602,9,601,1,30,13,313,61,137,7,0,0,0,2,0,0,0,0,0,38,0,0,0,0,0,0,57.06161137440758,0.16611295681063123,99.83388704318938,4.9916805324459235,2.1630615640599005,52.079866888519135,10.149750415973378,22.795341098169715,1.1647254575707155,0.0,0.0,0.0,0.33277870216306155,0.0,0.0,0.0,0.0,0.0,6.322795341098169,0.0,0.0,0.0,0.0,0.0,0.0
10519,10,519,1059,717,342,0,630,4,624,6,35,18,324,65,128,7,0,0,0,5,0,0,0,0,1,41,0,0,0,0,0,0,59.490084985835686,0.9523809523809524,99.04761904761905,5.6089743589743595,2.8846153846153846,51.92307692307693,10.416666666666668,20.51282051282051,1.1217948717948718,0.0,0.0,0.0,0.8012820512820512,0.0,0.0,0.0,0.0,0.16025641025641024,6.570512820512821,0.0,0.0,0.0,0.0,0.0,0.0
10520,10,520,1138,666,472,0,594,4,588,6,31,31,267,59,158,8,0,0,0,2,0,0,0,0,1,31,0,0,0,0,0,0,52.196836555360285,1.0101010101010102,98.98989898989899,5.272108843537415,5.272108843537415,45.40816326530612,10.034013605442176,26.87074829931973,1.3605442176870748,0.0,0.0,0.0,0.3401360544217687,0.0,0.0,0.0,0.0,0.17006802721088435,5.272108843537415,0.0,0.0,0.0,0.0,0.0,0.0
10521,10,521,1108,679,429,0,558,5,552,6,38,27,268,57,123,1,0,0,0,3,0,1,0,0,2,32,0,0,0,0,0,0,50.361010830324915,1.0752688172043012,98.9247311827957,6.884057971014493,4.891304347826087,48.55072463768116,10.326086956521738,22.282608695652172,0.18115942028985507,0.0,0.0,0.0,0.5434782608695652,0.0,0.18115942028985507,0.0,0.0,0.36231884057971014,5.797101449275362,0.0,0.0,0.0,0.0,0.0,0.0
10522,10,522,1030,611,419,0,515,6,513,2,43,19,194,69,138,9,0,0,0,3,0,0,0,0,0,38,0,0,0,0,0,0,50.0,0.3883495145631068,99.6116504854369,8.382066276803119,3.7037037037037033,37.8167641325536,13.450292397660817,26.900584795321635,1.7543859649122806,0.0,0.0,0.0,0.5847953216374269,0.0,0.0,0.0,0.0,0.0,7.4074074074074066,0.0,0.0,0.0,0.0,0.0,0.0
10523,10,523,1031,600,431,0,537,4,534,3,30,32,233,76,108,12,0,0,0,4,0,1,0,0,1,37,0,0,0,0,0,0,52.08535402521824,0.5586592178770949,99.4413407821229,5.617977528089887,5.992509363295881,43.63295880149813,14.232209737827715,20.224719101123593,2.247191011235955,0.0,0.0,0.0,0.7490636704119851,0.0,0.18726591760299627,0.0,0.0,0.18726591760299627,6.928838951310862,0.0,0.0,0.0,0.0,0.0,0.0
10524,10,524,1052,643,409,0,578,12,576,2,30,20,253,68,152,11,0,0,0,2,0,0,0,0,0,40,0,0,0,0,0,0,54.94296577946768,0.34602076124567477,99.65397923875432,5.208333333333334,3.4722222222222223,43.92361111111111,11.805555555555555,26.38888888888889,1.9097222222222223,0.0,0.0,0.0,0.3472222222222222,0.0,0.0,0.0,0.0,0.0,6.944444444444445,0.0,0.0,0.0,0.0,0.0,0.0
10525,10,525,1041,675,366,0,604,4,601,3,39,13,276,54,181,13,0,0,0,2,0,1,0,0,0,22,0,0,0,0,0,0,58.02113352545629,0.49668874172185434,99.50331125827815,6.4891846921797,2.1630615640599005,45.92346089850249,8.985024958402663,30.116472545757073,2.1630615640599005,0.0,0.0,0.0,0.33277870216306155,0.0,0.16638935108153077,0.0,0.0,0.0,3.6605657237936775,0.0,0.0,0.0,0.0,0.0,0.0
10526,10,526,1028,641,387,0,573,4,570,3,39,21,271,51,136,8,0,0,0,6,0,0,0,0,2,36,0,0,0,0,0,0,55.739299610894946,0.5235602094240838,99.47643979057592,6.842105263157896,3.684210526315789,47.54385964912281,8.947368421052632,23.859649122807017,1.4035087719298245,0.0,0.0,0.0,1.0526315789473684,0.0,0.0,0.0,0.0,0.3508771929824561,6.315789473684211,0.0,0.0,0.0,0.0,0.0,0.0
10527,10,527,1115,717,398,0,617,9,611,6,21,22,333,66,118,5,0,0,0,4,0,0,0,0,1,41,0,0,0,0,0,0,55.336322869955154,0.9724473257698543,99.02755267423015,3.436988543371522,3.600654664484452,54.50081833060556,10.801963993453354,19.312602291325696,0.8183306055646482,0.0,0.0,0.0,0.6546644844517185,0.0,0.0,0.0,0.0,0.16366612111292964,6.710310965630114,0.0,0.0,0.0,0.0,0.0,0.0
10528,10,528,1139,718,421,0,600,6,599,1,41,31,247,86,147,7,0,0,0,2,0,1,0,0,1,36,0,0,0,0,0,0,52.67778753292362,0.16666666666666669,99.83333333333333,6.844741235392321,5.175292153589315,41.235392320534224,14.357262103505844,24.540901502504173,1.1686143572621035,0.0,0.0,0.0,0.333889816360601,0.0,0.1669449081803005,0.0,0.0,0.1669449081803005,6.010016694490818,0.0,0.0,0.0,0.0,0.0,0.0
10529,10,529,1068,603,465,0,498,4,497,1,23,26,230,51,122,10,0,0,0,11,0,0,0,0,0,24,0,0,0,0,0,0,46.62921348314607,0.2008032128514056,99.79919678714859,4.627766599597585,5.23138832997988,46.27766599597585,10.261569416498995,24.547283702213278,2.0120724346076457,0.0,0.0,0.0,2.2132796780684103,0.0,0.0,0.0,0.0,0.0,4.82897384305835,0.0,0.0,0.0,0.0,0.0,0.0
10530,10,530,1217,722,495,0,588,17,585,3,25,20,249,83,140,8,0,0,0,3,0,1,0,0,2,54,0,0,0,0,0,0,48.31552999178307,0.5102040816326531,99.48979591836735,4.273504273504273,3.418803418803419,42.56410256410256,14.188034188034187,23.931623931623932,1.3675213675213675,0.0,0.0,0.0,0.5128205128205128,0.0,0.17094017094017094,0.0,0.0,0.3418803418803419,9.230769230769232,0.0,0.0,0.0,0.0,0.0,0.0
105A,10,5A,0,0,0,0,447,447,444,3,29,30,238,55,54,4,0,0,0,2,0,1,0,0,0,31,0,0,0,0,0,0,inf,0.6711409395973155,99.32885906040269,6.531531531531531,6.756756756756757,53.6036036036036,12.387387387387387,12.162162162162163,0.9009009009009009,0.0,0.0,0.0,0.45045045045045046,0.0,0.22522522522522523,0.0,0.0,0.0,6.981981981981981,0.0,0.0,0.0,0.0,0.0,0.0
105B,10,5B,0,0,0,0,506,506,505,1,51,28,247,58,66,5,0,0,0,5,0,0,0,0,1,44,0,0,0,0,0,0,inf,0.1976284584980237,99.80237154150198,10.099009900990099,5.544554455445545,48.91089108910891,11.485148514851486,13.06930693069307,0.9900990099009901,0.0,0.0,0.0,0.9900990099009901,0.0,0.0,0.0,0.0,0.19801980198019803,8.712871287128712,0.0,0.0,0.0,0.0,0.0,0.0
105C,10,5C,0,0,0,0,553,553,553,0,47,34,239,71,85,8,0,0,0,3,0,3,0,0,2,61,0,0,0,0,0,0,inf,0.0,100.0,8.499095840867993,6.148282097649186,43.21880650994575,12.839059674502712,15.370705244122965,1.4466546112115732,0.0,0.0,0.0,0.5424954792043399,0.0,0.5424954792043399,0.0,0.0,0.3616636528028933,11.030741410488245,0.0,0.0,0.0,0.0,0.0,0.0
105D,10,5D,0,0,0,0,479,479,477,2,41,22,267,45,63,1,0,0,0,6,0,0,0,0,0,32,0,0,0,0,0,0,inf,0.41753653444676403,99.58246346555325,8.59538784067086,4.612159329140461,55.9748427672956,9.433962264150944,13.20754716981132,0.20964360587002098,0.0,0.0,0.0,1.257861635220126,0.0,0.0,0.0,0.0,0.0,6.708595387840671,0.0,0.0,0.0,0.0,0.0,0.0
105E,10,5E,0,0,0,0,456,456,454,2,45,27,255,52,46,1,0,0,0,3,0,1,0,0,0,24,0,0,0,0,0,0,inf,0.43859649122807015,99.56140350877193,9.911894273127754,5.947136563876652,56.167400881057276,11.45374449339207,10.13215859030837,0.22026431718061676,0.0,0.0,0.0,0.6607929515418502,0.0,0.22026431718061676,0.0,0.0,0.0,5.286343612334802,0.0,0.0,0.0,0.0,0.0,0.0
105F,10,5F,0,0,0,0,374,374,373,1,36,26,209,28,50,6,0,0,0,2,0,0,0,0,0,16,0,0,0,0,0,0,inf,0.267379679144385,99.73262032085562,9.651474530831099,6.970509383378016,56.03217158176944,7.506702412868632,13.404825737265416,1.6085790884718498,0.0,0.0,0.0,0.5361930294906166,0.0,0.0,0.0,0.0,0.0,4.289544235924933,0.0,0.0,0.0,0.0,0.0,0.0
105G,10,5G,0,0,0,0,485,485,485,0,47,40,228,86,38,5,0,0,0,6,0,1,0,0,2,32,0,0,0,0,0,0,inf,0.0,100.0,9.690721649484537,8.24742268041237,47.01030927835051,17.7319587628866,7.835051546391752,1.0309278350515463,0.0,0.0,0.0,1.2371134020618557,0.0,0.2061855670103093,0.0,0.0,0.4123711340206186,6.5979381443298974,0.0,0.0,0.0,0.0,0.0,0.0
105H,10,5H,0,0,0,0,367,367,364,3,37,22,166,61,40,2,0,0,0,4,0,0,0,0,1,31,0,0,0,0,0,0,inf,0.8174386920980926,99.1825613079019,10.164835164835164,6.043956043956044,45.604395604395606,16.758241758241756,10.989010989010989,0.5494505494505495,0.0,0.0,0.0,1.098901098901099,0.0,0.0,0.0,0.0,0.27472527472527475,8.516483516483516,0.0,0.0,0.0,0.0,0.0,0.0
105J,10,5J,0,0,0,0,419,419,418,1,51,24,151,78,57,4,0,0,0,9,0,0,0,0,4,40,0,0,0,0,0,0,inf,0.23866348448687352,99.76133651551312,12.200956937799043,5.741626794258373,36.124401913875595,18.660287081339714,13.636363636363635,0.9569377990430622,0.0,0.0,0.0,2.15311004784689,0.0,0.0,0.0,0.0,0.9569377990430622,9.569377990430622,0.0,0.0,0.0,0.0,0.0,0.0
105K,10,5K,0,0,0,0,424,424,422,2,32,22,210,52,55,6,0,0,0,6,0,0,0,0,1,38,0,0,0,0,0,0,inf,0.4716981132075472,99.52830188679245,7.5829383886255926,5.213270142180095,49.763033175355446,12.322274881516588,13.033175355450238,1.4218009478672986,0.0,0.0,0.0,1.4218009478672986,0.0,0.0,0.0,0.0,0.23696682464454977,9.004739336492891,0.0,0.0,0.0,0.0,0.0,0.0
105L,10,5L,0,0,0,0,424,424,422,2,40,27,203,58,57,4,0,0,0,1,0,0,0,0,0,32,0,0,0,0,0,0,inf,0.4716981132075472,99.52830188679245,9.47867298578199,6.398104265402843,48.1042654028436,13.744075829383887,13.507109004739338,0.9478672985781991,0.0,0.0,0.0,0.23696682464454977,0.0,0.0,0.0,0.0,0.0,7.5829383886255926,0.0,0.0,0.0,0.0,0.0,0.0
105M,10,5M,0,0,0,0,347,347,347,0,32,25,178,47,35,3,0,0,0,1,0,1,0,0,1,24,0,0,0,0,0,0,inf,0.0,100.0,9.221902017291066,7.204610951008646,51.29682997118156,13.544668587896252,10.086455331412104,0.8645533141210375,0.0,0.0,0.0,0.2881844380403458,0.0,0.2881844380403458,0.0,0.0,0.2881844380403458,6.9164265129683,0.0,0.0,0.0,0.0,0.0,0.0
105N,10,5N,0,0,0,0,435,435,429,6,35,42,220,51,42,8,0,0,0,3,0,2,0,0,0,26,0,0,0,0,0,0,inf,1.3793103448275863,98.62068965517241,8.158508158508159,9.79020979020979,51.28205128205128,11.888111888111888,9.79020979020979,1.8648018648018647,0.0,0.0,0.0,0.6993006993006993,0.0,0.4662004662004662,0.0,0.0,0.0,6.0606060606060606,0.0,0.0,0.0,0.0,0.0,0.0
105P,10,5P,0,0,0,0,472,472,470,2,44,46,219,74,38,7,0,0,0,3,0,1,0,0,1,37,0,0,0,0,0,0,inf,0.423728813559322,99.57627118644068,9.361702127659575,9.787234042553191,46.59574468085106,15.74468085106383,8.085106382978724,1.4893617021276597,0.0,0.0,0.0,0.6382978723404255,0.0,0.2127659574468085,0.0,0.0,0.2127659574468085,7.872340425531915,0.0,0.0,0.0,0.0,0.0,0.0
105Q,10,5Q,0,0,0,0,368,368,368,0,35,12,200,36,60,1,0,0,0,0,0,0,0,0,0,24,0,0,0,0,0,0,inf,0.0,100.0,9.510869565217392,3.260869565217391,54.347826086956516,9.782608695652174,16.304347826086957,0.2717391304347826,0.0,0.0,0.0,0.0,0.0,0.0,0.0,0.0,0.0,6.521739130434782,0.0,0.0,0.0,0.0,0.0,0.0
105R,10,5R,0,0,0,0,377,377,372,5,21,27,225,34,40,3,0,0,0,0,0,0,0,0,2,20,0,0,0,0,0,0,inf,1.3262599469496021,98.6737400530504,5.64516129032258,7.258064516129033,60.483870967741936,9.13978494623656,10.75268817204301,0.8064516129032258,0.0,0.0,0.0,0.0,0.0,0.0,0.0,0.0,0.5376344086021506,5.376344086021505,0.0,0.0,0.0,0.0,0.0,0.0
105S,10,5S,0,0,0,0,368,368,368,0,27,18,205,40,42,8,0,0,0,5,0,2,0,0,0,21,0,0,0,0,0,0,inf,0.0,100.0,7.336956521739131,4.891304347826087,55.70652173913043,10.869565217391305,11.41304347826087,2.1739130434782608,0.0,0.0,0.0,1.358695652173913,0.0,0.5434782608695652,0.0,0.0,0.0,5.706521739130435,0.0,0.0,0.0,0.0,0.0,0.0
105T,10,5T,0,0,0,0,370,370,368,2,29,24,185,37,47,2,0,0,0,6,0,0,0,0,0,38,0,0,0,0,0,0,inf,0.5405405405405406,99.45945945945947,7.880434782608696,6.521739130434782,50.27173913043478,10.054347826086957,12.771739130434783,0.5434782608695652,0.0,0.0,0.0,1.6304347826086956,0.0,0.0,0.0,0.0,0.0,10.326086956521738,0.0,0.0,0.0,0.0,0.0,0.0
105V,10,5V,0,0,0,0,321,321,321,0,17,12,182,23,58,4,0,0,0,0,0,0,0,0,1,24,0,0,0,0,0,0,inf,0.0,100.0,5.29595015576324,3.7383177570093453,56.69781931464174,7.165109034267912,18.06853582554517,1.2461059190031152,0.0,0.0,0.0,0.0,0.0,0.0,0.0,0.0,0.3115264797507788,7.476635514018691,0.0,0.0,0.0,0.0,0.0,0.0
105W,10,5W,0,0,0,0,443,443,441,2,25,25,263,47,34,6,0,0,0,4,0,0,0,0,3,34,0,0,0,0,0,0,inf,0.4514672686230248,99.54853273137697,5.6689342403628125,5.6689342403628125,59.63718820861678,10.657596371882086,7.709750566893423,1.3605442176870748,0.0,0.0,0.0,0.9070294784580499,0.0,0.0,0.0,0.0,0.6802721088435374,7.709750566893423,0.0,0.0,0.0,0.0,0.0,0.0
105X,10,5X,0,0,0,0,400,400,396,4,35,16,235,34,45,4,0,0,0,0,0,0,0,0,1,26,0,0,0,0,0,0,inf,1.0,99.0,8.83838383838384,4.040404040404041,59.34343434343434,8.585858585858585,11.363636363636363,1.0101010101010102,0.0,0.0,0.0,0.0,0.0,0.0,0.0,0.0,0.25252525252525254,6.565656565656567,0.0,0.0,0.0,0.0,0.0,0.0
105Y,10,5Y,0,0,0,0,392,392,391,1,37,21,194,55,54,1,0,0,0,2,0,0,0,0,0,27,0,0,0,0,0,0,inf,0.25510204081632654,99.74489795918367,9.462915601023019,5.3708439897698215,49.61636828644501,14.066496163682865,13.810741687979538,0.2557544757033248,0.0,0.0,0.0,0.5115089514066496,0.0,0.0,0.0,0.0,0.0,6.905370843989769,0.0,0.0,0.0,0.0,0.0,0.0
105ZA,10,5ZA,0,0,0,0,409,409,409,0,36,35,203,52,36,5,0,0,0,1,0,0,0,0,0,41,0,0,0,0,0,0,inf,0.0,100.0,8.80195599022005,8.557457212713937,49.63325183374083,12.71393643031785,8.80195599022005,1.2224938875305624,0.0,0.0,0.0,0.24449877750611246,0.0,0.0,0.0,0.0,0.0,10.024449877750612,0.0,0.0,0.0,0.0,0.0,0.0
105ZB,10,5ZB,0,0,0,0,371,371,370,1,25,27,188,50,50,4,0,0,0,1,0,1,0,0,0,24,0,0,0,0,0,0,inf,0.2695417789757413,99.73045822102425,6.756756756756757,7.297297297297297,50.810810810810814,13.513513513513514,13.513513513513514,1.0810810810810811,0.0,0.0,0.0,0.2702702702702703,0.0,0.2702702702702703,0.0,0.0,0.0,6.486486486486487,0.0,0.0,0.0,0.0,0.0,0.0
105ZC,10,5ZC,0,0,0,0,356,356,356,0,27,28,194,41,36,4,0,0,0,0,0,0,0,0,0,26,0,0,0,0,0,0,inf,0.0,100.0,7.584269662921349,7.865168539325842,54.49438202247191,11.51685393258427,10.112359550561797,1.1235955056179776,0.0,0.0,0.0,0.0,0.0,0.0,0.0,0.0,0.0,7.303370786516854,0.0,0.0,0.0,0.0,0.0,0.0
105ZD,10,5ZD,0,0,0,0,366,366,365,1,15,28,198,46,41,1,0,0,0,3,0,4,0,0,0,29,0,0,0,0,0,0,inf,0.273224043715847,99.72677595628416,4.10958904109589,7.671232876712329,54.24657534246575,12.602739726027398,11.232876712328768,0.273972602739726,0.0,0.0,0.0,0.821917808219178,0.0,1.095890410958904,0.0,0.0,0.0,7.9452054794520555,0.0,0.0,0.0,0.0,0.0,0.0
105ZE,10,5ZE,0,0,0,0,363,363,363,0,17,22,215,45,41,1,0,0,0,2,0,0,0,0,0,20,0,0,0,0,0,0,inf,0.0,100.0,4.683195592286501,6.0606060606060606,59.22865013774105,12.396694214876034,11.294765840220386,0.27548209366391185,0.0,0.0,0.0,0.5509641873278237,0.0,0.0,0.0,0.0,0.0,5.5096418732782375,0.0,0.0,0.0,0.0,0.0,0.0
105ZF,10,5ZF,0,0,0,0,398,398,394,4,28,25,187,46,62,7,0,0,0,6,0,0,0,0,0,33,0,0,0,0,0,0,inf,1.0050251256281406,98.99497487437185,7.1065989847715745,6.345177664974619,47.46192893401015,11.6751269035533,15.736040609137056,1.7766497461928936,0.0,0.0,0.0,1.5228426395939088,0.0,0.0,0.0,0.0,0.0,8.375634517766498,0.0,0.0,0.0,0.0,0.0,0.0
105ZG,10,5ZG,0,0,0,0,436,436,436,0,28,24,250,43,54,4,0,0,0,4,0,0,0,0,1,28,0,0,0,0,0,0,inf,0.0,100.0,6.422018348623854,5.5045871559633035,57.3394495412844,9.862385321100918,12.385321100917432,0.9174311926605505,0.0,0.0,0.0,0.9174311926605505,0.0,0.0,0.0,0.0,0.22935779816513763,6.422018348623854,0.0,0.0,0.0,0.0,0.0,0.0
105ZH,10,5ZH,0,0,0,0,464,464,464,0,39,43,235,65,36,6,0,0,0,5,0,0,0,0,0,35,0,0,0,0,0,0,inf,0.0,100.0,8.405172413793103,9.267241379310345,50.646551724137936,14.00862068965517,7.758620689655173,1.293103448275862,0.0,0.0,0.0,1.0775862068965518,0.0,0.0,0.0,0.0,0.0,7.543103448275862,0.0,0.0,0.0,0.0,0.0,0.0
10601,10,601,1245,978,267,0,574,0,568,6,47,9,83,93,260,12,0,0,0,18,0,1,0,0,1,44,0,0,0,0,0,0,46.10441767068273,1.0452961672473868,98.95470383275261,8.274647887323944,1.584507042253521,14.612676056338028,16.37323943661972,45.774647887323944,2.112676056338028,0.0,0.0,0.0,3.169014084507042,0.0,0.17605633802816903,0.0,0.0,0.17605633802816903,7.746478873239436,0.0,0.0,0.0,0.0,0.0,0.0
10602,10,602,1301,989,312,0,658,3,649,9,63,11,133,113,262,4,0,0,0,11,0,2,0,0,3,47,0,0,0,0,0,0,50.57647963105304,1.3677811550151975,98.63221884498479,9.70724191063174,1.694915254237288,20.49306625577812,17.41140215716487,40.36979969183359,0.6163328197226503,0.0,0.0,0.0,1.694915254237288,0.0,0.30816640986132515,0.0,0.0,0.46224961479198773,7.24191063174114,0.0,0.0,0.0,0.0,0.0,0.0
10603,10,603,1219,984,235,0,603,3,591,12,37,12,101,101,269,6,0,0,0,5,0,5,0,0,4,51,0,0,0,0,0,0,49.46677604593929,1.9900497512437811,98.00995024875621,6.260575296108291,2.030456852791878,17.089678510998308,17.089678510998308,45.5160744500846,1.015228426395939,0.0,0.0,0.0,0.8460236886632826,0.0,0.8460236886632826,0.0,0.0,0.676818950930626,8.629441624365482,0.0,0.0,0.0,0.0,0.0,0.0
10604,10,604,1332,964,368,0,644,3,637,7,67,13,148,93,251,5,0,0,0,12,0,1,0,0,1,46,0,0,0,0,0,0,48.348348348348345,1.0869565217391304,98.91304347826086,10.518053375196232,2.0408163265306123,23.233908948194664,14.599686028257459,39.403453689167975,0.7849293563579277,0.0,0.0,0.0,1.8838304552590266,0.0,0.15698587127158556,0.0,0.0,0.15698587127158556,7.221350078492936,0.0,0.0,0.0,0.0,0.0,0.0
10605,10,605,1380,981,399,0,682,11,675,7,54,20,150,118,239,11,0,0,0,22,0,1,0,0,5,55,0,0,0,0,0,0,49.42028985507246,1.0263929618768328,98.97360703812316,8.0,2.9629629629629632,22.22222222222222,17.48148148148148,35.40740740740741,1.6296296296296295,0.0,0.0,0.0,3.259259259259259,0.0,0.14814814814814814,0.0,0.0,0.7407407407407408,8.148148148148149,0.0,0.0,0.0,0.0,0.0,0.0
10606,10,606,1177,882,295,0,576,4,571,5,50,21,121,98,224,12,0,0,0,8,0,0,0,0,2,35,0,0,0,0,0,0,48.93797790994053,0.8680555555555556,99.13194444444444,8.756567425569177,3.677758318739054,21.19089316987741,17.162872154115586,39.229422066549915,2.1015761821366024,0.0,0.0,0.0,1.4010507880910683,0.0,0.0,0.0,0.0,0.3502626970227671,6.129597197898424,0.0,0.0,0.0,0.0,0.0,0.0
10607,10,607,1201,864,337,0,614,5,607,7,47,7,199,91,190,5,0,0,0,7,0,1,0,0,2,58,0,0,0,0,0,0,51.12406328059949,1.1400651465798046,98.8599348534202,7.742998352553541,1.1532125205930808,32.78418451400329,14.991762767710048,31.30148270181219,0.8237232289950577,0.0,0.0,0.0,1.1532125205930808,0.0,0.16474464579901155,0.0,0.0,0.3294892915980231,9.555189456342669,0.0,0.0,0.0,0.0,0.0,0.0
10608,10,608,1272,927,345,0,566,2,565,1,52,10,141,92,217,4,0,0,0,5,0,2,0,0,1,41,0,0,0,0,0,0,44.49685534591195,0.17667844522968199,99.82332155477032,9.20353982300885,1.7699115044247788,24.95575221238938,16.283185840707965,38.4070796460177,0.7079646017699115,0.0,0.0,0.0,0.8849557522123894,0.0,0.35398230088495575,0.0,0.0,0.17699115044247787,7.256637168141593,0.0,0.0,0.0,0.0,0.0,0.0
10609,10,609,1181,983,198,0,643,0,638,5,56,10,150,98,264,5,0,0,0,2,0,1,0,0,2,50,0,0,0,0,0,0,54.445385266723115,0.7776049766718507,99.22239502332815,8.77742946708464,1.5673981191222568,23.510971786833856,15.360501567398119,41.37931034482759,0.7836990595611284,0.0,0.0,0.0,0.3134796238244514,0.0,0.1567398119122257,0.0,0.0,0.3134796238244514,7.836990595611286,0.0,0.0,0.0,0.0,0.0,0.0
10610,10,610,1095,838,257,0,538,5,533,5,42,20,106,102,208,5,0,0,0,5,0,0,0,0,2,43,0,0,0,0,0,0,49.1324200913242,0.929368029739777,99.07063197026022,7.879924953095685,3.75234521575985,19.887429643527206,19.136960600375236,39.02439024390244,0.9380863039399625,0.0,0.0,0.0,0.9380863039399625,0.0,0.0,0.0,0.0,0.37523452157598497,8.067542213883677,0.0,0.0,0.0,0.0,0.0,0.0
10611,10,611,1085,811,274,0,556,7,554,2,55,18,112,107,201,3,0,0,0,3,0,2,0,0,4,49,0,0,0,0,0,0,51.244239631336406,0.3597122302158274,99.64028776978418,9.927797833935017,3.2490974729241873,20.216606498194945,19.314079422382672,36.28158844765343,0.5415162454873645,0.0,0.0,0.0,0.5415162454873645,0.0,0.36101083032490977,0.0,0.0,0.7220216606498195,8.844765342960288,0.0,0.0,0.0,0.0,0.0,0.0
10612,10,612,1012,692,320,0,467,5,463,4,35,12,109,100,170,6,0,0,0,3,0,0,0,0,0,28,0,0,0,0,0,0,46.14624505928854,0.8565310492505354,99.14346895074947,7.559395248380129,2.591792656587473,23.542116630669547,21.598272138228943,36.7170626349892,1.2958963282937366,0.0,0.0,0.0,0.6479481641468683,0.0,0.0,0.0,0.0,0.0,6.047516198704104,0.0,0.0,0.0,0.0,0.0,0.0
10613,10,613,1079,768,311,0,554,4,551,3,46,14,146,85,197,10,0,0,0,9,0,1,0,0,2,41,0,0,0,0,0,0,51.343836886005555,0.5415162454873645,99.45848375451264,8.348457350272232,2.540834845735027,26.497277676950997,15.426497277676951,35.75317604355717,1.8148820326678767,0.0,0.0,0.0,1.6333938294010888,0.0,0.18148820326678766,0.0,0.0,0.3629764065335753,7.441016333938294,0.0,0.0,0.0,0.0,0.0,0.0
10614,10,614,1241,892,349,0,489,1,483,6,41,8,129,71,169,9,0,0,0,7,0,0,0,0,1,48,0,0,0,0,0,0,39.40370668815471,1.2269938650306749,98.77300613496932,8.488612836438923,1.6563146997929608,26.70807453416149,14.699792960662524,34.989648033126294,1.8633540372670807,0.0,0.0,0.0,1.4492753623188406,0.0,0.0,0.0,0.0,0.2070393374741201,9.937888198757763,0.0,0.0,0.0,0.0,0.0,0.0
10615,10,615,1231,844,387,0,668,4,666,2,63,18,183,121,218,8,0,0,0,8,0,0,0,0,1,46,0,0,0,0,0,0,54.26482534524777,0.29940119760479045,99.7005988023952,9.45945945945946,2.7027027027027026,27.47747747747748,18.16816816816817,32.732732732732735,1.2012012012012012,0.0,0.0,0.0,1.2012012012012012,0.0,0.0,0.0,0.0,0.15015015015015015,6.906906906906906,0.0,0.0,0.0,0.0,0.0,0.0
10616,10,616,1088,753,335,0,630,2,627,3,50,34,226,90,163,8,0,0,0,8,0,2,0,0,4,42,0,0,0,0,0,0,57.904411764705884,0.4761904761904762,99.52380952380952,7.974481658692185,5.422647527910686,36.04465709728867,14.354066985645932,25.996810207336523,1.2759170653907497,0.0,0.0,0.0,1.2759170653907497,0.0,0.3189792663476874,0.0,0.0,0.6379585326953748,6.698564593301436,0.0,0.0,0.0,0.0,0.0,0.0
10617,10,617,1128,714,414,0,631,8,627,4,41,15,281,92,137,10,0,0,0,7,0,0,0,0,0,44,0,0,0,0,0,0,55.939716312056746,0.6339144215530903,99.3660855784469,6.539074960127592,2.3923444976076556,44.81658692185008,14.673046251993622,21.850079744816586,1.5948963317384368,0.0,0.0,0.0,1.1164274322169059,0.0,0.0,0.0,0.0,0.0,7.017543859649122,0.0,0.0,0.0,0.0,0.0,0.0
10618,10,618,1100,783,317,0,585,5,579,6,53,23,130,103,215,7,0,0,0,3,0,1,0,0,1,43,0,0,0,0,0,0,53.18181818181819,1.0256410256410255,98.97435897435898,9.153713298791018,3.9723661485319512,22.452504317789295,17.78929188255613,37.13298791018998,1.2089810017271159,0.0,0.0,0.0,0.5181347150259068,0.0,0.17271157167530224,0.0,0.0,0.17271157167530224,7.4265975820379975,0.0,0.0,0.0,0.0,0.0,0.0
10619,10,619,1097,729,368,0,569,5,566,3,32,30,201,101,153,6,0,0,0,4,0,0,0,0,2,37,0,0,0,0,0,0,51.86873290793071,0.5272407732864675,99.47275922671353,5.6537102473498235,5.30035335689046,35.51236749116608,17.84452296819788,27.03180212014134,1.0600706713780919,0.0,0.0,0.0,0.7067137809187279,0.0,0.0,0.0,0.0,0.35335689045936397,6.5371024734982335,0.0,0.0,0.0,0.0,0.0,0.0
10620,10,620,1083,570,513,0,501,4,497,4,21,29,199,66,146,0,0,0,0,1,0,0,0,0,0,35,0,0,0,0,0,0,46.26038781163435,0.7984031936127743,99.20159680638723,4.225352112676056,5.8350100603621735,40.04024144869216,13.279678068410464,29.376257545271628,0.0,0.0,0.0,0.0,0.2012072434607646,0.0,0.0,0.0,0.0,0.0,7.042253521126761,0.0,0.0,0.0,0.0,0.0,0.0
10621,10,621,1126,894,232,0,616,4,609,7,47,16,117,92,274,8,0,0,0,11,0,2,0,0,1,41,0,0,0,0,0,0,54.70692717584369,1.1363636363636365,98.86363636363636,7.717569786535304,2.6272577996715927,19.21182266009852,15.10673234811166,44.991789819376024,1.3136288998357963,0.0,0.0,0.0,1.8062397372742198,0.0,0.3284072249589491,0.0,0.0,0.16420361247947454,6.732348111658457,0.0,0.0,0.0,0.0,0.0,0.0
10622,10,622,1102,884,218,0,530,2,524,6,28,13,85,79,260,8,0,0,0,5,0,0,0,0,3,43,0,0,0,0,0,0,48.09437386569873,1.1320754716981132,98.86792452830188,5.343511450381679,2.480916030534351,16.221374045801525,15.076335877862595,49.61832061068702,1.5267175572519083,0.0,0.0,0.0,0.9541984732824428,0.0,0.0,0.0,0.0,0.5725190839694656,8.206106870229007,0.0,0.0,0.0,0.0,0.0,0.0
10623,10,623,1115,864,251,0,543,5,540,3,39,11,91,80,250,12,0,0,0,5,0,1,0,0,6,45,0,0,0,0,0,0,48.699551569506724,0.5524861878453038,99.4475138121547,7.222222222222221,2.037037037037037,16.85185185185185,14.814814814814813,46.2962962962963,2.2222222222222223,0.0,0.0,0.0,0.9259259259259258,0.0,0.1851851851851852,0.0,0.0,1.1111111111111112,8.333333333333332,0.0,0.0,0.0,0.0,0.0,0.0
10624,10,624,968,741,227,0,385,2,377,8,38,11,48,66,165,5,0,0,0,5,0,3,0,0,2,34,0,0,0,0,0,0,39.77272727272727,2.0779220779220777,97.92207792207792,10.079575596816976,2.9177718832891246,12.73209549071618,17.50663129973475,43.76657824933687,1.3262599469496021,0.0,0.0,0.0,1.3262599469496021,0.0,0.7957559681697612,0.0,0.0,0.5305039787798408,9.018567639257293,0.0,0.0,0.0,0.0,0.0,0.0
10625,10,625,1118,907,211,0,558,4,547,11,52,21,92,80,260,4,0,0,0,6,0,4,0,0,4,24,0,0,0,0,0,0,49.910554561717355,1.971326164874552,98.02867383512545,9.506398537477148,3.8391224862888484,16.819012797074954,14.625228519195613,47.53199268738574,0.7312614259597806,0.0,0.0,0.0,1.0968921389396709,0.0,0.7312614259597806,0.0,0.0,0.7312614259597806,4.387568555758683,0.0,0.0,0.0,0.0,0.0,0.0
10626,10,626,1235,964,271,0,689,5,678,11,43,26,146,99,280,8,0,0,0,10,0,2,0,0,5,59,0,0,0,0,0,0,55.78947368421052,1.5965166908563133,98.4034833091437,6.342182890855458,3.8348082595870205,21.533923303834808,14.601769911504425,41.29793510324484,1.1799410029498525,0.0,0.0,0.0,1.4749262536873156,0.0,0.2949852507374631,0.0,0.0,0.7374631268436578,8.702064896755163,0.0,0.0,0.0,0.0,0.0,0.0
106A,10,6A,0,0,0,0,523,523,521,2,60,17,126,84,144,6,0,0,0,13,0,2,0,0,4,65,0,0,0,0,0,0,inf,0.3824091778202677,99.61759082217974,11.516314779270633,3.262955854126679,24.184261036468328,16.122840690978887,27.63915547024952,1.1516314779270633,0.0,0.0,0.0,2.495201535508637,0.0,0.3838771593090211,0.0,0.0,0.7677543186180422,12.476007677543185,0.0,0.0,0.0,0.0,0.0,0.0
106B,10,6B,0,0,0,0,560,560,556,4,56,27,151,108,127,3,0,0,0,9,0,0,0,0,5,70,0,0,0,0,0,0,inf,0.7142857142857143,99.28571428571429,10.071942446043165,4.856115107913669,27.15827338129496,19.424460431654676,22.841726618705035,0.539568345323741,0.0,0.0,0.0,1.618705035971223,0.0,0.0,0.0,0.0,0.8992805755395683,12.589928057553957,0.0,0.0,0.0,0.0,0.0,0.0
106C,10,6C,0,0,0,0,636,636,633,3,73,31,196,114,132,7,0,0,0,12,0,5,0,0,2,61,0,0,0,0,0,0,inf,0.4716981132075472,99.52830188679245,11.532385466034755,4.897314375987362,30.963665086887836,18.009478672985782,20.85308056872038,1.1058451816745656,0.0,0.0,0.0,1.8957345971563981,0.0,0.7898894154818324,0.0,0.0,0.315955766192733,9.636650868878357,0.0,0.0,0.0,0.0,0.0,0.0
106D,10,6D,0,0,0,0,625,625,623,2,70,23,222,121,97,6,0,0,0,9,0,0,0,0,0,75,0,0,0,0,0,0,inf,0.32,99.68,11.235955056179774,3.6918138041733553,35.63402889245586,19.42215088282504,15.569823434991974,0.9630818619582664,0.0,0.0,0.0,1.4446227929373996,0.0,0.0,0.0,0.0,0.0,12.038523274478331,0.0,0.0,0.0,0.0,0.0,0.0
106E,10,6E,0,0,0,0,409,409,408,1,40,17,121,82,87,3,0,0,0,13,0,0,0,0,4,41,0,0,0,0,0,0,inf,0.24449877750611246,99.75550122249389,9.803921568627452,4.166666666666666,29.65686274509804,20.098039215686274,21.323529411764707,0.7352941176470588,0.0,0.0,0.0,3.1862745098039214,0.0,0.0,0.0,0.0,0.9803921568627451,10.049019607843137,0.0,0.0,0.0,0.0,0.0,0.0
106F,10,6F,0,0,0,0,534,534,529,5,49,16,154,116,114,15,0,0,0,5,0,1,0,0,2,57,0,0,0,0,0,0,inf,0.9363295880149813,99.06367041198502,9.262759924385634,3.0245746691871456,29.111531190926275,21.928166351606805,21.550094517958414,2.835538752362949,0.0,0.0,0.0,0.945179584120983,0.0,0.1890359168241966,0.0,0.0,0.3780718336483932,10.775047258979207,0.0,0.0,0.0,0.0,0.0,0.0
106G,10,6G,0,0,0,0,603,603,596,7,68,24,198,125,102,6,0,0,0,9,0,3,0,0,1,60,0,0,0,0,0,0,inf,1.1608623548922055,98.8391376451078,11.409395973154362,4.026845637583892,33.22147651006711,20.973154362416107,17.114093959731544,1.006711409395973,0.0,0.0,0.0,1.5100671140939599,0.0,0.5033557046979865,0.0,0.0,0.16778523489932887,10.06711409395973,0.0,0.0,0.0,0.0,0.0,0.0
106H,10,6H,0,0,0,0,363,363,358,5,41,17,141,50,59,5,0,0,0,4,0,1,0,0,0,40,0,0,0,0,0,0,inf,1.3774104683195594,98.62258953168043,11.452513966480447,4.748603351955307,39.385474860335194,13.966480446927374,16.480446927374302,1.3966480446927374,0.0,0.0,0.0,1.1173184357541899,0.0,0.27932960893854747,0.0,0.0,0.0,11.1731843575419,0.0,0.0,0.0,0.0,0.0,0.0
106J,10,6J,0,0,0,0,319,319,317,2,36,23,138,46,35,5,0,0,0,4,0,1,0,0,2,27,0,0,0,0,0,0,inf,0.6269592476489028,99.37304075235109,11.35646687697161,7.255520504731862,43.53312302839117,14.511041009463725,11.041009463722396,1.5772870662460567,0.0,0.0,0.0,1.2618296529968454,0.0,0.31545741324921134,0.0,0.0,0.6309148264984227,8.517350157728707,0.0,0.0,0.0,0.0,0.0,0.0
106K,10,6K,0,0,0,0,387,387,387,0,41,30,181,51,58,0,0,0,0,2,0,1,0,0,3,20,0,0,0,0,0,0,inf,0.0,100.0,10.594315245478036,7.751937984496124,46.770025839793284,13.178294573643413,14.987080103359174,0.0,0.0,0.0,0.0,0.516795865633075,0.0,0.2583979328165375,0.0,0.0,0.7751937984496124,5.167958656330749,0.0,0.0,0.0,0.0,0.0,0.0
106L,10,6L,0,0,0,0,293,293,289,4,30,24,90,46,56,6,0,0,0,2,0,0,0,0,0,35,0,0,0,0,0,0,inf,1.3651877133105803,98.63481228668942,10.380622837370241,8.304498269896193,31.141868512110726,15.916955017301039,19.377162629757784,2.0761245674740483,0.0,0.0,0.0,0.6920415224913495,0.0,0.0,0.0,0.0,0.0,12.110726643598616,0.0,0.0,0.0,0.0,0.0,0.0
106M,10,6M,0,0,0,0,352,352,351,1,30,17,170,47,52,6,0,0,0,2,0,0,0,0,1,26,0,0,0,0,0,0,inf,0.2840909090909091,99.7159090909091,8.547008547008547,4.843304843304843,48.433048433048434,13.390313390313391,14.814814814814813,1.7094017094017095,0.0,0.0,0.0,0.5698005698005698,0.0,0.0,0.0,0.0,0.2849002849002849,7.4074074074074066,0.0,0.0,0.0,0.0,0.0,0.0
106N,10,6N,0,0,0,0,493,493,492,1,41,33,244,54,53,4,0,0,0,5,0,0,0,0,1,57,0,0,0,0,0,0,inf,0.2028397565922921,99.79716024340772,8.333333333333332,6.707317073170732,49.59349593495935,10.975609756097562,10.772357723577237,0.8130081300813009,0.0,0.0,0.0,1.0162601626016259,0.0,0.0,0.0,0.0,0.20325203252032523,11.585365853658537,0.0,0.0,0.0,0.0,0.0,0.0
106P,10,6P,0,0,0,0,407,407,406,1,49,13,114,62,103,3,0,0,0,1,0,3,0,0,2,56,0,0,0,0,0,0,inf,0.2457002457002457,99.75429975429975,12.068965517241379,3.201970443349754,28.078817733990146,15.270935960591133,25.36945812807882,0.7389162561576355,0.0,0.0,0.0,0.24630541871921183,0.0,0.7389162561576355,0.0,0.0,0.49261083743842365,13.793103448275861,0.0,0.0,0.0,0.0,0.0,0.0
106Q,10,6Q,0,0,0,0,437,437,433,4,56,22,132,66,91,9,0,0,0,4,0,3,0,0,1,49,0,0,0,0,0,0,inf,0.9153318077803204,99.08466819221968,12.933025404157044,5.080831408775981,30.484988452655887,15.242494226327944,21.016166281755197,2.0785219399538106,0.0,0.0,0.0,0.9237875288683602,0.0,0.6928406466512702,0.0,0.0,0.23094688221709006,11.316397228637413,0.0,0.0,0.0,0.0,0.0,0.0
106R,10,6R,0,0,0,0,444,444,438,6,48,17,129,83,95,5,0,0,0,16,0,3,0,0,5,37,0,0,0,0,0,0,inf,1.3513513513513513,98.64864864864865,10.95890410958904,3.881278538812785,29.45205479452055,18.949771689497716,21.689497716894977,1.141552511415525,0.0,0.0,0.0,3.65296803652968,0.0,0.684931506849315,0.0,0.0,1.141552511415525,8.447488584474886,0.0,0.0,0.0,0.0,0.0,0.0
11101,11,101,993,692,301,0,514,1,506,8,40,11,138,75,194,6,6,0,0,0,0,0,1,0,5,30,0,0,0,0,0,0,51.76233635448136,1.556420233463035,98.44357976653697,7.905138339920949,2.1739130434782608,27.27272727272727,14.82213438735178,38.3399209486166,1.185770750988142,1.185770750988142,0.0,0.0,0.0,0.0,0.0,0.1976284584980237,0.0,0.9881422924901186,5.928853754940711,0.0,0.0,0.0,0.0,0.0,0.0
11102,11,102,1082,753,329,0,651,3,645,6,29,9,262,80,206,7,8,0,0,2,0,0,1,0,3,38,0,0,0,0,0,0,60.16635859519408,0.9216589861751152,99.07834101382488,4.496124031007752,1.3953488372093024,40.62015503875969,12.4031007751938,31.937984496124034,1.0852713178294573,1.2403100775193798,0.0,0.0,0.31007751937984496,0.0,0.0,0.15503875968992248,0.0,0.46511627906976744,5.891472868217054,0.0,0.0,0.0,0.0,0.0,0.0
11103,11,103,739,506,233,0,407,8,403,4,18,6,134,66,143,9,7,0,0,0,0,0,0,0,1,19,0,0,0,0,0,0,55.074424898511495,0.9828009828009828,99.01719901719902,4.466501240694789,1.488833746898263,33.25062034739454,16.377171215880892,35.483870967741936,2.2332506203473943,1.7369727047146404,0.0,0.0,0.0,0.0,0.0,0.0,0.0,0.24813895781637718,4.714640198511166,0.0,0.0,0.0,0.0,0.0,0.0
11104,11,104,833,572,261,0,438,6,433,5,20,14,114,107,141,6,11,0,0,3,0,0,0,0,0,17,0,0,0,0,0,0,52.581032412965186,1.141552511415525,98.85844748858447,4.618937644341801,3.233256351039261,26.32794457274827,24.71131639722864,32.5635103926097,1.3856812933025404,2.5404157043879905,0.0,0.0,0.6928406466512702,0.0,0.0,0.0,0.0,0.0,3.9260969976905313,0.0,0.0,0.0,0.0,0.0,0.0
11105,11,105,928,746,182,0,463,2,456,7,40,6,79,87,195,3,8,0,0,5,0,0,1,0,1,31,0,0,0,0,0,0,49.89224137931034,1.511879049676026,98.48812095032397,8.771929824561402,1.3157894736842104,17.324561403508774,19.078947368421055,42.76315789473684,0.6578947368421052,1.7543859649122806,0.0,0.0,1.0964912280701753,0.0,0.0,0.21929824561403508,0.0,0.21929824561403508,6.798245614035088,0.0,0.0,0.0,0.0,0.0,0.0
11106,11,106,952,789,163,0,568,1,560,8,39,5,129,100,234,8,7,0,0,1,0,0,0,0,1,36,0,0,0,0,0,0,59.66386554621849,1.4084507042253522,98.59154929577466,6.964285714285714,0.8928571428571428,23.035714285714285,17.857142857142858,41.785714285714285,1.4285714285714286,1.25,0.0,0.0,0.17857142857142858,0.0,0.0,0.0,0.0,0.17857142857142858,6.428571428571428,0.0,0.0,0.0,0.0,0.0,0.0
11107,11,107,899,724,175,0,433,3,429,4,33,10,70,81,182,4,10,0,0,3,0,0,0,0,2,34,0,0,0,0,0,0,48.16462736373748,0.9237875288683602,99.07621247113164,7.6923076923076925,2.331002331002331,16.317016317016318,18.88111888111888,42.42424242424242,0.9324009324009324,2.331002331002331,0.0,0.0,0.6993006993006993,0.0,0.0,0.0,0.0,0.4662004662004662,7.925407925407925,0.0,0.0,0.0,0.0,0.0,0.0
11108,11,108,955,749,206,0,401,7,394,7,36,9,75,75,159,3,9,0,0,3,0,0,0,0,2,23,0,0,0,0,0,0,41.98952879581152,1.7456359102244388,98.25436408977556,9.137055837563452,2.284263959390863,19.035532994923855,19.035532994923855,40.35532994923858,0.7614213197969544,2.284263959390863,0.0,0.0,0.7614213197969544,0.0,0.0,0.0,0.0,0.5076142131979695,5.83756345177665,0.0,0.0,0.0,0.0,0.0,0.0
11109,11,109,826,508,318,0,428,6,426,2,17,9,140,85,135,5,5,0,0,3,0,0,0,0,0,27,0,0,0,0,0,0,51.81598062953995,0.46728971962616817,99.53271028037383,3.9906103286384975,2.112676056338028,32.863849765258216,19.953051643192488,31.690140845070424,1.1737089201877933,1.1737089201877933,0.0,0.0,0.7042253521126761,0.0,0.0,0.0,0.0,0.0,6.338028169014084,0.0,0.0,0.0,0.0,0.0,0.0
11110,11,110,958,737,221,0,517,2,513,4,32,6,126,89,212,4,11,0,0,3,0,0,1,0,2,27,0,0,0,0,0,0,53.96659707724426,0.7736943907156674,99.22630560928434,6.237816764132553,1.1695906432748537,24.561403508771928,17.348927875243664,41.32553606237816,0.7797270955165692,2.144249512670565,0.0,0.0,0.5847953216374269,0.0,0.0,0.1949317738791423,0.0,0.3898635477582846,5.263157894736842,0.0,0.0,0.0,0.0,0.0,0.0
11111,11,111,638,482,156,0,282,1,278,4,17,7,54,48,129,2,8,0,0,1,0,0,0,0,0,12,0,0,0,0,0,0,44.20062695924764,1.4184397163120568,98.58156028368793,6.115107913669065,2.5179856115107913,19.424460431654676,17.26618705035971,46.402877697841724,0.7194244604316548,2.877697841726619,0.0,0.0,0.3597122302158274,0.0,0.0,0.0,0.0,0.0,4.316546762589928,0.0,0.0,0.0,0.0,0.0,0.0
11112,11,112,638,467,171,0,347,1,345,2,15,9,112,74,99,3,6,0,0,2,0,0,0,0,1,24,0,0,0,0,0,0,54.38871473354232,0.5763688760806917,99.42363112391931,4.3478260869565215,2.608695652173913,32.463768115942024,21.44927536231884,28.695652173913043,0.8695652173913043,1.7391304347826086,0.0,0.0,0.5797101449275363,0.0,0.0,0.0,0.0,0.2898550724637681,6.956521739130435,0.0,0.0,0.0,0.0,0.0,0.0
11113,11,113,789,578,211,0,348,3,342,6,27,6,71,69,141,2,6,0,0,2,0,0,0,0,1,17,0,0,0,0,0,0,44.106463878327,1.7241379310344827,98.27586206896551,7.894736842105263,1.7543859649122806,20.760233918128655,20.175438596491226,41.228070175438596,0.5847953216374269,1.7543859649122806,0.0,0.0,0.5847953216374269,0.0,0.0,0.0,0.0,0.29239766081871343,4.970760233918129,0.0,0.0,0.0,0.0,0.0,0.0
11114,11,114,820,594,226,0,421,3,417,4,32,16,112,71,135,3,4,0,0,0,0,0,0,0,2,42,0,0,0,0,0,0,51.34146341463415,0.9501187648456058,99.04988123515439,7.673860911270983,3.8369304556354913,26.85851318944844,17.026378896882495,32.37410071942446,0.7194244604316548,0.9592326139088728,0.0,0.0,0.0,0.0,0.0,0.0,0.0,0.4796163069544364,10.071942446043165,0.0,0.0,0.0,0.0,0.0,0.0
11115,11,115,933,682,251,0,533,2,527,6,33,8,127,101,180,8,8,0,0,3,0,0,2,0,2,55,0,0,0,0,0,0,57.12754555198285,1.125703564727955,98.87429643527204,6.261859582542694,1.5180265654648957,24.09867172675522,19.165085388994306,34.15559772296015,1.5180265654648957,1.5180265654648957,0.0,0.0,0.5692599620493358,0.0,0.0,0.3795066413662239,0.0,0.3795066413662239,10.436432637571158,0.0,0.0,0.0,0.0,0.0,0.0
11116,11,116,786,613,173,0,423,1,417,6,32,2,89,89,160,3,3,0,0,2,0,0,0,0,0,37,0,0,0,0,0,0,53.81679389312977,1.4184397163120568,98.58156028368793,7.673860911270983,0.4796163069544364,21.34292565947242,21.34292565947242,38.36930455635492,0.7194244604316548,0.7194244604316548,0.0,0.0,0.4796163069544364,0.0,0.0,0.0,0.0,0.0,8.872901678657074,0.0,0.0,0.0,0.0,0.0,0.0
11117,11,117,840,669,171,0,387,3,380,7,20,5,52,74,194,3,9,0,0,2,0,0,0,0,1,20,0,0,0,0,0,0,46.07142857142857,1.8087855297157622,98.19121447028424,5.263157894736842,1.3157894736842104,13.684210526315791,19.473684210526315,51.05263157894737,0.7894736842105263,2.368421052631579,0.0,0.0,0.5263157894736842,0.0,0.0,0.0,0.0,0.2631578947368421,5.263157894736842,0.0,0.0,0.0,0.0,0.0,0.0
11118,11,118,925,740,185,0,419,0,414,5,23,12,69,80,180,5,11,0,0,3,0,0,2,0,2,27,0,0,0,0,0,0,45.2972972972973,1.1933174224343674,98.80668257756562,5.555555555555555,2.898550724637681,16.666666666666664,19.32367149758454,43.47826086956522,1.2077294685990339,2.657004830917874,0.0,0.0,0.7246376811594203,0.0,0.0,0.4830917874396135,0.0,0.4830917874396135,6.521739130434782,0.0,0.0,0.0,0.0,0.0,0.0
11119,11,119,924,740,184,0,482,2,474,8,37,4,60,95,229,4,12,0,0,1,0,0,0,0,1,31,0,0,0,0,0,0,52.16450216450217,1.6597510373443984,98.3402489626556,7.805907172995781,0.8438818565400843,12.658227848101266,20.042194092827003,48.31223628691983,0.8438818565400843,2.5316455696202533,0.0,0.0,0.21097046413502107,0.0,0.0,0.0,0.0,0.21097046413502107,6.5400843881856545,0.0,0.0,0.0,0.0,0.0,0.0
11120,11,120,1053,832,221,0,620,3,615,5,40,9,131,136,208,12,26,0,0,5,0,0,0,0,4,44,0,0,0,0,0,0,58.87939221272555,0.8064516129032258,99.19354838709677,6.504065040650407,1.4634146341463417,21.30081300813008,22.11382113821138,33.82113821138211,1.951219512195122,4.227642276422764,0.0,0.0,0.8130081300813009,0.0,0.0,0.0,0.0,0.6504065040650406,7.154471544715448,0.0,0.0,0.0,0.0,0.0,0.0
11121,11,121,942,711,231,0,489,4,489,0,34,11,107,101,168,7,15,0,0,2,0,0,0,0,2,42,0,0,0,0,0,0,51.910828025477706,0.0,100.0,6.952965235173824,2.2494887525562373,21.881390593047033,20.654396728016362,34.355828220858896,1.4314928425357873,3.067484662576687,0.0,0.0,0.408997955010225,0.0,0.0,0.0,0.0,0.408997955010225,8.588957055214724,0.0,0.0,0.0,0.0,0.0,0.0
11122,11,122,909,711,198,0,473,1,468,5,21,3,91,82,224,3,10,0,0,1,0,0,1,0,2,30,0,0,0,0,0,0,52.035203520352034,1.0570824524312896,98.94291754756871,4.487179487179487,0.641025641025641,19.444444444444446,17.52136752136752,47.863247863247864,0.641025641025641,2.1367521367521367,0.0,0.0,0.2136752136752137,0.0,0.0,0.2136752136752137,0.0,0.4273504273504274,6.41025641025641,0.0,0.0,0.0,0.0,0.0,0.0
11123,11,123,977,782,195,0,452,2,447,5,34,12,106,73,162,6,11,0,0,4,0,0,0,0,3,36,0,0,0,0,0,0,46.264073694984646,1.1061946902654867,98.89380530973452,7.606263982102908,2.684563758389262,23.713646532438478,16.331096196868007,36.241610738255034,1.342281879194631,2.460850111856823,0.0,0.0,0.8948545861297539,0.0,0.0,0.0,0.0,0.6711409395973155,8.053691275167784,0.0,0.0,0.0,0.0,0.0,0.0
11124,11,124,910,723,187,0,494,2,482,12,43,4,131,79,178,3,14,0,0,2,0,0,1,0,0,27,0,0,0,0,0,0,54.285714285714285,2.42914979757085,97.57085020242914,8.921161825726141,0.8298755186721992,27.178423236514522,16.390041493775932,36.92946058091287,0.6224066390041494,2.904564315352697,0.0,0.0,0.4149377593360996,0.0,0.0,0.2074688796680498,0.0,0.0,5.601659751037345,0.0,0.0,0.0,0.0,0.0,0.0
11125,11,125,876,695,181,0,454,3,446,8,32,13,89,91,164,5,11,0,0,2,0,0,0,0,1,38,0,0,0,0,0,0,51.82648401826484,1.762114537444934,98.23788546255507,7.174887892376682,2.914798206278027,19.955156950672645,20.40358744394619,36.771300448430495,1.1210762331838564,2.4663677130044843,0.0,0.0,0.4484304932735426,0.0,0.0,0.0,0.0,0.2242152466367713,8.520179372197308,0.0,0.0,0.0,0.0,0.0,0.0
11126,11,126,969,693,276,0,454,6,446,8,36,4,101,93,155,9,10,0,0,1,0,0,0,0,4,33,0,0,0,0,0,0,46.85242518059856,1.762114537444934,98.23788546255507,8.071748878923767,0.8968609865470852,22.6457399103139,20.85201793721973,34.753363228699556,2.0179372197309418,2.242152466367713,0.0,0.0,0.2242152466367713,0.0,0.0,0.0,0.0,0.8968609865470852,7.399103139013453,0.0,0.0,0.0,0.0,0.0,0.0
11127,11,127,864,658,206,0,453,1,449,4,15,6,98,93,193,5,9,0,0,0,0,0,0,0,1,29,0,0,0,0,0,0,52.43055555555556,0.8830022075055187,99.11699779249447,3.34075723830735,1.3363028953229399,21.826280623608017,20.71269487750557,42.98440979955457,1.1135857461024499,2.0044543429844097,0.0,0.0,0.0,0.0,0.0,0.0,0.0,0.22271714922048996,6.45879732739421,0.0,0.0,0.0,0.0,0.0,0.0
11128,11,128,871,559,312,0,391,1,386,5,28,10,92,78,132,6,9,0,0,2,0,0,0,0,1,28,0,0,0,0,0,0,44.89092996555683,1.278772378516624,98.72122762148338,7.253886010362693,2.5906735751295336,23.83419689119171,20.207253886010363,34.196891191709845,1.5544041450777202,2.33160621761658,0.0,0.0,0.5181347150259068,0.0,0.0,0.0,0.0,0.2590673575129534,7.253886010362693,0.0,0.0,0.0,0.0,0.0,0.0
11129,11,129,683,491,192,0,308,0,307,1,27,2,72,62,104,1,8,0,0,1,0,0,0,0,3,27,0,0,0,0,0,0,45.095168374816986,0.3246753246753247,99.67532467532467,8.794788273615636,0.6514657980456027,23.452768729641694,20.195439739413683,33.876221498371336,0.32573289902280134,2.6058631921824107,0.0,0.0,0.32573289902280134,0.0,0.0,0.0,0.0,0.9771986970684038,8.794788273615636,0.0,0.0,0.0,0.0,0.0,0.0
11130,11,130,877,650,227,0,453,2,446,7,52,12,95,70,167,1,8,0,0,3,0,0,1,0,2,35,0,0,0,0,0,0,51.653363740022805,1.545253863134658,98.45474613686534,11.659192825112108,2.690582959641256,21.300448430493272,15.695067264573993,37.44394618834081,0.2242152466367713,1.7937219730941705,0.0,0.0,0.672645739910314,0.0,0.0,0.2242152466367713,0.0,0.4484304932735426,7.847533632286996,0.0,0.0,0.0,0.0,0.0,0.0
11131,11,131,800,616,184,0,416,3,408,8,41,10,91,68,133,6,8,0,0,6,0,0,0,0,1,44,0,0,0,0,0,0,52.0,1.9230769230769231,98.07692307692307,10.049019607843137,2.450980392156863,22.30392156862745,16.666666666666664,32.59803921568628,1.4705882352941175,1.9607843137254901,0.0,0.0,1.4705882352941175,0.0,0.0,0.0,0.0,0.24509803921568626,10.784313725490197,0.0,0.0,0.0,0.0,0.0,0.0
11132,11,132,906,647,259,0,473,1,466,7,34,14,98,75,175,5,16,0,0,2,0,0,0,0,2,45,0,0,0,0,0,0,52.207505518763796,1.4799154334038054,98.5200845665962,7.296137339055794,3.004291845493562,21.030042918454935,16.09442060085837,37.553648068669524,1.0729613733905579,3.4334763948497855,0.0,0.0,0.4291845493562232,0.0,0.0,0.0,0.0,0.4291845493562232,9.656652360515022,0.0,0.0,0.0,0.0,0.0,0.0
11133,11,133,966,773,193,0,491,6,478,13,41,4,73,102,203,7,6,0,0,5,0,0,1,0,2,34,0,0,0,0,0,0,50.828157349896486,2.6476578411405294,97.35234215885947,8.577405857740587,0.8368200836820083,15.271966527196653,21.338912133891213,42.46861924686193,1.4644351464435146,1.2552301255230125,0.0,0.0,1.0460251046025104,0.0,0.0,0.20920502092050208,0.0,0.41841004184100417,7.112970711297072,0.0,0.0,0.0,0.0,0.0,0.0
11134,11,134,843,644,199,0,427,2,424,3,28,11,70,104,161,5,10,0,0,1,0,0,0,0,1,33,0,0,0,0,0,0,50.65243179122183,0.702576112412178,99.29742388758783,6.60377358490566,2.5943396226415096,16.50943396226415,24.528301886792452,37.971698113207545,1.179245283018868,2.358490566037736,0.0,0.0,0.2358490566037736,0.0,0.0,0.0,0.0,0.2358490566037736,7.783018867924528,0.0,0.0,0.0,0.0,0.0,0.0
11135,11,135,793,612,181,0,435,2,429,6,24,15,80,104,156,11,11,0,0,2,0,0,0,0,0,26,0,0,0,0,0,0,54.85498108448928,1.3793103448275863,98.62068965517241,5.594405594405594,3.4965034965034967,18.64801864801865,24.242424242424242,36.36363636363637,2.564102564102564,2.564102564102564,0.0,0.0,0.4662004662004662,0.0,0.0,0.0,0.0,0.0,6.0606060606060606,0.0,0.0,0.0,0.0,0.0,0.0
11136,11,136,912,616,296,0,463,2,454,9,33,7,139,85,145,3,7,0,0,2,0,0,0,0,2,31,0,0,0,0,0,0,50.76754385964912,1.9438444924406046,98.0561555075594,7.268722466960352,1.5418502202643172,30.616740088105725,18.722466960352424,31.938325991189426,0.6607929515418502,1.5418502202643172,0.0,0.0,0.4405286343612335,0.0,0.0,0.0,0.0,0.4405286343612335,6.828193832599119,0.0,0.0,0.0,0.0,0.0,0.0
11137,11,137,852,581,271,0,414,1,408,6,40,11,97,86,130,7,7,0,0,1,0,0,0,0,2,27,0,0,0,0,0,0,48.59154929577465,1.4492753623188406,98.55072463768117,9.803921568627452,2.696078431372549,23.774509803921568,21.07843137254902,31.862745098039213,1.715686274509804,1.715686274509804,0.0,0.0,0.24509803921568626,0.0,0.0,0.0,0.0,0.49019607843137253,6.61764705882353,0.0,0.0,0.0,0.0,0.0,0.0
11138,11,138,836,577,259,0,449,4,443,6,33,5,135,114,111,2,7,0,0,2,0,0,0,0,5,29,0,0,0,0,0,0,53.70813397129187,1.3363028953229399,98.66369710467706,7.44920993227991,1.1286681715575622,30.474040632054177,25.733634311512414,25.056433408577877,0.4514672686230248,1.580135440180587,0.0,0.0,0.4514672686230248,0.0,0.0,0.0,0.0,1.1286681715575622,6.5462753950338595,0.0,0.0,0.0,0.0,0.0,0.0
111A,11,1A,0,0,0,0,432,432,430,2,34,15,167,74,89,5,13,0,0,1,0,0,1,0,2,29,0,0,0,0,0,0,inf,0.4629629629629629,99.53703703703704,7.906976744186046,3.488372093023256,38.83720930232558,17.209302325581397,20.69767441860465,1.1627906976744187,3.0232558139534884,0.0,0.0,0.23255813953488372,0.0,0.0,0.23255813953488372,0.0,0.46511627906976744,6.744186046511628,0.0,0.0,0.0,0.0,0.0,0.0
111B,11,1B,0,0,0,0,613,613,611,2,37,19,291,103,88,9,17,0,0,3,0,0,0,0,1,43,0,0,0,0,0,0,inf,0.3262642740619902,99.673735725938,6.055646481178396,3.109656301145663,47.62684124386252,16.857610474631752,14.402618657937808,1.4729950900163666,2.7823240589198037,0.0,0.0,0.4909983633387889,0.0,0.0,0.0,0.0,0.16366612111292964,7.037643207855974,0.0,0.0,0.0,0.0,0.0,0.0
111C,11,1C,0,0,0,0,455,455,453,2,30,20,222,61,82,4,15,0,0,2,0,0,1,0,1,15,0,0,0,0,0,0,inf,0.43956043956043955,99.56043956043956,6.622516556291391,4.415011037527594,49.00662251655629,13.46578366445916,18.101545253863137,0.8830022075055187,3.3112582781456954,0.0,0.0,0.44150110375275936,0.0,0.0,0.22075055187637968,0.0,0.22075055187637968,3.3112582781456954,0.0,0.0,0.0,0.0,0.0,0.0
111D,11,1D,0,0,0,0,367,367,366,1,33,11,97,73,81,3,15,0,0,5,0,0,0,0,1,47,0,0,0,0,0,0,inf,0.2724795640326975,99.72752043596729,9.01639344262295,3.0054644808743167,26.50273224043716,19.94535519125683,22.131147540983605,0.819672131147541,4.098360655737705,0.0,0.0,1.366120218579235,0.0,0.0,0.0,0.0,0.273224043715847,12.841530054644808,0.0,0.0,0.0,0.0,0.0,0.0
111E,11,1E,0,0,0,0,343,343,342,1,42,21,90,73,69,3,7,0,0,2,0,0,1,0,2,32,0,0,0,0,0,0,inf,0.2915451895043732,99.70845481049562,12.280701754385964,6.140350877192982,26.31578947368421,21.34502923976608,20.175438596491226,0.8771929824561403,2.046783625730994,0.0,0.0,0.5847953216374269,0.0,0.0,0.29239766081871343,0.0,0.5847953216374269,9.35672514619883,0.0,0.0,0.0,0.0,0.0,0.0
111F,11,1F,0,0,0,0,345,345,342,3,26,9,110,75,81,0,10,0,0,1,0,0,0,0,1,29,0,0,0,0,0,0,inf,0.8695652173913043,99.1304347826087,7.602339181286549,2.631578947368421,32.16374269005848,21.929824561403507,23.684210526315788,0.0,2.923976608187134,0.0,0.0,0.29239766081871343,0.0,0.0,0.0,0.0,0.29239766081871343,8.47953216374269,0.0,0.0,0.0,0.0,0.0,0.0
111G,11,1G,0,0,0,0,347,347,345,2,31,16,120,79,59,4,9,0,0,0,0,0,1,0,2,24,0,0,0,0,0,0,inf,0.5763688760806917,99.42363112391931,8.985507246376812,4.63768115942029,34.78260869565217,22.89855072463768,17.101449275362317,1.1594202898550725,2.608695652173913,0.0,0.0,0.0,0.0,0.0,0.2898550724637681,0.0,0.5797101449275363,6.956521739130435,0.0,0.0,0.0,0.0,0.0,0.0
111H,11,1H,0,0,0,0,381,381,377,4,37,12,123,87,55,6,11,0,0,6,0,0,1,0,3,36,0,0,0,0,0,0,inf,1.0498687664041995,98.9501312335958,9.814323607427056,3.183023872679045,32.62599469496021,23.076923076923077,14.588859416445624,1.5915119363395225,2.9177718832891246,0.0,0.0,1.5915119363395225,0.0,0.0,0.2652519893899204,0.0,0.7957559681697612,9.549071618037134,0.0,0.0,0.0,0.0,0.0,0.0
111K,11,1K,0,0,0,0,396,396,394,2,30,13,120,88,80,3,19,0,0,5,0,0,1,0,2,33,0,0,0,0,0,0,inf,0.5050505050505051,99.4949494949495,7.614213197969544,3.2994923857868024,30.456852791878177,22.33502538071066,20.304568527918782,0.7614213197969544,4.822335025380711,0.0,0.0,1.2690355329949239,0.0,0.0,0.25380710659898476,0.0,0.5076142131979695,8.375634517766498,0.0,0.0,0.0,0.0,0.0,0.0
111L,11,1L,0,0,0,0,344,344,340,4,35,10,84,77,94,5,7,0,0,1,0,0,0,0,1,26,0,0,0,0,0,0,inf,1.1627906976744187,98.83720930232558,10.294117647058822,2.941176470588235,24.705882352941178,22.647058823529413,27.647058823529413,1.4705882352941175,2.0588235294117645,0.0,0.0,0.29411764705882354,0.0,0.0,0.0,0.0,0.29411764705882354,7.647058823529412,0.0,0.0,0.0,0.0,0.0,0.0
111M,11,1M,0,0,0,0,355,355,350,5,39,11,82,77,74,5,21,0,0,0,0,0,0,0,1,40,0,0,0,0,0,0,inf,1.4084507042253522,98.59154929577466,11.142857142857142,3.1428571428571432,23.42857142857143,22.0,21.142857142857142,1.4285714285714286,6.0,0.0,0.0,0.0,0.0,0.0,0.0,0.0,0.2857142857142857,11.428571428571429,0.0,0.0,0.0,0.0,0.0,0.0
111N,11,1N,0,0,0,0,367,367,360,7,25,6,114,75,84,0,13,0,0,5,0,0,1,0,3,34,0,0,0,0,0,0,inf,1.9073569482288828,98.09264305177112,6.944444444444445,1.6666666666666667,31.666666666666664,20.833333333333336,23.333333333333332,0.0,3.6111111111111107,0.0,0.0,1.3888888888888888,0.0,0.0,0.2777777777777778,0.0,0.8333333333333334,9.444444444444445,0.0,0.0,0.0,0.0,0.0,0.0
111P,11,1P,0,0,0,0,394,394,393,1,33,12,122,87,73,1,16,0,0,4,0,0,1,0,2,42,0,0,0,0,0,0,inf,0.25380710659898476,99.74619289340102,8.396946564885496,3.0534351145038165,31.043256997455472,22.137404580152673,18.575063613231553,0.2544529262086514,4.071246819338422,0.0,0.0,1.0178117048346056,0.0,0.0,0.2544529262086514,0.0,0.5089058524173028,10.687022900763358,0.0,0.0,0.0,0.0,0.0,0.0
111R,11,1R,0,0,0,0,560,560,557,3,57,20,171,140,92,8,7,0,0,2,0,0,0,0,3,57,0,0,0,0,0,0,inf,0.5357142857142857,99.46428571428572,10.23339317773788,3.5906642728904847,30.700179533213646,25.134649910233392,16.517055655296232,1.436265709156194,1.2567324955116697,0.0,0.0,0.3590664272890485,0.0,0.0,0.0,0.0,0.5385996409335727,10.23339317773788,0.0,0.0,0.0,0.0,0.0,0.0
111S,11,1S,0,0,0,0,395,395,387,8,41,9,116,65,96,3,14,0,0,1,0,0,0,0,2,40,0,0,0,0,0,0,inf,2.0253164556962027,97.9746835443038,10.594315245478036,2.3255813953488373,29.97416020671835,16.795865633074936,24.8062015503876,0.7751937984496124,3.6175710594315245,0.0,0.0,0.2583979328165375,0.0,0.0,0.0,0.0,0.516795865633075,10.335917312661499,0.0,0.0,0.0,0.0,0.0,0.0
111T,11,1T,0,0,0,0,416,416,415,1,43,15,127,92,79,2,19,0,0,3,0,0,1,0,2,32,0,0,0,0,0,0,inf,0.2403846153846154,99.75961538461539,10.361445783132531,3.614457831325301,30.602409638554217,22.16867469879518,19.03614457831325,0.48192771084337355,4.578313253012048,0.0,0.0,0.7228915662650602,0.0,0.0,0.24096385542168677,0.0,0.48192771084337355,7.710843373493977,0.0,0.0,0.0,0.0,0.0,0.0
111U,11,1U,0,0,0,0,369,369,368,1,46,8,77,90,81,1,6,0,0,2,0,0,0,0,0,57,0,0,0,0,0,0,inf,0.27100271002710025,99.7289972899729,12.5,2.1739130434782608,20.92391304347826,24.456521739130434,22.01086956521739,0.2717391304347826,1.6304347826086956,0.0,0.0,0.5434782608695652,0.0,0.0,0.0,0.0,0.0,15.489130434782608,0.0,0.0,0.0,0.0,0.0,0.0
111W,11,1W,0,0,0,0,448,448,444,4,45,17,135,98,74,8,14,0,0,4,0,0,0,0,7,42,0,0,0,0,0,0,inf,0.8928571428571428,99.10714285714286,10.135135135135135,3.8288288288288284,30.405405405405407,22.07207207207207,16.666666666666664,1.8018018018018018,3.153153153153153,0.0,0.0,0.9009009009009009,0.0,0.0,0.0,0.0,1.5765765765765765,9.45945945945946,0.0,0.0,0.0,0.0,0.0,0.0
111X,11,1X,0,0,0,0,498,498,497,1,53,11,171,83,103,1,17,0,0,2,0,0,0,0,1,55,0,0,0,0,0,0,inf,0.2008032128514056,99.79919678714859,10.663983903420524,2.2132796780684103,34.40643863179074,16.700201207243463,20.72434607645875,0.2012072434607646,3.420523138832998,0.0,0.0,0.4024144869215292,0.0,0.0,0.0,0.0,0.2012072434607646,11.066398390342053,0.0,0.0,0.0,0.0,0.0,0.0
11201,11,201,905,650,255,0,427,5,425,2,28,11,107,84,155,2,7,0,0,2,0,0,0,0,0,29,0,0,0,0,0,0,47.18232044198895,0.468384074941452,99.53161592505855,6.588235294117648,2.588235294117647,25.176470588235293,19.76470588235294,36.470588235294116,0.4705882352941176,1.647058823529412,0.0,0.0,0.4705882352941176,0.0,0.0,0.0,0.0,0.0,6.8235294117647065,0.0,0.0,0.0,0.0,0.0,0.0
11202,11,202,887,659,228,0,426,3,421,5,31,6,68,78,185,5,9,0,0,4,0,0,0,0,2,33,0,0,0,0,0,0,48.02705749718152,1.1737089201877933,98.82629107981221,7.363420427553444,1.4251781472684086,16.152019002375297,18.52731591448931,43.942992874109265,1.187648456057007,2.137767220902613,0.0,0.0,0.9501187648456058,0.0,0.0,0.0,0.0,0.4750593824228029,7.8384798099762465,0.0,0.0,0.0,0.0,0.0,0.0
11203,11,203,965,741,224,0,489,2,486,3,41,8,73,106,207,3,10,0,0,4,0,0,0,0,1,33,0,0,0,0,0,0,50.673575129533674,0.6134969325153374,99.38650306748467,8.436213991769549,1.646090534979424,15.020576131687244,21.810699588477366,42.592592592592595,0.6172839506172839,2.05761316872428,0.0,0.0,0.823045267489712,0.0,0.0,0.0,0.0,0.205761316872428,6.790123456790123,0.0,0.0,0.0,0.0,0.0,0.0
11204,11,204,837,636,201,0,370,1,367,3,26,8,57,86,153,6,7,0,0,3,0,0,1,0,0,20,0,0,0,0,0,0,44.205495818399044,0.8108108108108109,99.1891891891892,7.084468664850137,2.17983651226158,15.531335149863759,23.43324250681199,41.689373297002724,1.6348773841961852,1.9073569482288828,0.0,0.0,0.8174386920980926,0.0,0.0,0.2724795640326975,0.0,0.0,5.449591280653951,0.0,0.0,0.0,0.0,0.0,0.0
11205,11,205,849,664,185,0,396,0,390,6,24,9,72,87,159,5,10,0,0,1,0,0,1,0,1,21,0,0,0,0,0,0,46.64310954063604,1.5151515151515151,98.48484848484848,6.153846153846154,2.307692307692308,18.461538461538463,22.30769230769231,40.76923076923077,1.282051282051282,2.564102564102564,0.0,0.0,0.2564102564102564,0.0,0.0,0.2564102564102564,0.0,0.2564102564102564,5.384615384615385,0.0,0.0,0.0,0.0,0.0,0.0
11206,11,206,856,585,271,0,425,1,420,5,25,7,136,78,128,11,4,0,0,0,0,0,2,0,2,27,0,0,0,0,0,0,49.649532710280376,1.1764705882352942,98.82352941176471,5.952380952380952,1.6666666666666667,32.38095238095238,18.571428571428573,30.476190476190478,2.619047619047619,0.9523809523809524,0.0,0.0,0.0,0.0,0.0,0.4761904761904762,0.0,0.4761904761904762,6.428571428571428,0.0,0.0,0.0,0.0,0.0,0.0
11207,11,207,848,701,147,0,446,2,438,8,27,8,90,72,182,5,10,0,0,2,0,0,0,0,3,39,0,0,0,0,0,0,52.594339622641506,1.7937219730941705,98.20627802690582,6.164383561643835,1.82648401826484,20.54794520547945,16.43835616438356,41.55251141552511,1.141552511415525,2.28310502283105,0.0,0.0,0.45662100456621,0.0,0.0,0.0,0.0,0.684931506849315,8.904109589041095,0.0,0.0,0.0,0.0,0.0,0.0
11208,11,208,848,668,180,0,446,0,440,6,39,8,90,78,178,4,11,0,0,1,0,0,1,0,3,27,0,0,0,0,0,0,52.594339622641506,1.345291479820628,98.65470852017937,8.863636363636363,1.8181818181818181,20.454545454545457,17.727272727272727,40.45454545454545,0.9090909090909091,2.5,0.0,0.0,0.22727272727272727,0.0,0.0,0.22727272727272727,0.0,0.6818181818181818,6.136363636363637,0.0,0.0,0.0,0.0,0.0,0.0
11209,11,209,953,538,415,0,450,10,447,3,41,13,116,120,116,10,4,0,0,0,0,0,0,0,0,27,0,0,0,0,0,0,47.2193074501574,0.6666666666666667,99.33333333333333,9.172259507829978,2.9082774049217,25.95078299776286,26.845637583892618,25.95078299776286,2.237136465324385,0.8948545861297539,0.0,0.0,0.0,0.0,0.0,0.0,0.0,0.0,6.0402684563758395,0.0,0.0,0.0,0.0,0.0,0.0
11210,11,210,1039,611,428,0,521,7,519,2,29,10,158,143,143,5,5,0,0,1,0,0,0,0,1,24,0,0,0,0,0,0,50.14436958614053,0.3838771593090211,99.61612284069098,5.5876685934489405,1.9267822736030826,30.443159922928707,27.552986512524086,27.552986512524086,0.9633911368015413,0.9633911368015413,0.0,0.0,0.1926782273603083,0.0,0.0,0.0,0.0,0.1926782273603083,4.624277456647398,0.0,0.0,0.0,0.0,0.0,0.0
11211,11,211,717,562,155,0,365,3,362,3,33,6,66,88,125,0,9,0,0,3,0,0,0,0,1,31,0,0,0,0,0,0,50.906555090655516,0.821917808219178,99.17808219178083,9.116022099447514,1.6574585635359116,18.23204419889503,24.30939226519337,34.530386740331494,0.0,2.4861878453038675,0.0,0.0,0.8287292817679558,0.0,0.0,0.0,0.0,0.2762430939226519,8.56353591160221,0.0,0.0,0.0,0.0,0.0,0.0
11212,11,212,898,648,250,0,445,1,441,4,18,3,101,88,181,3,13,0,0,3,0,0,0,0,0,31,0,0,0,0,0,0,49.55456570155902,0.8988764044943821,99.10112359550561,4.081632653061225,0.6802721088435374,22.90249433106576,19.954648526077097,41.043083900226755,0.6802721088435374,2.947845804988662,0.0,0.0,0.6802721088435374,0.0,0.0,0.0,0.0,0.0,7.029478458049887,0.0,0.0,0.0,0.0,0.0,0.0
11213,11,213,843,505,338,0,427,8,425,2,13,9,173,86,97,5,7,0,0,1,0,0,0,0,0,34,0,0,0,0,0,0,50.65243179122183,0.468384074941452,99.53161592505855,3.058823529411765,2.1176470588235294,40.705882352941174,20.235294117647058,22.823529411764707,1.1764705882352942,1.647058823529412,0.0,0.0,0.2352941176470588,0.0,0.0,0.0,0.0,0.0,8.0,0.0,0.0,0.0,0.0,0.0,0.0
11214,11,214,945,683,262,0,512,6,509,3,24,10,118,131,170,4,9,0,0,3,0,0,2,0,2,36,0,0,0,0,0,0,54.179894179894184,0.5859375,99.4140625,4.715127701375246,1.9646365422396856,23.18271119842829,25.736738703339885,33.39882121807465,0.7858546168958742,1.768172888015717,0.0,0.0,0.5893909626719057,0.0,0.0,0.3929273084479371,0.0,0.3929273084479371,7.072691552062868,0.0,0.0,0.0,0.0,0.0,0.0
11215,11,215,683,435,248,0,335,0,331,4,13,18,78,88,93,12,9,0,0,2,0,0,0,0,0,18,0,0,0,0,0,0,49.04831625183016,1.1940298507462688,98.80597014925372,3.927492447129909,5.438066465256798,23.564954682779458,26.586102719033235,28.09667673716012,3.625377643504532,2.719033232628399,0.0,0.0,0.6042296072507553,0.0,0.0,0.0,0.0,0.0,5.438066465256798,0.0,0.0,0.0,0.0,0.0,0.0
11216,11,216,693,508,185,0,329,4,325,4,34,11,44,85,109,2,7,0,0,2,0,0,0,0,1,30,0,0,0,0,0,0,47.474747474747474,1.21580547112462,98.78419452887537,10.461538461538462,3.3846153846153846,13.538461538461538,26.153846153846157,33.53846153846154,0.6153846153846154,2.1538461538461537,0.0,0.0,0.6153846153846154,0.0,0.0,0.0,0.0,0.3076923076923077,9.230769230769232,0.0,0.0,0.0,0.0,0.0,0.0
11217,11,217,853,525,328,0,445,5,442,3,19,21,112,138,96,13,3,0,0,2,0,0,1,0,3,34,0,0,0,0,0,0,52.16881594372802,0.6741573033707865,99.32584269662922,4.298642533936651,4.751131221719457,25.339366515837103,31.221719457013574,21.71945701357466,2.941176470588235,0.6787330316742082,0.0,0.0,0.4524886877828055,0.0,0.0,0.22624434389140274,0.0,0.6787330316742082,7.6923076923076925,0.0,0.0,0.0,0.0,0.0,0.0
11218,11,218,940,616,324,0,515,4,510,5,55,19,133,101,144,4,9,0,0,1,0,0,0,0,3,41,0,0,0,0,0,0,54.78723404255319,0.9708737864077669,99.02912621359224,10.784313725490197,3.7254901960784315,26.078431372549023,19.80392156862745,28.235294117647058,0.7843137254901961,1.7647058823529411,0.0,0.0,0.19607843137254902,0.0,0.0,0.0,0.0,0.5882352941176471,8.03921568627451,0.0,0.0,0.0,0.0,0.0,0.0
11219,11,219,804,596,208,0,441,5,437,4,28,13,58,132,146,9,6,0,0,2,0,0,1,0,1,41,0,0,0,0,0,0,54.850746268656714,0.9070294784580499,99.09297052154194,6.407322654462242,2.9748283752860414,13.272311212814644,30.205949656750576,33.40961098398169,2.059496567505721,1.3729977116704806,0.0,0.0,0.4576659038901602,0.0,0.0,0.2288329519450801,0.0,0.2288329519450801,9.382151029748284,0.0,0.0,0.0,0.0,0.0,0.0
11220,11,220,918,605,313,0,468,6,466,2,30,9,115,103,160,13,9,0,0,1,0,0,0,0,0,26,0,0,0,0,0,0,50.98039215686274,0.4273504273504274,99.57264957264957,6.437768240343347,1.9313304721030045,24.678111587982833,22.103004291845494,34.33476394849785,2.7896995708154506,1.9313304721030045,0.0,0.0,0.2145922746781116,0.0,0.0,0.0,0.0,0.0,5.579399141630901,0.0,0.0,0.0,0.0,0.0,0.0
11221,11,221,984,584,400,0,400,6,398,2,22,19,115,114,89,2,5,0,0,3,0,0,0,0,2,27,0,0,0,0,0,0,40.65040650406504,0.5,99.5,5.527638190954774,4.773869346733668,28.894472361809044,28.643216080402013,22.36180904522613,0.5025125628140703,1.256281407035176,0.0,0.0,0.7537688442211055,0.0,0.0,0.0,0.0,0.5025125628140703,6.78391959798995,0.0,0.0,0.0,0.0,0.0,0.0
11222,11,222,881,655,226,0,495,3,493,2,42,12,101,135,145,1,7,0,0,1,0,0,1,0,4,44,0,0,0,0,0,0,56.186152099886485,0.40404040404040403,99.5959595959596,8.519269776876268,2.434077079107505,20.486815415821503,27.38336713995943,29.411764705882355,0.2028397565922921,1.4198782961460445,0.0,0.0,0.2028397565922921,0.0,0.0,0.2028397565922921,0.0,0.8113590263691683,8.924949290060852,0.0,0.0,0.0,0.0,0.0,0.0
11223,11,223,899,655,244,0,387,0,377,10,39,5,84,91,116,2,6,0,0,4,0,0,1,0,1,28,0,0,0,0,0,0,43.04783092324806,2.5839793281653747,97.41602067183463,10.344827586206897,1.3262599469496021,22.281167108753316,24.137931034482758,30.76923076923077,0.5305039787798408,1.5915119363395225,0.0,0.0,1.0610079575596816,0.0,0.0,0.2652519893899204,0.0,0.2652519893899204,7.427055702917771,0.0,0.0,0.0,0.0,0.0,0.0
11224,11,224,771,527,244,0,374,4,373,1,26,10,60,127,102,8,8,0,0,3,0,0,0,0,3,26,0,0,0,0,0,0,48.50843060959792,0.267379679144385,99.73262032085562,6.970509383378016,2.680965147453083,16.0857908847185,34.048257372654156,27.34584450402145,2.1447721179624666,2.1447721179624666,0.0,0.0,0.8042895442359249,0.0,0.0,0.0,0.0,0.8042895442359249,6.970509383378016,0.0,0.0,0.0,0.0,0.0,0.0
11225,11,225,812,571,241,0,407,3,401,6,30,14,52,135,122,5,11,0,0,2,0,0,0,0,0,30,0,0,0,0,0,0,50.12315270935961,1.4742014742014742,98.52579852579852,7.4812967581047385,3.4912718204488775,12.967581047381547,33.66583541147132,30.423940149625935,1.2468827930174564,2.7431421446384037,0.0,0.0,0.4987531172069825,0.0,0.0,0.0,0.0,0.0,7.4812967581047385,0.0,0.0,0.0,0.0,0.0,0.0
11226,11,226,898,582,316,0,455,2,449,6,46,23,89,125,127,5,0,0,0,0,0,0,0,0,1,33,0,0,0,0,0,0,50.66815144766147,1.3186813186813187,98.68131868131869,10.244988864142538,5.122494432071269,19.821826280623608,27.839643652561247,28.28507795100223,1.1135857461024499,0.0,0.0,0.0,0.0,0.0,0.0,0.0,0.0,0.22271714922048996,7.349665924276169,0.0,0.0,0.0,0.0,0.0,0.0
11227,11,227,885,576,309,0,475,7,472,3,39,15,112,131,130,5,7,0,0,1,0,0,0,0,0,32,0,0,0,0,0,0,53.672316384180796,0.631578947368421,99.36842105263159,8.26271186440678,3.1779661016949152,23.728813559322035,27.75423728813559,27.54237288135593,1.059322033898305,1.4830508474576272,0.0,0.0,0.211864406779661,0.0,0.0,0.0,0.0,0.0,6.779661016949152,0.0,0.0,0.0,0.0,0.0,0.0
11228,11,228,785,544,241,0,422,1,419,3,31,9,73,111,123,9,16,0,0,1,0,0,1,0,5,40,0,0,0,0,0,0,53.75796178343949,0.7109004739336493,99.28909952606635,7.398568019093078,2.1479713603818613,17.42243436754177,26.49164677804296,29.355608591885442,2.1479713603818613,3.8186157517899764,0.0,0.0,0.23866348448687352,0.0,0.0,0.23866348448687352,0.0,1.1933174224343674,9.54653937947494,0.0,0.0,0.0,0.0,0.0,0.0
11229,11,229,1025,617,408,0,502,5,498,4,44,21,122,130,144,10,2,0,0,4,0,0,0,0,3,18,0,0,0,0,0,0,48.97560975609756,0.796812749003984,99.20318725099602,8.835341365461847,4.216867469879518,24.497991967871485,26.104417670682732,28.915662650602407,2.0080321285140563,0.4016064257028112,0.0,0.0,0.8032128514056224,0.0,0.0,0.0,0.0,0.6024096385542169,3.614457831325301,0.0,0.0,0.0,0.0,0.0,0.0
11230,11,230,844,618,226,0,472,8,467,5,31,15,95,128,147,6,14,0,0,2,0,0,0,0,3,26,0,0,0,0,0,0,55.92417061611374,1.059322033898305,98.9406779661017,6.638115631691649,3.2119914346895073,20.342612419700217,27.40899357601713,31.47751605995717,1.284796573875803,2.9978586723768736,0.0,0.0,0.4282655246252677,0.0,0.0,0.0,0.0,0.6423982869379015,5.567451820128479,0.0,0.0,0.0,0.0,0.0,0.0
11231,11,231,995,625,370,0,505,4,503,2,33,25,105,146,128,7,11,0,0,3,0,0,0,0,1,44,0,0,0,0,0,0,50.753768844221106,0.39603960396039606,99.60396039603961,6.560636182902585,4.970178926441352,20.87475149105368,29.025844930417495,25.44731610337972,1.3916500994035785,2.1868787276341948,0.0,0.0,0.5964214711729622,0.0,0.0,0.0,0.0,0.19880715705765406,8.747514910536779,0.0,0.0,0.0,0.0,0.0,0.0
11232,11,232,892,606,286,0,446,8,438,8,43,14,50,140,136,6,9,0,0,6,0,0,1,0,0,33,0,0,0,0,0,0,50.0,1.7937219730941705,98.20627802690582,9.817351598173515,3.1963470319634704,11.415525114155251,31.963470319634702,31.05022831050228,1.36986301369863,2.054794520547945,0.0,0.0,1.36986301369863,0.0,0.0,0.228310502283105,0.0,0.0,7.534246575342466,0.0,0.0,0.0,0.0,0.0,0.0
11233,11,233,815,522,293,0,431,5,431,0,37,37,87,155,74,7,9,0,0,0,0,0,1,0,0,24,0,0,0,0,0,0,52.88343558282208,0.0,100.0,8.584686774941995,8.584686774941995,20.185614849187935,35.96287703016242,17.16937354988399,1.6241299303944314,2.088167053364269,0.0,0.0,0.0,0.0,0.0,0.23201856148491878,0.0,0.0,5.56844547563805,0.0,0.0,0.0,0.0,0.0,0.0
11234,11,234,816,590,226,0,419,4,416,3,49,6,62,117,126,4,11,0,0,1,0,0,1,0,3,36,0,0,0,0,0,0,51.34803921568627,0.7159904534606205,99.28400954653938,11.778846153846153,1.4423076923076923,14.903846153846153,28.125,30.288461538461537,0.9615384615384616,2.644230769230769,0.0,0.0,0.2403846153846154,0.0,0.0,0.2403846153846154,0.0,0.7211538461538461,8.653846153846153,0.0,0.0,0.0,0.0,0.0,0.0
11235,11,235,930,646,284,0,413,4,404,9,33,15,73,132,115,5,6,0,0,0,0,0,1,0,0,24,0,0,0,0,0,0,44.40860215053763,2.1791767554479415,97.82082324455206,8.16831683168317,3.7128712871287126,18.06930693069307,32.67326732673268,28.465346534653463,1.2376237623762376,1.4851485148514851,0.0,0.0,0.0,0.0,0.0,0.24752475247524752,0.0,0.0,5.9405940594059405,0.0,0.0,0.0,0.0,0.0,0.0
11236,11,236,888,608,280,0,479,9,473,6,39,14,101,109,138,10,14,0,0,2,0,0,0,0,2,44,0,0,0,0,0,0,53.94144144144144,1.2526096033402923,98.74739039665971,8.24524312896406,2.9598308668076108,21.353065539112052,23.044397463002113,29.175475687103592,2.1141649048625792,2.9598308668076108,0.0,0.0,0.42283298097251587,0.0,0.0,0.0,0.0,0.42283298097251587,9.30232558139535,0.0,0.0,0.0,0.0,0.0,0.0
11237,11,237,955,608,347,0,497,2,495,2,46,20,90,157,118,15,14,0,0,2,0,0,1,0,1,31,0,0,0,0,0,0,52.04188481675393,0.4024144869215292,99.59758551307847,9.292929292929292,4.040404040404041,18.181818181818183,31.717171717171716,23.83838383838384,3.0303030303030303,2.8282828282828283,0.0,0.0,0.40404040404040403,0.0,0.0,0.20202020202020202,0.0,0.20202020202020202,6.262626262626263,0.0,0.0,0.0,0.0,0.0,0.0
112A,11,2A,0,0,0,0,445,445,444,1,37,8,126,76,111,2,19,0,0,0,0,0,1,0,2,62,0,0,0,0,0,0,inf,0.22471910112359553,99.7752808988764,8.333333333333332,1.8018018018018018,28.37837837837838,17.117117117117118,25.0,0.45045045045045046,4.2792792792792795,0.0,0.0,0.0,0.0,0.0,0.22522522522522523,0.0,0.45045045045045046,13.963963963963963,0.0,0.0,0.0,0.0,0.0,0.0
112B,11,2B,0,0,0,0,397,397,393,4,48,7,104,90,76,3,10,0,0,1,0,0,0,0,4,50,0,0,0,0,0,0,inf,1.0075566750629723,98.99244332493703,12.213740458015266,1.7811704834605597,26.463104325699742,22.900763358778626,19.338422391857506,0.7633587786259541,2.5445292620865136,0.0,0.0,0.2544529262086514,0.0,0.0,0.0,0.0,1.0178117048346056,12.72264631043257,0.0,0.0,0.0,0.0,0.0,0.0
112C,11,2C,0,0,0,0,419,419,416,3,32,19,149,71,79,2,9,0,0,2,0,0,1,0,1,51,0,0,0,0,0,0,inf,0.7159904534606205,99.28400954653938,7.6923076923076925,4.567307692307692,35.81730769230769,17.067307692307693,18.990384615384613,0.4807692307692308,2.1634615384615383,0.0,0.0,0.4807692307692308,0.0,0.0,0.2403846153846154,0.0,0.2403846153846154,12.259615384615383,0.0,0.0,0.0,0.0,0.0,0.0
112D,11,2D,0,0,0,0,301,301,300,1,34,5,86,59,65,2,10,0,0,1,0,0,0,0,1,37,0,0,0,0,0,0,inf,0.33222591362126247,99.66777408637874,11.333333333333332,1.6666666666666667,28.666666666666668,19.666666666666664,21.666666666666668,0.6666666666666667,3.3333333333333335,0.0,0.0,0.33333333333333337,0.0,0.0,0.0,0.0,0.33333333333333337,12.333333333333334,0.0,0.0,0.0,0.0,0.0,0.0
112E,11,2E,0,0,0,0,787,787,786,1,61,52,269,206,100,7,11,0,0,3,0,0,1,0,1,75,0,0,0,0,0,0,inf,0.12706480304955528,99.87293519695044,7.760814249363868,6.615776081424936,34.223918575063614,26.208651399491096,12.72264631043257,0.8905852417302799,1.3994910941475827,0.0,0.0,0.38167938931297707,0.0,0.0,0.1272264631043257,0.0,0.1272264631043257,9.541984732824428,0.0,0.0,0.0,0.0,0.0,0.0
112F,11,2F,0,0,0,0,699,699,695,4,56,29,248,151,133,1,14,0,0,1,0,0,0,0,1,61,0,0,0,0,0,0,inf,0.5722460658082975,99.4277539341917,8.057553956834532,4.172661870503598,35.68345323741007,21.72661870503597,19.136690647482013,0.14388489208633093,2.014388489208633,0.0,0.0,0.14388489208633093,0.0,0.0,0.0,0.0,0.14388489208633093,8.776978417266188,0.0,0.0,0.0,0.0,0.0,0.0
112G,11,2G,0,0,0,0,418,418,417,1,36,24,138,113,44,7,10,0,0,6,0,0,0,0,1,38,0,0,0,0,0,0,inf,0.23923444976076555,99.76076555023924,8.633093525179856,5.755395683453238,33.093525179856115,27.098321342925658,10.551558752997602,1.6786570743405276,2.3980815347721824,0.0,0.0,1.4388489208633095,0.0,0.0,0.0,0.0,0.2398081534772182,9.112709832134293,0.0,0.0,0.0,0.0,0.0,0.0
112H,11,2H,0,0,0,0,553,553,552,1,56,24,186,154,67,8,8,0,0,0,0,0,0,0,3,46,0,0,0,0,0,0,inf,0.18083182640144665,99.81916817359856,10.144927536231885,4.3478260869565215,33.69565217391305,27.898550724637683,12.13768115942029,1.4492753623188406,1.4492753623188406,0.0,0.0,0.0,0.0,0.0,0.0,0.0,0.5434782608695652,8.333333333333332,0.0,0.0,0.0,0.0,0.0,0.0
112K,11,2K,0,0,0,0,690,690,688,2,59,45,229,176,92,14,9,0,0,2,0,0,0,0,4,58,0,0,0,0,0,0,inf,0.2898550724637681,99.71014492753623,8.575581395348838,6.540697674418605,33.28488372093023,25.581395348837212,13.372093023255813,2.0348837209302326,1.308139534883721,0.0,0.0,0.29069767441860467,0.0,0.0,0.0,0.0,0.5813953488372093,8.430232558139535,0.0,0.0,0.0,0.0,0.0,0.0
112L,11,2L,0,0,0,0,442,442,440,2,43,37,100,119,70,7,15,0,0,6,0,0,0,0,0,43,0,0,0,0,0,0,inf,0.4524886877828055,99.5475113122172,9.772727272727273,8.409090909090908,22.727272727272727,27.045454545454543,15.909090909090908,1.5909090909090908,3.4090909090909087,0.0,0.0,1.3636363636363635,0.0,0.0,0.0,0.0,0.0,9.772727272727273,0.0,0.0,0.0,0.0,0.0,0.0
112M,11,2M,0,0,0,0,423,423,421,2,53,25,102,109,72,4,15,0,0,7,0,0,0,0,0,34,0,0,0,0,0,0,inf,0.4728132387706856,99.52718676122932,12.589073634204276,5.938242280285035,24.228028503562946,25.890736342042754,17.102137767220903,0.9501187648456058,3.5629453681710213,0.0,0.0,1.66270783847981,0.0,0.0,0.0,0.0,0.0,8.076009501187649,0.0,0.0,0.0,0.0,0.0,0.0
112N,11,2N,0,0,0,0,518,518,515,3,57,39,128,134,71,7,22,0,0,8,0,0,1,0,2,46,0,0,0,0,0,0,inf,0.5791505791505791,99.42084942084942,11.067961165048544,7.572815533980583,24.854368932038835,26.019417475728158,13.78640776699029,1.3592233009708738,4.271844660194175,0.0,0.0,1.5533980582524272,0.0,0.0,0.1941747572815534,0.0,0.3883495145631068,8.932038834951456,0.0,0.0,0.0,0.0,0.0,0.0
112P,11,2P,0,0,0,0,544,544,543,1,61,37,143,177,59,6,12,0,0,6,0,0,1,0,1,40,0,0,0,0,0,0,inf,0.1838235294117647,99.81617647058823,11.233885819521179,6.8139963167587485,26.335174953959484,32.59668508287293,10.865561694290976,1.1049723756906076,2.209944751381215,0.0,0.0,1.1049723756906076,0.0,0.0,0.1841620626151013,0.0,0.1841620626151013,7.366482504604052,0.0,0.0,0.0,0.0,0.0,0.0
112R,11,2R,0,0,0,0,591,591,588,3,66,64,157,169,61,10,13,0,0,6,0,0,0,0,4,38,0,0,0,0,0,0,inf,0.5076142131979695,99.49238578680203,11.224489795918368,10.884353741496598,26.700680272108844,28.741496598639454,10.374149659863946,1.7006802721088436,2.2108843537414966,0.0,0.0,1.0204081632653061,0.0,0.0,0.0,0.0,0.6802721088435374,6.462585034013606,0.0,0.0,0.0,0.0,0.0,0.0
112S,11,2S,0,0,0,0,468,468,467,1,52,29,82,183,59,8,16,0,0,1,0,0,1,0,3,33,0,0,0,0,0,0,inf,0.2136752136752137,99.78632478632478,11.134903640256958,6.209850107066381,17.558886509635975,39.186295503211994,12.633832976445397,1.7130620985010707,3.4261241970021414,0.0,0.0,0.21413276231263384,0.0,0.0,0.21413276231263384,0.0,0.6423982869379015,7.066381156316917,0.0,0.0,0.0,0.0,0.0,0.0
112T,11,2T,0,0,0,0,486,486,483,3,53,35,80,141,92,11,26,0,0,3,0,0,1,0,1,40,0,0,0,0,0,0,inf,0.6172839506172839,99.38271604938271,10.973084886128365,7.246376811594203,16.563146997929607,29.19254658385093,19.047619047619047,2.2774327122153206,5.383022774327122,0.0,0.0,0.6211180124223602,0.0,0.0,0.2070393374741201,0.0,0.2070393374741201,8.281573498964804,0.0,0.0,0.0,0.0,0.0,0.0
112U,11,2U,0,0,0,0,667,667,663,4,51,38,223,159,107,18,22,0,0,6,0,0,2,0,2,35,0,0,0,0,0,0,inf,0.5997001499250375,99.40029985007496,7.6923076923076925,5.731523378582202,33.63499245852187,23.981900452488688,16.138763197586727,2.7149321266968327,3.3182503770739067,0.0,0.0,0.904977375565611,0.0,0.0,0.301659125188537,0.0,0.301659125188537,5.279034690799397,0.0,0.0,0.0,0.0,0.0,0.0
112W,11,2W,0,0,0,0,601,601,598,3,63,25,160,160,107,13,18,0,0,1,0,0,1,0,4,46,0,0,0,0,0,0,inf,0.49916805324459235,99.50083194675541,10.535117056856187,4.1806020066889635,26.755852842809364,26.755852842809364,17.892976588628763,2.1739130434782608,3.0100334448160537,0.0,0.0,0.16722408026755853,0.0,0.0,0.16722408026755853,0.0,0.6688963210702341,7.6923076923076925,0.0,0.0,0.0,0.0,0.0,0.0
11301,11,301,943,710,233,0,480,5,474,6,46,13,74,121,163,7,16,0,0,3,0,0,2,0,1,28,0,0,0,0,0,0,50.90137857900318,1.25,98.75,9.70464135021097,2.7426160337552745,15.611814345991561,25.52742616033755,34.38818565400844,1.4767932489451476,3.375527426160337,0.0,0.0,0.6329113924050633,0.0,0.0,0.42194092827004215,0.0,0.21097046413502107,5.9071729957805905,0.0,0.0,0.0,0.0,0.0,0.0
11302,11,302,892,591,301,0,425,4,414,11,45,19,69,144,82,9,9,0,0,3,0,0,0,0,1,33,0,0,0,0,0,0,47.6457399103139,2.588235294117647,97.41176470588235,10.869565217391305,4.5893719806763285,16.666666666666664,34.78260869565217,19.806763285024154,2.1739130434782608,2.1739130434782608,0.0,0.0,0.7246376811594203,0.0,0.0,0.0,0.0,0.24154589371980675,7.971014492753622,0.0,0.0,0.0,0.0,0.0,0.0
11303,11,303,938,609,329,0,456,5,454,2,58,11,90,117,119,6,9,0,0,0,0,0,0,0,5,39,0,0,0,0,0,0,48.61407249466951,0.43859649122807015,99.56140350877193,12.77533039647577,2.4229074889867843,19.823788546255507,25.770925110132158,26.21145374449339,1.3215859030837005,1.9823788546255507,0.0,0.0,0.0,0.0,0.0,0.0,0.0,1.1013215859030838,8.590308370044053,0.0,0.0,0.0,0.0,0.0,0.0
11304,11,304,793,640,153,0,391,9,388,3,40,14,43,163,92,4,10,0,0,1,0,0,0,0,1,20,0,0,0,0,0,0,49.30643127364439,0.7672634271099744,99.23273657289002,10.309278350515463,3.608247422680412,11.082474226804123,42.01030927835052,23.711340206185564,1.0309278350515463,2.5773195876288657,0.0,0.0,0.25773195876288657,0.0,0.0,0.0,0.0,0.25773195876288657,5.154639175257731,0.0,0.0,0.0,0.0,0.0,0.0
11305,11,305,876,608,268,0,415,6,412,3,56,14,63,132,100,3,5,0,0,6,0,0,0,0,1,32,0,0,0,0,0,0,47.37442922374429,0.7228915662650602,99.27710843373494,13.592233009708737,3.3980582524271843,15.291262135922329,32.038834951456316,24.271844660194176,0.7281553398058253,1.2135922330097086,0.0,0.0,1.4563106796116505,0.0,0.0,0.0,0.0,0.24271844660194172,7.766990291262135,0.0,0.0,0.0,0.0,0.0,0.0
11306,11,306,853,588,265,0,343,3,338,5,29,12,52,87,121,2,5,0,0,1,0,0,1,0,1,27,0,0,0,0,0,0,40.211019929660026,1.4577259475218658,98.54227405247813,8.579881656804734,3.5502958579881656,15.384615384615385,25.7396449704142,35.798816568047336,0.591715976331361,1.4792899408284024,0.0,0.0,0.2958579881656805,0.0,0.0,0.2958579881656805,0.0,0.2958579881656805,7.988165680473373,0.0,0.0,0.0,0.0,0.0,0.0
11307,11,307,856,590,266,0,379,4,377,2,34,9,50,111,121,4,10,0,0,1,0,0,1,0,2,34,0,0,0,0,0,0,44.27570093457944,0.5277044854881267,99.47229551451187,9.018567639257293,2.3872679045092835,13.262599469496022,29.44297082228117,32.09549071618037,1.0610079575596816,2.6525198938992043,0.0,0.0,0.2652519893899204,0.0,0.0,0.2652519893899204,0.0,0.5305039787798408,9.018567639257293,0.0,0.0,0.0,0.0,0.0,0.0
11308,11,308,746,466,280,0,311,0,309,2,19,11,42,88,104,7,7,0,0,1,0,0,0,0,0,30,0,0,0,0,0,0,41.689008042895445,0.6430868167202572,99.35691318327974,6.148867313915858,3.559870550161812,13.592233009708737,28.478964401294498,33.65695792880259,2.26537216828479,2.26537216828479,0.0,0.0,0.3236245954692557,0.0,0.0,0.0,0.0,0.0,9.70873786407767,0.0,0.0,0.0,0.0,0.0,0.0
11309,11,309,926,612,314,0,424,3,418,6,31,9,57,126,132,10,7,0,0,2,0,0,1,0,0,43,0,0,0,0,0,0,45.78833693304535,1.4150943396226416,98.58490566037736,7.4162679425837315,2.15311004784689,13.636363636363635,30.14354066985646,31.57894736842105,2.3923444976076556,1.674641148325359,0.0,0.0,0.4784688995215311,0.0,0.0,0.23923444976076555,0.0,0.0,10.287081339712918,0.0,0.0,0.0,0.0,0.0,0.0
11310,11,310,947,613,334,0,478,6,471,7,32,19,87,171,117,7,9,0,0,5,0,0,2,0,0,22,0,0,0,0,0,0,50.475184794086594,1.4644351464435146,98.5355648535565,6.794055201698514,4.033970276008493,18.471337579617835,36.30573248407643,24.840764331210192,1.48619957537155,1.910828025477707,0.0,0.0,1.0615711252653928,0.0,0.0,0.42462845010615713,0.0,0.0,4.670912951167728,0.0,0.0,0.0,0.0,0.0,0.0
11311,11,311,831,635,196,0,457,8,451,6,44,18,47,163,134,9,5,0,0,3,0,0,1,0,2,25,0,0,0,0,0,0,54.993983152827916,1.312910284463895,98.6870897155361,9.75609756097561,3.9911308203991127,10.42128603104213,36.14190687361419,29.711751662971174,1.9955654101995564,1.1086474501108647,0.0,0.0,0.6651884700665188,0.0,0.0,0.22172949002217296,0.0,0.4434589800443459,5.543237250554324,0.0,0.0,0.0,0.0,0.0,0.0
11312,11,312,844,582,262,0,396,6,393,3,27,16,43,121,127,6,12,0,0,6,0,0,4,0,5,26,0,0,0,0,0,0,46.91943127962085,0.7575757575757576,99.24242424242425,6.870229007633588,4.071246819338422,10.941475826972011,30.788804071246815,32.31552162849873,1.5267175572519083,3.0534351145038165,0.0,0.0,1.5267175572519083,0.0,0.0,1.0178117048346056,0.0,1.2722646310432568,6.615776081424936,0.0,0.0,0.0,0.0,0.0,0.0
11313,11,313,991,702,289,0,508,4,507,1,45,14,69,147,158,4,15,0,0,3,0,0,1,0,2,49,0,0,0,0,0,0,51.26135216952573,0.19685039370078738,99.80314960629921,8.875739644970414,2.7613412228796843,13.609467455621301,28.994082840236686,31.163708086785007,0.7889546351084813,2.9585798816568047,0.0,0.0,0.591715976331361,0.0,0.0,0.19723865877712032,0.0,0.39447731755424065,9.664694280078894,0.0,0.0,0.0,0.0,0.0,0.0
11314,11,314,866,597,269,0,402,1,398,4,32,11,50,120,128,2,9,0,0,2,0,0,0,0,1,43,0,0,0,0,0,0,46.4203233256351,0.9950248756218906,99.00497512437812,8.040201005025125,2.763819095477387,12.562814070351758,30.15075376884422,32.1608040201005,0.5025125628140703,2.261306532663317,0.0,0.0,0.5025125628140703,0.0,0.0,0.0,0.0,0.25125628140703515,10.804020100502512,0.0,0.0,0.0,0.0,0.0,0.0
11315,11,315,859,646,213,0,411,7,403,8,42,10,58,109,126,5,9,0,0,4,0,0,1,0,1,38,0,0,0,0,0,0,47.84633294528521,1.9464720194647203,98.05352798053528,10.421836228287841,2.481389578163772,14.392059553349876,27.04714640198511,31.265508684863523,1.240694789081886,2.2332506203473943,0.0,0.0,0.9925558312655087,0.0,0.0,0.24813895781637718,0.0,0.24813895781637718,9.429280397022332,0.0,0.0,0.0,0.0,0.0,0.0
11316,11,316,971,750,221,0,494,4,490,4,53,8,110,109,145,12,11,0,0,2,0,0,0,0,3,37,0,0,0,0,0,0,50.87538619979403,0.8097165991902834,99.19028340080972,10.816326530612246,1.6326530612244898,22.448979591836736,22.244897959183675,29.591836734693878,2.4489795918367347,2.2448979591836733,0.0,0.0,0.40816326530612246,0.0,0.0,0.0,0.0,0.6122448979591837,7.551020408163265,0.0,0.0,0.0,0.0,0.0,0.0
11317,11,317,943,685,258,0,485,1,481,4,50,9,73,122,167,7,15,0,0,5,0,0,0,0,1,32,0,0,0,0,0,0,51.431601272534465,0.8247422680412372,99.17525773195877,10.395010395010395,1.8711018711018712,15.176715176715177,25.363825363825367,34.71933471933472,1.4553014553014554,3.118503118503119,0.0,0.0,1.0395010395010396,0.0,0.0,0.0,0.0,0.2079002079002079,6.652806652806653,0.0,0.0,0.0,0.0,0.0,0.0
11318,11,318,844,617,227,0,438,3,435,3,28,10,49,144,144,8,12,0,0,1,0,0,1,0,1,37,0,0,0,0,0,0,51.8957345971564,0.684931506849315,99.31506849315068,6.436781609195402,2.2988505747126435,11.264367816091953,33.10344827586207,33.10344827586207,1.839080459770115,2.7586206896551726,0.0,0.0,0.22988505747126436,0.0,0.0,0.22988505747126436,0.0,0.22988505747126436,8.505747126436782,0.0,0.0,0.0,0.0,0.0,0.0
11319,11,319,837,643,194,0,435,2,432,3,30,15,49,119,175,3,12,0,0,1,0,0,0,0,3,25,0,0,0,0,0,0,51.971326164874554,0.6896551724137931,99.3103448275862,6.944444444444445,3.4722222222222223,11.342592592592593,27.546296296296298,40.50925925925926,0.6944444444444444,2.7777777777777777,0.0,0.0,0.23148148148148145,0.0,0.0,0.0,0.0,0.6944444444444444,5.787037037037037,0.0,0.0,0.0,0.0,0.0,0.0
11320,11,320,1012,688,324,0,468,4,460,8,51,15,64,147,129,3,11,0,0,1,0,0,2,0,2,35,0,0,0,0,0,0,46.24505928853755,1.7094017094017095,98.29059829059828,11.08695652173913,3.260869565217391,13.91304347826087,31.956521739130434,28.043478260869563,0.6521739130434783,2.391304347826087,0.0,0.0,0.21739130434782608,0.0,0.0,0.43478260869565216,0.0,0.43478260869565216,7.608695652173914,0.0,0.0,0.0,0.0,0.0,0.0
11321,11,321,960,709,251,0,484,1,480,4,28,14,47,135,181,3,13,0,0,3,0,0,1,0,4,51,0,0,0,0,0,0,50.416666666666664,0.8264462809917356,99.17355371900827,5.833333333333333,2.9166666666666665,9.791666666666666,28.125,37.708333333333336,0.625,2.7083333333333335,0.0,0.0,0.625,0.0,0.0,0.20833333333333334,0.0,0.8333333333333334,10.625,0.0,0.0,0.0,0.0,0.0,0.0
11322,11,322,746,564,182,0,387,3,378,9,35,5,39,133,112,6,14,0,0,2,0,0,0,0,1,31,0,0,0,0,0,0,51.87667560321716,2.3255813953488373,97.67441860465115,9.25925925925926,1.3227513227513228,10.317460317460316,35.18518518518518,29.629629629629626,1.5873015873015872,3.7037037037037033,0.0,0.0,0.5291005291005291,0.0,0.0,0.0,0.0,0.26455026455026454,8.201058201058201,0.0,0.0,0.0,0.0,0.0,0.0
11323,11,323,924,680,244,0,444,2,434,10,47,11,70,129,131,4,5,0,0,2,0,0,0,0,3,32,0,0,0,0,0,0,48.05194805194805,2.2522522522522523,97.74774774774775,10.829493087557603,2.5345622119815667,16.129032258064516,29.723502304147466,30.184331797235025,0.9216589861751152,1.1520737327188941,0.0,0.0,0.4608294930875576,0.0,0.0,0.0,0.0,0.6912442396313364,7.373271889400922,0.0,0.0,0.0,0.0,0.0,0.0
11324,11,324,869,653,216,0,268,1,265,3,17,16,23,98,75,2,6,0,0,1,0,0,1,0,0,26,0,0,0,0,0,0,30.84004602991945,1.1194029850746268,98.88059701492537,6.415094339622642,6.037735849056604,8.679245283018867,36.9811320754717,28.30188679245283,0.7547169811320755,2.2641509433962264,0.0,0.0,0.37735849056603776,0.0,0.0,0.37735849056603776,0.0,0.0,9.811320754716983,0.0,0.0,0.0,0.0,0.0,0.0
11325,11,325,731,428,303,0,368,12,364,4,26,40,39,191,44,4,5,0,0,1,0,0,0,0,0,14,0,0,0,0,0,0,50.341997264021884,1.0869565217391304,98.91304347826086,7.142857142857142,10.989010989010989,10.714285714285714,52.472527472527474,12.087912087912088,1.098901098901099,1.3736263736263736,0.0,0.0,0.27472527472527475,0.0,0.0,0.0,0.0,0.0,3.8461538461538463,0.0,0.0,0.0,0.0,0.0,0.0
11326,11,326,979,715,264,0,390,3,388,2,42,31,58,127,95,9,8,0,0,0,0,0,0,0,0,18,0,0,0,0,0,0,39.836567926455565,0.5128205128205128,99.48717948717949,10.824742268041238,7.989690721649484,14.948453608247423,32.7319587628866,24.484536082474225,2.3195876288659796,2.0618556701030926,0.0,0.0,0.0,0.0,0.0,0.0,0.0,0.0,4.639175257731959,0.0,0.0,0.0,0.0,0.0,0.0
11327,11,327,939,648,291,0,483,5,477,6,56,12,65,160,119,13,11,0,0,6,0,0,1,0,0,34,0,0,0,0,0,0,51.43769968051119,1.2422360248447204,98.75776397515527,11.740041928721174,2.515723270440252,13.626834381551362,33.542976939203356,24.947589098532493,2.7253668763102725,2.3060796645702304,0.0,0.0,1.257861635220126,0.0,0.0,0.20964360587002098,0.0,0.0,7.127882599580712,0.0,0.0,0.0,0.0,0.0,0.0
11328,11,328,663,431,232,0,374,4,374,0,40,22,56,135,85,13,2,0,0,2,0,0,0,0,2,17,0,0,0,0,0,0,56.41025641025641,0.0,100.0,10.695187165775401,5.88235294117647,14.973262032085561,36.096256684491976,22.727272727272727,3.4759358288770055,0.53475935828877,0.0,0.0,0.53475935828877,0.0,0.0,0.0,0.0,0.53475935828877,4.545454545454546,0.0,0.0,0.0,0.0,0.0,0.0
11329,11,329,836,561,275,0,458,11,457,1,24,24,44,220,90,7,11,0,0,6,0,0,1,0,2,28,0,0,0,0,0,0,54.78468899521531,0.21834061135371177,99.78165938864629,5.25164113785558,5.25164113785558,9.62800875273523,48.14004376367615,19.693654266958426,1.5317286652078774,2.4070021881838075,0.0,0.0,1.312910284463895,0.0,0.0,0.2188183807439825,0.0,0.437636761487965,6.12691466083151,0.0,0.0,0.0,0.0,0.0,0.0
11330,11,330,808,532,276,0,385,10,381,4,29,26,33,174,83,6,9,0,0,2,0,0,0,0,0,19,0,0,0,0,0,0,47.648514851485146,1.0389610389610389,98.96103896103897,7.611548556430446,6.824146981627297,8.661417322834646,45.66929133858268,21.784776902887142,1.574803149606299,2.3622047244094486,0.0,0.0,0.5249343832020997,0.0,0.0,0.0,0.0,0.0,4.986876640419948,0.0,0.0,0.0,0.0,0.0,0.0
11331,11,331,845,503,342,0,333,4,330,3,27,10,45,137,80,5,4,0,0,1,0,0,0,0,0,21,0,0,0,0,0,0,39.408284023668635,0.9009009009009009,99.09909909909909,8.181818181818182,3.0303030303030303,13.636363636363635,41.515151515151516,24.242424242424242,1.5151515151515151,1.2121212121212122,0.0,0.0,0.30303030303030304,0.0,0.0,0.0,0.0,0.0,6.363636363636363,0.0,0.0,0.0,0.0,0.0,0.0
11332,11,332,789,517,272,0,308,3,302,6,36,14,46,79,91,6,8,0,0,0,0,0,2,0,1,19,0,0,0,0,0,0,39.036755386565275,1.948051948051948,98.05194805194806,11.920529801324504,4.635761589403973,15.2317880794702,26.158940397350992,30.132450331125828,1.9867549668874174,2.6490066225165565,0.0,0.0,0.0,0.0,0.0,0.6622516556291391,0.0,0.33112582781456956,6.291390728476822,0.0,0.0,0.0,0.0,0.0,0.0
11333,11,333,781,538,243,0,399,2,393,6,43,9,61,137,85,6,7,0,0,1,0,0,0,0,1,43,0,0,0,0,0,0,51.08834827144686,1.5037593984962405,98.49624060150376,10.941475826972011,2.2900763358778624,15.521628498727736,34.86005089058524,21.62849872773537,1.5267175572519083,1.7811704834605597,0.0,0.0,0.2544529262086514,0.0,0.0,0.0,0.0,0.2544529262086514,10.941475826972011,0.0,0.0,0.0,0.0,0.0,0.0
11334,11,334,695,554,141,0,416,7,409,7,30,7,53,130,136,6,8,0,0,3,0,0,0,0,0,36,0,0,0,0,0,0,59.856115107913666,1.6826923076923077,98.3173076923077,7.334963325183375,1.7114914425427872,12.95843520782396,31.784841075794624,33.251833740831295,1.466992665036675,1.9559902200488997,0.0,0.0,0.7334963325183375,0.0,0.0,0.0,0.0,0.0,8.80195599022005,0.0,0.0,0.0,0.0,0.0,0.0
11335,11,335,910,643,267,0,388,5,383,5,36,11,42,140,106,7,11,0,0,2,0,0,0,0,0,28,0,0,0,0,0,0,42.637362637362635,1.2886597938144329,98.71134020618557,9.39947780678851,2.8720626631853787,10.966057441253264,36.55352480417754,27.676240208877285,1.8276762402088773,2.8720626631853787,0.0,0.0,0.5221932114882507,0.0,0.0,0.0,0.0,0.0,7.310704960835509,0.0,0.0,0.0,0.0,0.0,0.0
11336,11,336,912,690,222,0,495,3,490,5,56,13,75,147,139,5,10,0,0,5,0,0,0,0,1,39,0,0,0,0,0,0,54.276315789473685,1.0101010101010102,98.98989898989899,11.428571428571429,2.6530612244897958,15.306122448979592,30.0,28.367346938775512,1.0204081632653061,2.0408163265306123,0.0,0.0,1.0204081632653061,0.0,0.0,0.0,0.0,0.20408163265306123,7.959183673469387,0.0,0.0,0.0,0.0,0.0,0.0
11337,11,337,691,552,139,0,355,2,351,4,33,12,42,119,99,11,5,0,0,1,0,0,0,0,2,27,0,0,0,0,0,0,51.37481910274963,1.1267605633802817,98.87323943661971,9.401709401709402,3.418803418803419,11.965811965811966,33.903133903133906,28.205128205128204,3.133903133903134,1.4245014245014245,0.0,0.0,0.2849002849002849,0.0,0.0,0.0,0.0,0.5698005698005698,7.6923076923076925,0.0,0.0,0.0,0.0,0.0,0.0
11338,11,338,775,546,229,0,310,0,308,2,31,16,44,126,63,3,5,0,0,1,0,0,0,0,1,18,0,0,0,0,0,0,40.0,0.6451612903225806,99.35483870967742,10.064935064935066,5.194805194805195,14.285714285714285,40.909090909090914,20.454545454545457,0.974025974025974,1.6233766233766231,0.0,0.0,0.3246753246753247,0.0,0.0,0.0,0.0,0.3246753246753247,5.844155844155844,0.0,0.0,0.0,0.0,0.0,0.0
11339,11,339,762,570,192,0,439,2,436,3,31,22,65,114,140,4,13,0,0,2,0,0,0,0,3,42,0,0,0,0,0,0,57.61154855643045,0.683371298405467,99.31662870159454,7.110091743119266,5.045871559633028,14.908256880733944,26.146788990825687,32.11009174311927,0.9174311926605505,2.981651376146789,0.0,0.0,0.45871559633027525,0.0,0.0,0.0,0.0,0.6880733944954129,9.63302752293578,0.0,0.0,0.0,0.0,0.0,0.0
113A,11,3A,0,0,0,0,506,506,503,3,67,26,102,143,77,4,24,0,0,5,0,0,0,0,3,52,0,0,0,0,0,0,inf,0.592885375494071,99.40711462450594,13.320079522862823,5.168986083499006,20.278330019880716,28.429423459244536,15.308151093439365,0.7952286282306162,4.7713717693836974,0.0,0.0,0.9940357852882704,0.0,0.0,0.0,0.0,0.5964214711729622,10.337972166998012,0.0,0.0,0.0,0.0,0.0,0.0
113B,11,3B,0,0,0,0,560,560,552,8,56,38,109,177,86,11,18,0,0,4,0,0,0,0,2,51,0,0,0,0,0,0,inf,1.4285714285714286,98.57142857142858,10.144927536231885,6.884057971014493,19.746376811594203,32.065217391304344,15.579710144927535,1.9927536231884055,3.260869565217391,0.0,0.0,0.7246376811594203,0.0,0.0,0.0,0.0,0.36231884057971014,9.239130434782608,0.0,0.0,0.0,0.0,0.0,0.0
113C,11,3C,0,0,0,0,461,461,458,3,49,29,82,140,80,9,17,0,0,2,0,0,1,0,1,48,0,0,0,0,0,0,inf,0.6507592190889371,99.34924078091106,10.698689956331878,6.331877729257641,17.903930131004365,30.567685589519648,17.46724890829694,1.9650655021834063,3.711790393013101,0.0,0.0,0.43668122270742354,0.0,0.0,0.21834061135371177,0.0,0.21834061135371177,10.480349344978166,0.0,0.0,0.0,0.0,0.0,0.0
113D,11,3D,0,0,0,0,448,448,447,1,70,20,71,154,73,2,10,0,0,1,0,0,1,0,5,40,0,0,0,0,0,0,inf,0.2232142857142857,99.77678571428571,15.659955257270694,4.47427293064877,15.883668903803134,34.45190156599553,16.331096196868007,0.44742729306487694,2.237136465324385,0.0,0.0,0.22371364653243847,0.0,0.0,0.22371364653243847,0.0,1.1185682326621924,8.94854586129754,0.0,0.0,0.0,0.0,0.0,0.0
113E,11,3E,0,0,0,0,439,439,433,6,52,15,111,114,75,6,8,0,0,6,0,0,0,0,3,43,0,0,0,0,0,0,inf,1.366742596810934,98.63325740318906,12.009237875288683,3.4642032332563506,25.635103926096996,26.32794457274827,17.321016166281755,1.3856812933025404,1.8475750577367205,0.0,0.0,1.3856812933025404,0.0,0.0,0.0,0.0,0.6928406466512702,9.930715935334874,0.0,0.0,0.0,0.0,0.0,0.0
113F,11,3F,0,0,0,0,579,579,579,0,82,35,111,175,88,8,16,0,0,8,0,0,1,0,2,53,0,0,0,0,0,0,inf,0.0,100.0,14.162348877374784,6.0449050086355784,19.170984455958546,30.22452504317789,15.198618307426598,1.381692573402418,2.763385146804836,0.0,0.0,1.381692573402418,0.0,0.0,0.17271157167530224,0.0,0.3454231433506045,9.153713298791018,0.0,0.0,0.0,0.0,0.0,0.0
113G,11,3G,0,0,0,0,384,384,383,1,50,14,66,151,51,6,13,0,0,0,0,0,1,0,3,28,0,0,0,0,0,0,inf,0.26041666666666663,99.73958333333334,13.054830287206268,3.6553524804177546,17.232375979112273,39.425587467362924,13.315926892950392,1.5665796344647518,3.3942558746736298,0.0,0.0,0.0,0.0,0.0,0.26109660574412535,0.0,0.7832898172323759,7.310704960835509,0.0,0.0,0.0,0.0,0.0,0.0
113H,11,3H,0,0,0,0,380,380,376,4,44,14,69,138,53,3,8,0,0,6,0,0,0,0,3,38,0,0,0,0,0,0,inf,1.0526315789473684,98.94736842105263,11.702127659574469,3.723404255319149,18.351063829787233,36.702127659574465,14.095744680851062,0.7978723404255319,2.127659574468085,0.0,0.0,1.5957446808510638,0.0,0.0,0.0,0.0,0.7978723404255319,10.106382978723403,0.0,0.0,0.0,0.0,0.0,0.0
113K,11,3K,0,0,0,0,492,492,488,4,67,15,81,167,79,4,20,0,0,3,0,0,0,0,3,49,0,0,0,0,0,0,inf,0.8130081300813009,99.1869918699187,13.729508196721312,3.0737704918032787,16.598360655737704,34.22131147540984,16.188524590163937,0.819672131147541,4.098360655737705,0.0,0.0,0.6147540983606558,0.0,0.0,0.0,0.0,0.6147540983606558,10.040983606557377,0.0,0.0,0.0,0.0,0.0,0.0
113L,11,3L,0,0,0,0,545,545,541,4,65,28,98,210,58,11,16,0,0,2,0,0,1,0,2,50,0,0,0,0,0,0,inf,0.7339449541284404,99.26605504587155,12.014787430683919,5.175600739371535,18.11460258780037,38.817005545286506,10.720887245841034,2.033271719038817,2.957486136783734,0.0,0.0,0.36968576709796674,0.0,0.0,0.18484288354898337,0.0,0.36968576709796674,9.242144177449168,0.0,0.0,0.0,0.0,0.0,0.0
113M,11,3M,0,0,0,0,382,382,381,1,59,10,58,135,52,8,17,0,0,3,0,0,0,0,3,36,0,0,0,0,0,0,inf,0.2617801047120419,99.73821989528795,15.485564304461944,2.6246719160104988,15.223097112860891,35.43307086614173,13.648293963254593,2.099737532808399,4.4619422572178475,0.0,0.0,0.7874015748031495,0.0,0.0,0.0,0.0,0.7874015748031495,9.448818897637794,0.0,0.0,0.0,0.0,0.0,0.0
113N,11,3N,0,0,0,0,429,429,425,4,41,22,74,144,81,6,9,0,0,2,0,0,1,0,1,44,0,0,0,0,0,0,inf,0.9324009324009324,99.06759906759906,9.647058823529411,5.176470588235294,17.41176470588235,33.88235294117647,19.058823529411764,1.411764705882353,2.1176470588235294,0.0,0.0,0.4705882352941176,0.0,0.0,0.2352941176470588,0.0,0.2352941176470588,10.352941176470589,0.0,0.0,0.0,0.0,0.0,0.0
113P,11,3P,0,0,0,0,513,513,513,0,79,75,90,181,26,13,7,0,0,2,0,0,0,0,1,39,0,0,0,0,0,0,inf,0.0,100.0,15.39961013645224,14.619883040935672,17.543859649122805,35.28265107212476,5.0682261208577,2.53411306042885,1.364522417153996,0.0,0.0,0.3898635477582846,0.0,0.0,0.0,0.0,0.1949317738791423,7.602339181286549,0.0,0.0,0.0,0.0,0.0,0.0
113R,11,3R,0,0,0,0,496,496,496,0,60,41,86,186,58,7,17,0,0,3,0,0,2,0,2,34,0,0,0,0,0,0,inf,0.0,100.0,12.096774193548388,8.266129032258064,17.338709677419356,37.5,11.693548387096774,1.411290322580645,3.4274193548387095,0.0,0.0,0.6048387096774194,0.0,0.0,0.4032258064516129,0.0,0.4032258064516129,6.854838709677419,0.0,0.0,0.0,0.0,0.0,0.0
113S,11,3S,0,0,0,0,501,501,501,0,41,51,48,233,46,6,25,0,0,3,0,0,0,0,5,43,0,0,0,0,0,0,inf,0.0,100.0,8.183632734530939,10.179640718562874,9.580838323353294,46.506986027944116,9.181636726546905,1.1976047904191618,4.990019960079841,0.0,0.0,0.5988023952095809,0.0,0.0,0.0,0.0,0.998003992015968,8.582834331337326,0.0,0.0,0.0,0.0,0.0,0.0
113T,11,3T,0,0,0,0,548,548,547,1,75,48,77,195,75,7,18,0,0,2,0,0,0,0,0,50,0,0,0,0,0,0,inf,0.18248175182481752,99.81751824817519,13.711151736745887,8.775137111517367,14.076782449725778,35.64899451553931,13.711151736745887,1.2797074954296161,3.2906764168190126,0.0,0.0,0.3656307129798903,0.0,0.0,0.0,0.0,0.0,9.140767824497258,0.0,0.0,0.0,0.0,0.0,0.0
113U,11,3U,0,0,0,0,390,390,390,0,51,14,48,167,54,2,19,0,0,4,0,0,0,0,2,29,0,0,0,0,0,0,inf,0.0,100.0,13.076923076923078,3.5897435897435894,12.307692307692308,42.82051282051282,13.846153846153847,0.5128205128205128,4.871794871794872,0.0,0.0,1.0256410256410255,0.0,0.0,0.0,0.0,0.5128205128205128,7.435897435897436,0.0,0.0,0.0,0.0,0.0,0.0
113W,11,3W,0,0,0,0,457,457,453,4,47,24,80,171,67,7,12,0,0,5,0,0,0,0,2,38,0,0,0,0,0,0,inf,0.87527352297593,99.12472647702407,10.375275938189846,5.298013245033113,17.660044150110377,37.74834437086093,14.79028697571744,1.545253863134658,2.6490066225165565,0.0,0.0,1.1037527593818985,0.0,0.0,0.0,0.0,0.44150110375275936,8.388520971302428,0.0,0.0,0.0,0.0,0.0,0.0
113X,11,3X,0,0,0,0,524,524,522,2,64,30,87,157,88,10,21,0,0,8,0,0,0,0,3,54,0,0,0,0,0,0,inf,0.38167938931297707,99.61832061068702,12.260536398467432,5.747126436781609,16.666666666666664,30.07662835249042,16.85823754789272,1.9157088122605364,4.022988505747127,0.0,0.0,1.532567049808429,0.0,0.0,0.0,0.0,0.5747126436781609,10.344827586206897,0.0,0.0,0.0,0.0,0.0,0.0
11401,11,401,879,591,288,0,415,11,412,3,31,16,58,122,124,4,18,0,0,2,0,0,0,0,0,37,0,0,0,0,0,0,47.2127417519909,0.7228915662650602,99.27710843373494,7.524271844660194,3.8834951456310676,14.077669902912621,29.61165048543689,30.097087378640776,0.9708737864077669,4.368932038834951,0.0,0.0,0.48543689320388345,0.0,0.0,0.0,0.0,0.0,8.980582524271846,0.0,0.0,0.0,0.0,0.0,0.0
11402,11,402,931,630,301,0,498,5,495,3,47,31,69,211,99,5,7,0,0,3,0,0,0,0,0,23,0,0,0,0,0,0,53.49087003222341,0.6024096385542169,99.3975903614458,9.494949494949495,6.262626262626263,13.939393939393941,42.62626262626263,20.0,1.0101010101010102,1.4141414141414141,0.0,0.0,0.6060606060606061,0.0,0.0,0.0,0.0,0.0,4.646464646464646,0.0,0.0,0.0,0.0,0.0,0.0
11403,11,403,965,636,329,0,429,3,427,2,48,15,53,180,88,3,8,0,0,2,0,0,0,0,1,29,0,0,0,0,0,0,44.4559585492228,0.4662004662004662,99.53379953379954,11.241217798594848,3.51288056206089,12.412177985948478,42.15456674473068,20.60889929742389,0.702576112412178,1.873536299765808,0.0,0.0,0.468384074941452,0.0,0.0,0.0,0.0,0.234192037470726,6.791569086651054,0.0,0.0,0.0,0.0,0.0,0.0
11404,11,404,795,523,272,0,401,0,398,3,41,10,67,147,101,3,9,0,0,2,0,0,0,0,0,18,0,0,0,0,0,0,50.44025157232704,0.7481296758104738,99.25187032418953,10.301507537688442,2.512562814070352,16.834170854271356,36.93467336683417,25.376884422110553,0.7537688442211055,2.261306532663317,0.0,0.0,0.5025125628140703,0.0,0.0,0.0,0.0,0.0,4.522613065326634,0.0,0.0,0.0,0.0,0.0,0.0
11405,11,405,994,669,325,0,496,7,486,10,57,16,76,160,106,11,5,0,0,3,0,0,1,0,2,49,0,0,0,0,0,0,49.899396378269614,2.0161290322580645,97.98387096774194,11.728395061728394,3.292181069958848,15.637860082304528,32.92181069958848,21.810699588477366,2.263374485596708,1.02880658436214,0.0,0.0,0.6172839506172839,0.0,0.0,0.205761316872428,0.0,0.411522633744856,10.08230452674897,0.0,0.0,0.0,0.0,0.0,0.0
11406,11,406,809,581,228,0,381,5,372,9,33,16,57,111,111,7,7,0,0,0,0,0,1,0,6,23,0,0,0,0,0,0,47.09517923362176,2.3622047244094486,97.63779527559055,8.870967741935484,4.301075268817205,15.32258064516129,29.838709677419356,29.838709677419356,1.881720430107527,1.881720430107527,0.0,0.0,0.0,0.0,0.0,0.2688172043010753,0.0,1.6129032258064515,6.182795698924731,0.0,0.0,0.0,0.0,0.0,0.0
11407,11,407,907,605,302,0,440,3,433,7,43,9,73,133,119,3,8,0,0,1,0,0,1,0,2,41,0,0,0,0,0,0,48.511576626240355,1.5909090909090908,98.4090909090909,9.930715935334874,2.0785219399538106,16.859122401847575,30.71593533487298,27.48267898383372,0.6928406466512702,1.8475750577367205,0.0,0.0,0.23094688221709006,0.0,0.0,0.23094688221709006,0.0,0.4618937644341801,9.468822170900692,0.0,0.0,0.0,0.0,0.0,0.0
11408,11,408,803,535,268,0,389,3,386,3,22,18,44,158,100,9,6,0,0,2,0,0,0,0,2,25,0,0,0,0,0,0,48.44333748443337,0.7712082262210797,99.22879177377892,5.699481865284974,4.66321243523316,11.398963730569948,40.932642487046635,25.906735751295333,2.33160621761658,1.5544041450777202,0.0,0.0,0.5181347150259068,0.0,0.0,0.0,0.0,0.5181347150259068,6.476683937823833,0.0,0.0,0.0,0.0,0.0,0.0
11409,11,409,788,554,234,0,353,3,347,6,37,14,53,125,86,2,10,0,0,1,0,0,0,0,0,19,0,0,0,0,0,0,44.79695431472081,1.69971671388102,98.30028328611898,10.662824207492795,4.034582132564841,15.273775216138327,36.023054755043226,24.78386167146974,0.5763688760806917,2.881844380403458,0.0,0.0,0.2881844380403458,0.0,0.0,0.0,0.0,0.0,5.475504322766571,0.0,0.0,0.0,0.0,0.0,0.0
11410,11,410,875,558,317,0,309,1,308,1,25,8,52,124,69,3,11,0,0,3,0,0,0,0,1,12,0,0,0,0,0,0,35.31428571428572,0.3236245954692557,99.67637540453075,8.116883116883116,2.5974025974025974,16.883116883116884,40.25974025974026,22.4025974025974,0.974025974025974,3.571428571428571,0.0,0.0,0.974025974025974,0.0,0.0,0.0,0.0,0.3246753246753247,3.896103896103896,0.0,0.0,0.0,0.0,0.0,0.0
11411,11,411,868,622,246,0,431,4,428,3,41,18,48,145,113,9,14,0,0,0,0,0,1,0,3,36,0,0,0,0,0,0,49.65437788018433,0.6960556844547563,99.30394431554525,9.579439252336448,4.205607476635514,11.214953271028037,33.8785046728972,26.401869158878505,2.102803738317757,3.2710280373831773,0.0,0.0,0.0,0.0,0.0,0.23364485981308408,0.0,0.7009345794392523,8.411214953271028,0.0,0.0,0.0,0.0,0.0,0.0
11412,11,412,883,574,309,0,426,9,420,6,23,24,58,183,88,7,10,0,0,0,0,0,0,0,3,24,0,0,0,0,0,0,48.24462061155153,1.4084507042253522,98.59154929577466,5.476190476190476,5.714285714285714,13.80952380952381,43.57142857142857,20.952380952380953,1.6666666666666667,2.380952380952381,0.0,0.0,0.0,0.0,0.0,0.0,0.0,0.7142857142857143,5.714285714285714,0.0,0.0,0.0,0.0,0.0,0.0
11413,11,413,796,561,235,0,423,2,421,2,30,17,52,149,109,11,9,0,0,4,0,0,2,0,0,38,0,0,0,0,0,0,53.14070351758794,0.4728132387706856,99.52718676122932,7.1258907363420425,4.038004750593824,12.351543942992874,35.39192399049881,25.890736342042754,2.6128266033254155,2.137767220902613,0.0,0.0,0.9501187648456058,0.0,0.0,0.4750593824228029,0.0,0.0,9.026128266033254,0.0,0.0,0.0,0.0,0.0,0.0
11414,11,414,839,517,322,0,392,2,388,4,33,24,34,200,56,7,5,0,0,1,0,0,0,0,2,26,0,0,0,0,0,0,46.722288438617404,1.0204081632653061,98.9795918367347,8.505154639175258,6.185567010309279,8.762886597938143,51.546391752577314,14.432989690721648,1.804123711340206,1.2886597938144329,0.0,0.0,0.25773195876288657,0.0,0.0,0.0,0.0,0.5154639175257731,6.701030927835052,0.0,0.0,0.0,0.0,0.0,0.0
11415,11,415,1033,759,274,0,419,4,417,2,37,20,38,176,88,6,10,0,0,1,0,0,0,0,2,39,0,0,0,0,0,0,40.56147144240077,0.47732696897374705,99.52267303102626,8.872901678657074,4.796163069544365,9.112709832134293,42.20623501199041,21.103117505995204,1.4388489208633095,2.3980815347721824,0.0,0.0,0.2398081534772182,0.0,0.0,0.0,0.0,0.4796163069544364,9.352517985611511,0.0,0.0,0.0,0.0,0.0,0.0
11416,11,416,950,562,388,0,476,16,472,4,31,39,76,204,72,8,15,0,0,3,0,0,2,0,0,22,0,0,0,0,0,0,50.10526315789474,0.8403361344537815,99.15966386554622,6.567796610169492,8.26271186440678,16.101694915254235,43.22033898305085,15.254237288135593,1.694915254237288,3.1779661016949152,0.0,0.0,0.6355932203389831,0.0,0.0,0.423728813559322,0.0,0.0,4.661016949152542,0.0,0.0,0.0,0.0,0.0,0.0
11417,11,417,916,597,319,0,442,8,436,6,25,18,51,218,83,3,7,0,0,0,0,0,1,0,0,30,0,0,0,0,0,0,48.25327510917031,1.3574660633484164,98.64253393665159,5.73394495412844,4.128440366972478,11.697247706422019,50.0,19.03669724770642,0.6880733944954129,1.6055045871559634,0.0,0.0,0.0,0.0,0.0,0.22935779816513763,0.0,0.0,6.8807339449541285,0.0,0.0,0.0,0.0,0.0,0.0
11418,11,418,699,432,267,0,324,2,323,1,18,41,57,143,42,6,3,0,0,0,0,0,0,0,2,11,0,0,0,0,0,0,46.3519313304721,0.30864197530864196,99.69135802469135,5.572755417956656,12.693498452012383,17.647058823529413,44.27244582043344,13.003095975232199,1.8575851393188854,0.9287925696594427,0.0,0.0,0.0,0.0,0.0,0.0,0.0,0.6191950464396285,3.4055727554179565,0.0,0.0,0.0,0.0,0.0,0.0
11419,11,419,987,694,293,0,524,8,518,6,48,13,48,216,117,4,10,0,0,3,0,0,1,0,0,58,0,0,0,0,0,0,53.09017223910841,1.1450381679389312,98.85496183206108,9.266409266409266,2.5096525096525095,9.266409266409266,41.6988416988417,22.586872586872587,0.7722007722007722,1.9305019305019304,0.0,0.0,0.5791505791505791,0.0,0.0,0.19305019305019305,0.0,0.0,11.196911196911197,0.0,0.0,0.0,0.0,0.0,0.0
11420,11,420,888,653,235,0,395,1,387,8,44,13,45,152,111,3,10,0,0,0,0,0,0,0,0,9,0,0,0,0,0,0,44.48198198198198,2.0253164556962027,97.9746835443038,11.369509043927648,3.359173126614987,11.627906976744185,39.276485788113696,28.68217054263566,0.7751937984496124,2.5839793281653747,0.0,0.0,0.0,0.0,0.0,0.0,0.0,0.0,2.3255813953488373,0.0,0.0,0.0,0.0,0.0,0.0
11421,11,421,816,545,271,0,394,5,392,2,23,14,39,178,96,7,9,0,0,2,0,0,1,0,0,23,0,0,0,0,0,0,48.28431372549019,0.5076142131979695,99.49238578680203,5.86734693877551,3.571428571428571,9.948979591836734,45.40816326530612,24.489795918367346,1.7857142857142856,2.295918367346939,0.0,0.0,0.5102040816326531,0.0,0.0,0.25510204081632654,0.0,0.0,5.86734693877551,0.0,0.0,0.0,0.0,0.0,0.0
11422,11,422,636,409,227,0,318,3,316,2,24,23,30,149,55,1,6,0,0,1,0,0,1,0,2,24,0,0,0,0,0,0,50.0,0.628930817610063,99.37106918238993,7.59493670886076,7.2784810126582276,9.49367088607595,47.151898734177216,17.405063291139243,0.31645569620253167,1.89873417721519,0.0,0.0,0.31645569620253167,0.0,0.0,0.31645569620253167,0.0,0.6329113924050633,7.59493670886076,0.0,0.0,0.0,0.0,0.0,0.0
11423,11,423,896,595,301,0,463,5,461,2,37,19,42,199,116,7,13,0,0,0,0,0,1,0,0,27,0,0,0,0,0,0,51.67410714285714,0.4319654427645789,99.56803455723542,8.026030368763557,4.121475054229935,9.11062906724512,43.16702819956616,25.16268980477224,1.5184381778741864,2.8199566160520604,0.0,0.0,0.0,0.0,0.0,0.21691973969631237,0.0,0.0,5.856832971800434,0.0,0.0,0.0,0.0,0.0,0.0
11424,11,424,882,587,295,0,428,5,424,4,35,35,42,209,65,9,7,0,0,0,0,0,1,0,0,21,0,0,0,0,0,0,48.52607709750567,0.9345794392523363,99.06542056074767,8.254716981132075,8.254716981132075,9.90566037735849,49.29245283018868,15.330188679245282,2.1226415094339623,1.650943396226415,0.0,0.0,0.0,0.0,0.0,0.2358490566037736,0.0,0.0,4.952830188679245,0.0,0.0,0.0,0.0,0.0,0.0
11425,11,425,865,486,379,0,388,7,387,1,32,26,40,198,48,5,12,0,0,1,0,0,0,0,1,24,0,0,0,0,0,0,44.85549132947977,0.25773195876288657,99.74226804123711,8.2687338501292,6.718346253229974,10.335917312661499,51.162790697674424,12.4031007751938,1.2919896640826873,3.10077519379845,0.0,0.0,0.2583979328165375,0.0,0.0,0.0,0.0,0.2583979328165375,6.2015503875969,0.0,0.0,0.0,0.0,0.0,0.0
11426,11,426,862,556,306,0,352,5,349,3,28,14,34,187,52,6,7,0,0,1,0,0,0,0,0,20,0,0,0,0,0,0,40.835266821345705,0.8522727272727272,99.14772727272727,8.022922636103152,4.011461318051576,9.742120343839542,53.581661891117484,14.899713467048711,1.7191977077363898,2.005730659025788,0.0,0.0,0.28653295128939826,0.0,0.0,0.0,0.0,0.0,5.730659025787966,0.0,0.0,0.0,0.0,0.0,0.0
11427,11,427,800,526,274,0,376,5,367,9,28,19,34,176,75,3,7,0,0,1,0,0,1,0,2,21,0,0,0,0,0,0,47.0,2.393617021276596,97.6063829787234,7.629427792915531,5.177111716621254,9.264305177111716,47.956403269754766,20.435967302452315,0.8174386920980926,1.9073569482288828,0.0,0.0,0.2724795640326975,0.0,0.0,0.2724795640326975,0.0,0.544959128065395,5.722070844686648,0.0,0.0,0.0,0.0,0.0,0.0
11428,11,428,821,517,304,0,407,11,403,4,20,29,36,220,63,6,5,0,0,4,0,0,0,0,0,20,0,0,0,0,0,0,49.57369062119367,0.9828009828009828,99.01719901719902,4.962779156327544,7.196029776674938,8.933002481389577,54.59057071960298,15.632754342431761,1.488833746898263,1.240694789081886,0.0,0.0,0.9925558312655087,0.0,0.0,0.0,0.0,0.0,4.962779156327544,0.0,0.0,0.0,0.0,0.0,0.0
11429,11,429,984,657,327,0,410,2,405,5,44,12,41,151,110,8,9,0,0,1,0,0,0,0,3,26,0,0,0,0,0,0,41.66666666666667,1.2195121951219512,98.78048780487805,10.864197530864198,2.9629629629629632,10.123456790123457,37.28395061728395,27.160493827160494,1.9753086419753085,2.2222222222222223,0.0,0.0,0.24691358024691357,0.0,0.0,0.0,0.0,0.7407407407407408,6.419753086419753,0.0,0.0,0.0,0.0,0.0,0.0
11430,11,430,912,699,213,0,486,5,476,10,42,11,48,175,145,5,17,0,0,2,0,0,0,0,0,31,0,0,0,0,0,0,53.289473684210535,2.05761316872428,97.94238683127571,8.823529411764707,2.3109243697478994,10.084033613445378,36.76470588235294,30.462184873949578,1.050420168067227,3.571428571428571,0.0,0.0,0.42016806722689076,0.0,0.0,0.0,0.0,0.0,6.512605042016808,0.0,0.0,0.0,0.0,0.0,0.0
11431,11,431,904,614,290,0,470,5,461,9,40,14,68,160,101,5,12,0,0,1,0,0,2,0,1,57,0,0,0,0,0,0,51.991150442477874,1.9148936170212765,98.08510638297872,8.676789587852495,3.036876355748373,14.75054229934924,34.70715835140998,21.908893709327547,1.0845986984815619,2.6030368763557483,0.0,0.0,0.21691973969631237,0.0,0.0,0.43383947939262474,0.0,0.21691973969631237,12.364425162689804,0.0,0.0,0.0,0.0,0.0,0.0
11432,11,432,905,647,258,0,486,5,478,8,42,12,58,206,106,12,10,0,0,1,0,0,0,0,1,30,0,0,0,0,0,0,53.70165745856353,1.646090534979424,98.35390946502058,8.786610878661087,2.510460251046025,12.133891213389122,43.09623430962343,22.17573221757322,2.510460251046025,2.092050209205021,0.0,0.0,0.20920502092050208,0.0,0.0,0.0,0.0,0.20920502092050208,6.2761506276150625,0.0,0.0,0.0,0.0,0.0,0.0
11433,11,433,887,598,289,0,394,5,389,5,26,13,42,186,76,7,7,0,0,2,0,0,0,0,0,30,0,0,0,0,0,0,44.41939120631341,1.2690355329949239,98.73096446700508,6.683804627249357,3.3419023136246784,10.796915167095115,47.81491002570694,19.53727506426735,1.7994858611825193,1.7994858611825193,0.0,0.0,0.5141388174807198,0.0,0.0,0.0,0.0,0.0,7.712082262210797,0.0,0.0,0.0,0.0,0.0,0.0
11434,11,434,833,601,232,0,429,4,425,4,46,21,51,168,78,3,13,0,0,5,0,0,0,0,0,40,0,0,0,0,0,0,51.50060024009604,0.9324009324009324,99.06759906759906,10.823529411764705,4.941176470588235,12.0,39.52941176470588,18.352941176470587,0.7058823529411765,3.058823529411765,0.0,0.0,1.1764705882352942,0.0,0.0,0.0,0.0,0.0,9.411764705882353,0.0,0.0,0.0,0.0,0.0,0.0
11435,11,435,911,665,246,0,514,6,510,4,44,10,60,210,128,2,13,0,0,0,0,0,0,0,1,42,0,0,0,0,0,0,56.42151481888035,0.7782101167315175,99.22178988326849,8.627450980392156,1.9607843137254901,11.76470588235294,41.17647058823529,25.098039215686274,0.39215686274509803,2.549019607843137,0.0,0.0,0.0,0.0,0.0,0.0,0.0,0.19607843137254902,8.235294117647058,0.0,0.0,0.0,0.0,0.0,0.0
11436,11,436,850,486,364,0,425,15,425,0,24,41,26,267,47,6,4,0,0,0,0,0,0,0,0,10,0,0,0,0,0,0,50.0,0.0,100.0,5.647058823529412,9.647058823529411,6.11764705882353,62.82352941176471,11.058823529411764,1.411764705882353,0.9411764705882352,0.0,0.0,0.0,0.0,0.0,0.0,0.0,0.0,2.3529411764705883,0.0,0.0,0.0,0.0,0.0,0.0
11437,11,437,892,549,343,0,473,9,472,1,21,44,27,304,44,6,3,0,0,1,0,0,0,0,0,22,0,0,0,0,0,0,53.026905829596416,0.21141649048625794,99.78858350951374,4.4491525423728815,9.322033898305085,5.720338983050848,64.40677966101694,9.322033898305085,1.2711864406779663,0.6355932203389831,0.0,0.0,0.211864406779661,0.0,0.0,0.0,0.0,0.0,4.661016949152542,0.0,0.0,0.0,0.0,0.0,0.0
11438,11,438,945,607,338,0,536,15,529,7,21,43,39,332,60,6,9,0,0,3,0,0,0,0,2,14,0,0,0,0,0,0,56.719576719576715,1.3059701492537312,98.69402985074626,3.9697542533081283,8.128544423440454,7.372400756143667,62.75992438563327,11.342155009451796,1.1342155009451798,1.7013232514177694,0.0,0.0,0.5671077504725899,0.0,0.0,0.0,0.0,0.3780718336483932,2.6465028355387523,0.0,0.0,0.0,0.0,0.0,0.0
114A,11,4A,0,0,0,0,541,541,538,3,70,40,64,231,64,4,20,0,0,4,0,0,0,0,1,40,0,0,0,0,0,0,inf,0.5545286506469501,99.44547134935306,13.011152416356877,7.434944237918216,11.895910780669144,42.93680297397769,11.895910780669144,0.7434944237918215,3.717472118959108,0.0,0.0,0.7434944237918215,0.0,0.0,0.0,0.0,0.18587360594795538,7.434944237918216,0.0,0.0,0.0,0.0,0.0,0.0
114B,11,4B,0,0,0,0,564,564,561,3,81,34,76,197,86,9,16,0,0,4,0,0,0,0,3,55,0,0,0,0,0,0,inf,0.5319148936170213,99.46808510638297,14.43850267379679,6.0606060606060606,13.547237076648841,35.115864527629235,15.32976827094474,1.6042780748663104,2.8520499108734403,0.0,0.0,0.7130124777183601,0.0,0.0,0.0,0.0,0.53475935828877,9.803921568627452,0.0,0.0,0.0,0.0,0.0,0.0
114C,11,4C,0,0,0,0,493,493,486,7,83,18,79,160,73,6,12,0,0,3,0,0,0,0,2,50,0,0,0,0,0,0,inf,1.4198782961460445,98.58012170385395,17.078189300411523,3.7037037037037033,16.255144032921812,32.92181069958848,15.020576131687244,1.2345679012345678,2.4691358024691357,0.0,0.0,0.6172839506172839,0.0,0.0,0.0,0.0,0.411522633744856,10.2880658436214,0.0,0.0,0.0,0.0,0.0,0.0
114D,11,4D,0,0,0,0,506,506,504,2,76,34,97,158,57,4,20,0,0,5,0,0,1,0,1,51,0,0,0,0,0,0,inf,0.3952569169960474,99.60474308300395,15.079365079365079,6.746031746031746,19.246031746031747,31.349206349206348,11.30952380952381,0.7936507936507936,3.968253968253968,0.0,0.0,0.992063492063492,0.0,0.0,0.1984126984126984,0.0,0.1984126984126984,10.119047619047619,0.0,0.0,0.0,0.0,0.0,0.0
114E,11,4E,0,0,0,0,528,528,528,0,108,29,89,180,47,7,19,0,0,1,0,0,0,0,3,45,0,0,0,0,0,0,inf,0.0,100.0,20.454545454545457,5.492424242424242,16.856060606060606,34.090909090909086,8.901515151515152,1.3257575757575757,3.5984848484848486,0.0,0.0,0.1893939393939394,0.0,0.0,0.0,0.0,0.5681818181818182,8.522727272727272,0.0,0.0,0.0,0.0,0.0,0.0
114F,11,4F,0,0,0,0,543,543,541,2,66,53,78,228,55,5,20,0,0,4,0,0,0,0,1,31,0,0,0,0,0,0,inf,0.3683241252302026,99.6316758747698,12.199630314232902,9.796672828096119,14.417744916820702,42.14417744916821,10.166358595194085,0.9242144177449169,3.6968576709796674,0.0,0.0,0.7393715341959335,0.0,0.0,0.0,0.0,0.18484288354898337,5.730129390018484,0.0,0.0,0.0,0.0,0.0,0.0
114G,11,4G,0,0,0,0,479,479,477,2,50,54,58,214,52,7,9,0,0,2,0,0,0,0,1,30,0,0,0,0,0,0,inf,0.41753653444676403,99.58246346555325,10.482180293501047,11.320754716981133,12.159329140461216,44.863731656184484,10.90146750524109,1.4675052410901468,1.8867924528301887,0.0,0.0,0.41928721174004197,0.0,0.0,0.0,0.0,0.20964360587002098,6.289308176100629,0.0,0.0,0.0,0.0,0.0,0.0
114H,11,4H,0,0,0,0,648,648,646,2,64,91,100,261,58,10,9,0,0,6,0,0,1,0,4,42,0,0,0,0,0,0,inf,0.30864197530864196,99.69135802469135,9.907120743034056,14.086687306501547,15.479876160990713,40.40247678018576,8.978328173374612,1.5479876160990713,1.393188854489164,0.0,0.0,0.9287925696594427,0.0,0.0,0.15479876160990713,0.0,0.6191950464396285,6.5015479876160995,0.0,0.0,0.0,0.0,0.0,0.0
114K,11,4K,0,0,0,0,658,658,657,1,52,85,80,304,49,12,20,0,0,3,0,0,0,0,3,49,0,0,0,0,0,0,inf,0.1519756838905775,99.84802431610942,7.91476407914764,12.93759512937595,12.1765601217656,46.27092846270928,7.4581430745814306,1.82648401826484,3.0441400304414,0.0,0.0,0.45662100456621,0.0,0.0,0.0,0.0,0.45662100456621,7.4581430745814306,0.0,0.0,0.0,0.0,0.0,0.0
114L,11,4L,0,0,0,0,534,534,528,6,52,41,73,233,55,7,14,0,0,1,0,0,1,0,2,49,0,0,0,0,0,0,inf,1.1235955056179776,98.87640449438202,9.848484848484848,7.765151515151516,13.825757575757574,44.128787878787875,10.416666666666668,1.3257575757575757,2.6515151515151514,0.0,0.0,0.1893939393939394,0.0,0.0,0.1893939393939394,0.0,0.3787878787878788,9.280303030303031,0.0,0.0,0.0,0.0,0.0,0.0
114M,11,4M,0,0,0,0,479,479,479,0,59,60,82,174,44,14,9,0,0,7,0,0,1,0,0,29,0,0,0,0,0,0,inf,0.0,100.0,12.31732776617954,12.526096033402922,17.118997912317326,36.32567849686848,9.18580375782881,2.9227557411273484,1.8789144050104383,0.0,0.0,1.4613778705636742,0.0,0.0,0.20876826722338201,0.0,0.0,6.05427974947808,0.0,0.0,0.0,0.0,0.0,0.0
114N,11,4N,0,0,0,0,500,500,499,1,33,44,49,257,49,5,18,0,0,5,0,0,0,0,1,38,0,0,0,0,0,0,inf,0.2,99.8,6.613226452905812,8.817635270541082,9.819639278557114,51.503006012024045,9.819639278557114,1.002004008016032,3.6072144288577155,0.0,0.0,1.002004008016032,0.0,0.0,0.0,0.0,0.2004008016032064,7.615230460921844,0.0,0.0,0.0,0.0,0.0,0.0
114P,11,4P,0,0,0,0,552,552,551,1,48,67,57,277,45,11,19,0,0,1,0,0,0,0,1,25,0,0,0,0,0,0,inf,0.18115942028985507,99.81884057971014,8.711433756805807,12.159709618874773,10.344827586206897,50.27223230490018,8.166969147005444,1.9963702359346642,3.4482758620689653,0.0,0.0,0.18148820326678766,0.0,0.0,0.0,0.0,0.18148820326678766,4.537205081669692,0.0,0.0,0.0,0.0,0.0,0.0
114R,11,4R,0,0,0,0,537,537,536,1,46,79,44,273,45,4,19,0,0,4,0,0,1,0,1,20,0,0,0,0,0,0,inf,0.186219739292365,99.81378026070763,8.582089552238806,14.738805970149254,8.208955223880597,50.93283582089553,8.395522388059701,0.7462686567164178,3.544776119402985,0.0,0.0,0.7462686567164178,0.0,0.0,0.18656716417910446,0.0,0.18656716417910446,3.731343283582089,0.0,0.0,0.0,0.0,0.0,0.0
114S,11,4S,0,0,0,0,506,506,501,5,64,15,70,195,68,8,15,0,0,1,0,0,0,0,0,65,0,0,0,0,0,0,inf,0.9881422924901186,99.01185770750988,12.77445109780439,2.9940119760479043,13.972055888223553,38.92215568862276,13.572854291417165,1.5968063872255487,2.9940119760479043,0.0,0.0,0.19960079840319359,0.0,0.0,0.0,0.0,0.0,12.974051896207584,0.0,0.0,0.0,0.0,0.0,0.0
114T,11,4T,0,0,0,0,518,518,517,1,70,27,70,190,70,7,13,0,0,2,0,0,0,0,0,68,0,0,0,0,0,0,inf,0.19305019305019305,99.8069498069498,13.539651837524177,5.222437137330754,13.539651837524177,36.7504835589942,13.539651837524177,1.3539651837524178,2.5145067698259185,0.0,0.0,0.3868471953578337,0.0,0.0,0.0,0.0,0.0,13.152804642166343,0.0,0.0,0.0,0.0,0.0,0.0
114U,11,4U,0,0,0,0,484,484,479,5,57,42,55,215,50,8,10,0,0,3,0,0,0,0,2,37,0,0,0,0,0,0,inf,1.0330578512396695,98.96694214876032,11.899791231732777,8.768267223382047,11.482254697286013,44.88517745302714,10.438413361169102,1.6701461377870561,2.0876826722338206,0.0,0.0,0.6263048016701461,0.0,0.0,0.0,0.0,0.41753653444676403,7.724425887265135,0.0,0.0,0.0,0.0,0.0,0.0
114W,11,4W,0,0,0,0,537,537,532,5,45,70,55,266,41,11,9,0,0,6,0,0,0,0,3,26,0,0,0,0,0,0,inf,0.931098696461825,99.06890130353817,8.458646616541353,13.157894736842104,10.338345864661653,50.0,7.7067669172932325,2.0676691729323307,1.6917293233082706,0.0,0.0,1.1278195488721803,0.0,0.0,0.0,0.0,0.5639097744360901,4.887218045112782,0.0,0.0,0.0,0.0,0.0,0.0
114X,11,4X,0,0,0,0,603,603,603,0,32,101,35,365,25,8,12,0,0,2,0,0,0,0,0,23,0,0,0,0,0,0,inf,0.0,100.0,5.306799336650083,16.749585406301822,5.804311774461028,60.53067993366501,4.1459369817578775,1.3266998341625207,1.9900497512437811,0.0,0.0,0.33167495854063017,0.0,0.0,0.0,0.0,0.0,3.814262023217247,0.0,0.0,0.0,0.0,0.0,0.0
11501,11,501,746,494,252,0,358,5,355,3,24,27,21,182,67,8,9,0,0,0,0,0,0,0,1,16,0,0,0,0,0,0,47.98927613941019,0.8379888268156425,99.16201117318437,6.760563380281689,7.605633802816901,5.915492957746479,51.267605633802816,18.87323943661972,2.2535211267605635,2.535211267605634,0.0,0.0,0.0,0.0,0.0,0.0,0.0,0.28169014084507044,4.507042253521127,0.0,0.0,0.0,0.0,0.0,0.0
11502,11,502,959,666,293,0,474,6,470,4,40,28,38,204,109,3,20,0,0,2,0,0,0,0,1,25,0,0,0,0,0,0,49.426485922836285,0.8438818565400843,99.15611814345992,8.51063829787234,5.957446808510639,8.085106382978724,43.40425531914894,23.19148936170213,0.6382978723404255,4.25531914893617,0.0,0.0,0.425531914893617,0.0,0.0,0.0,0.0,0.2127659574468085,5.319148936170213,0.0,0.0,0.0,0.0,0.0,0.0
11503,11,503,872,620,252,0,421,2,416,5,36,14,25,154,141,8,7,0,0,3,0,0,0,0,2,26,0,0,0,0,0,0,48.27981651376147,1.187648456057007,98.812351543943,8.653846153846153,3.3653846153846154,6.009615384615385,37.019230769230774,33.894230769230774,1.9230769230769231,1.6826923076923077,0.0,0.0,0.7211538461538461,0.0,0.0,0.0,0.0,0.4807692307692308,6.25,0.0,0.0,0.0,0.0,0.0,0.0
11504,11,504,1005,782,223,0,564,2,560,4,61,11,71,178,162,8,14,0,0,5,0,0,0,0,0,50,0,0,0,0,0,0,56.11940298507463,0.7092198581560284,99.29078014184397,10.892857142857142,1.9642857142857142,12.678571428571427,31.785714285714285,28.92857142857143,1.4285714285714286,2.5,0.0,0.0,0.8928571428571428,0.0,0.0,0.0,0.0,0.0,8.928571428571429,0.0,0.0,0.0,0.0,0.0,0.0
11505,11,505,927,646,281,0,508,3,503,5,47,11,75,138,171,7,9,0,0,2,0,0,0,0,1,42,0,0,0,0,0,0,54.80043149946062,0.984251968503937,99.01574803149606,9.343936381709742,2.1868787276341948,14.910536779324055,27.435387673956264,33.99602385685885,1.3916500994035785,1.7892644135188867,0.0,0.0,0.3976143141153081,0.0,0.0,0.0,0.0,0.19880715705765406,8.34990059642147,0.0,0.0,0.0,0.0,0.0,0.0
11506,11,506,869,625,244,0,397,2,394,3,50,6,36,126,121,8,8,0,0,6,0,0,0,0,1,32,0,0,0,0,0,0,45.684695051783656,0.7556675062972292,99.24433249370277,12.690355329949238,1.5228426395939088,9.137055837563452,31.979695431472084,30.710659898477154,2.030456852791878,2.030456852791878,0.0,0.0,1.5228426395939088,0.0,0.0,0.0,0.0,0.25380710659898476,8.121827411167512,0.0,0.0,0.0,0.0,0.0,0.0
11507,11,507,873,671,202,0,451,5,443,8,64,14,60,120,108,9,20,0,0,2,0,0,2,0,2,42,0,0,0,0,0,0,51.66093928980528,1.7738359201773837,98.22616407982262,14.446952595936793,3.160270880361174,13.544018058690746,27.088036117381492,24.37923250564334,2.0316027088036117,4.514672686230249,0.0,0.0,0.4514672686230248,0.0,0.0,0.4514672686230248,0.0,0.4514672686230248,9.480812641083523,0.0,0.0,0.0,0.0,0.0,0.0
11508,11,508,844,581,263,0,427,10,424,3,18,19,34,226,83,7,8,0,0,3,0,0,0,0,0,26,0,0,0,0,0,0,50.59241706161137,0.702576112412178,99.29742388758783,4.245283018867925,4.481132075471698,8.018867924528301,53.301886792452834,19.57547169811321,1.650943396226415,1.8867924528301887,0.0,0.0,0.7075471698113208,0.0,0.0,0.0,0.0,0.0,6.132075471698113,0.0,0.0,0.0,0.0,0.0,0.0
11509,11,509,931,577,354,0,482,15,478,4,25,27,66,218,92,9,10,0,0,2,0,0,0,0,0,29,0,0,0,0,0,0,51.77228786251342,0.8298755186721992,99.1701244813278,5.230125523012552,5.648535564853557,13.807531380753138,45.60669456066946,19.246861924686193,1.882845188284519,2.092050209205021,0.0,0.0,0.41841004184100417,0.0,0.0,0.0,0.0,0.0,6.066945606694561,0.0,0.0,0.0,0.0,0.0,0.0
11510,11,510,805,569,236,0,394,5,389,5,32,12,57,125,111,10,12,0,0,2,0,0,1,0,0,27,0,0,0,0,0,0,48.94409937888199,1.2690355329949239,98.73096446700508,8.226221079691516,3.0848329048843186,14.652956298200515,32.13367609254499,28.53470437017995,2.570694087403599,3.0848329048843186,0.0,0.0,0.5141388174807198,0.0,0.0,0.2570694087403599,0.0,0.0,6.940874035989718,0.0,0.0,0.0,0.0,0.0,0.0
11511,11,511,928,633,295,0,462,7,457,5,38,16,54,197,104,9,10,0,0,1,0,0,0,0,0,28,0,0,0,0,0,0,49.78448275862069,1.0822510822510822,98.91774891774891,8.315098468271334,3.50109409190372,11.816192560175056,43.10722100656455,22.75711159737418,1.9693654266958425,2.1881838074398248,0.0,0.0,0.2188183807439825,0.0,0.0,0.0,0.0,0.0,6.12691466083151,0.0,0.0,0.0,0.0,0.0,0.0
11512,11,512,1010,644,366,0,518,6,510,8,41,11,76,199,121,4,10,0,0,6,0,0,0,0,2,40,0,0,0,0,0,0,51.28712871287129,1.5444015444015444,98.45559845559846,8.03921568627451,2.156862745098039,14.901960784313726,39.01960784313726,23.72549019607843,0.7843137254901961,1.9607843137254901,0.0,0.0,1.1764705882352942,0.0,0.0,0.0,0.0,0.39215686274509803,7.8431372549019605,0.0,0.0,0.0,0.0,0.0,0.0
11513,11,513,1035,737,298,0,563,2,557,6,52,15,70,201,149,2,7,0,0,2,0,0,2,0,1,56,0,0,0,0,0,0,54.39613526570049,1.0657193605683837,98.93428063943162,9.33572710951526,2.6929982046678633,12.567324955116696,36.08617594254937,26.750448833034113,0.3590664272890485,1.2567324955116697,0.0,0.0,0.3590664272890485,0.0,0.0,0.3590664272890485,0.0,0.17953321364452424,10.053859964093357,0.0,0.0,0.0,0.0,0.0,0.0
11514,11,514,605,362,243,0,287,7,286,1,13,14,22,172,50,2,3,0,0,1,0,0,0,0,0,9,0,0,0,0,0,0,47.43801652892562,0.34843205574912894,99.65156794425087,4.545454545454546,4.895104895104895,7.6923076923076925,60.13986013986013,17.482517482517483,0.6993006993006993,1.048951048951049,0.0,0.0,0.34965034965034963,0.0,0.0,0.0,0.0,0.0,3.146853146853147,0.0,0.0,0.0,0.0,0.0,0.0
11515,11,515,798,536,262,0,392,9,392,0,20,22,22,188,108,2,6,0,0,0,0,0,0,0,0,24,0,0,0,0,0,0,49.122807017543856,0.0,100.0,5.1020408163265305,5.612244897959184,5.612244897959184,47.95918367346938,27.55102040816326,0.5102040816326531,1.530612244897959,0.0,0.0,0.0,0.0,0.0,0.0,0.0,0.0,6.122448979591836,0.0,0.0,0.0,0.0,0.0,0.0
11516,11,516,886,559,327,0,404,5,403,1,23,17,56,176,103,2,4,0,0,0,0,0,0,0,3,19,0,0,0,0,0,0,45.598194130925506,0.24752475247524752,99.75247524752476,5.707196029776675,4.218362282878412,13.895781637717123,43.67245657568238,25.55831265508685,0.49627791563275436,0.9925558312655087,0.0,0.0,0.0,0.0,0.0,0.0,0.0,0.7444168734491315,4.714640198511166,0.0,0.0,0.0,0.0,0.0,0.0
11517,11,517,848,540,308,0,455,10,450,5,42,21,60,199,89,8,4,0,0,2,0,0,1,0,2,22,0,0,0,0,0,0,53.655660377358494,1.098901098901099,98.9010989010989,9.333333333333334,4.666666666666667,13.333333333333334,44.22222222222222,19.77777777777778,1.7777777777777777,0.8888888888888888,0.0,0.0,0.4444444444444444,0.0,0.0,0.2222222222222222,0.0,0.4444444444444444,4.888888888888889,0.0,0.0,0.0,0.0,0.0,0.0
11518,11,518,786,549,237,0,439,3,433,6,34,12,54,158,122,4,10,0,0,3,0,0,1,0,2,33,0,0,0,0,0,0,55.85241730279898,1.366742596810934,98.63325740318906,7.852193995381063,2.771362586605081,12.471131639722865,36.489607390300236,28.17551963048499,0.9237875288683602,2.3094688221709005,0.0,0.0,0.6928406466512702,0.0,0.0,0.23094688221709006,0.0,0.4618937644341801,7.621247113163972,0.0,0.0,0.0,0.0,0.0,0.0
11519,11,519,841,544,297,0,381,8,378,3,29,10,57,142,94,1,9,0,0,2,0,0,3,0,0,31,0,0,0,0,0,0,45.30321046373365,0.7874015748031495,99.21259842519686,7.671957671957672,2.6455026455026456,15.079365079365079,37.56613756613756,24.867724867724867,0.26455026455026454,2.380952380952381,0.0,0.0,0.5291005291005291,0.0,0.0,0.7936507936507936,0.0,0.0,8.201058201058201,0.0,0.0,0.0,0.0,0.0,0.0
11520,11,520,896,613,283,0,429,2,425,4,40,10,53,153,124,11,5,0,0,2,0,0,0,0,2,25,0,0,0,0,0,0,47.879464285714285,0.9324009324009324,99.06759906759906,9.411764705882353,2.3529411764705883,12.470588235294118,36.0,29.176470588235293,2.588235294117647,1.1764705882352942,0.0,0.0,0.4705882352941176,0.0,0.0,0.0,0.0,0.4705882352941176,5.88235294117647,0.0,0.0,0.0,0.0,0.0,0.0
11521,11,521,880,657,223,0,468,4,460,8,50,13,63,170,103,7,7,0,0,4,0,0,0,0,0,43,0,0,0,0,0,0,53.18181818181819,1.7094017094017095,98.29059829059828,10.869565217391305,2.8260869565217392,13.695652173913043,36.95652173913043,22.39130434782609,1.5217391304347827,1.5217391304347827,0.0,0.0,0.8695652173913043,0.0,0.0,0.0,0.0,0.0,9.347826086956522,0.0,0.0,0.0,0.0,0.0,0.0
11522,11,522,809,510,299,0,362,10,358,4,18,21,35,181,67,5,9,0,0,3,0,0,1,0,0,18,0,0,0,0,0,0,44.746600741656366,1.1049723756906076,98.89502762430939,5.027932960893855,5.865921787709497,9.776536312849162,50.5586592178771,18.71508379888268,1.3966480446927374,2.5139664804469275,0.0,0.0,0.8379888268156425,0.0,0.0,0.27932960893854747,0.0,0.0,5.027932960893855,0.0,0.0,0.0,0.0,0.0,0.0
11523,11,523,724,467,257,0,359,8,357,2,26,13,39,161,78,2,8,0,0,2,0,0,0,0,1,27,0,0,0,0,0,0,49.58563535911602,0.5571030640668524,99.44289693593315,7.282913165266107,3.6414565826330536,10.92436974789916,45.09803921568628,21.84873949579832,0.5602240896358543,2.2408963585434174,0.0,0.0,0.5602240896358543,0.0,0.0,0.0,0.0,0.2801120448179272,7.563025210084033,0.0,0.0,0.0,0.0,0.0,0.0
11524,11,524,911,580,331,0,438,8,436,2,35,20,39,188,110,9,8,0,0,5,0,0,1,0,2,19,0,0,0,0,0,0,48.07903402854007,0.45662100456621,99.54337899543378,8.027522935779817,4.587155963302752,8.944954128440367,43.11926605504588,25.229357798165136,2.064220183486239,1.834862385321101,0.0,0.0,1.146788990825688,0.0,0.0,0.22935779816513763,0.0,0.45871559633027525,4.3577981651376145,0.0,0.0,0.0,0.0,0.0,0.0
11525,11,525,859,551,308,0,415,4,409,6,25,27,44,196,83,7,1,0,0,4,0,0,0,0,0,22,0,0,0,0,0,0,48.31199068684517,1.4457831325301205,98.55421686746988,6.112469437652812,6.601466992665037,10.757946210268948,47.92176039119804,20.293398533007334,1.7114914425427872,0.24449877750611246,0.0,0.0,0.9779951100244498,0.0,0.0,0.0,0.0,0.0,5.378973105134474,0.0,0.0,0.0,0.0,0.0,0.0
11526,11,526,680,426,254,0,338,6,337,1,18,28,20,199,42,6,8,0,0,1,0,0,0,0,1,14,0,0,0,0,0,0,49.705882352941174,0.2958579881656805,99.70414201183432,5.341246290801187,8.30860534124629,5.934718100890208,59.05044510385756,12.462908011869436,1.7804154302670623,2.3738872403560833,0.0,0.0,0.2967359050445104,0.0,0.0,0.0,0.0,0.2967359050445104,4.154302670623145,0.0,0.0,0.0,0.0,0.0,0.0
11527,11,527,874,564,310,0,446,13,443,3,32,28,39,225,87,3,7,0,0,2,0,0,0,0,2,18,0,0,0,0,0,0,51.029748283752866,0.672645739910314,99.32735426008968,7.223476297968396,6.320541760722348,8.803611738148984,50.79006772009029,19.63882618510158,0.6772009029345373,1.580135440180587,0.0,0.0,0.4514672686230248,0.0,0.0,0.0,0.0,0.4514672686230248,4.063205417607223,0.0,0.0,0.0,0.0,0.0,0.0
11528,11,528,966,628,338,0,494,7,492,2,27,32,64,207,115,7,6,0,0,5,0,0,1,0,3,25,0,0,0,0,0,0,51.13871635610766,0.4048582995951417,99.59514170040485,5.487804878048781,6.504065040650407,13.008130081300814,42.073170731707314,23.3739837398374,1.4227642276422763,1.2195121951219512,0.0,0.0,1.0162601626016259,0.0,0.0,0.20325203252032523,0.0,0.6097560975609756,5.08130081300813,0.0,0.0,0.0,0.0,0.0,0.0
11529,11,529,842,553,289,0,471,16,469,2,26,34,43,270,66,5,5,0,0,1,0,0,0,0,0,19,0,0,0,0,0,0,55.93824228028503,0.42462845010615713,99.57537154989384,5.543710021321962,7.249466950959488,9.168443496801707,57.56929637526652,14.072494669509595,1.0660980810234542,1.0660980810234542,0.0,0.0,0.21321961620469082,0.0,0.0,0.0,0.0,0.0,4.051172707889126,0.0,0.0,0.0,0.0,0.0,0.0
11530,11,530,824,524,300,0,458,12,455,3,25,34,47,255,61,4,11,0,0,0,0,0,0,0,1,17,0,0,0,0,0,0,55.582524271844655,0.6550218340611353,99.34497816593887,5.4945054945054945,7.472527472527473,10.329670329670328,56.043956043956044,13.406593406593407,0.8791208791208791,2.417582417582418,0.0,0.0,0.0,0.0,0.0,0.0,0.0,0.21978021978021978,3.7362637362637363,0.0,0.0,0.0,0.0,0.0,0.0
11531,11,531,901,632,269,0,443,4,441,2,30,14,51,155,133,13,13,0,0,4,0,0,0,0,1,27,0,0,0,0,0,0,49.16759156492786,0.4514672686230248,99.54853273137697,6.802721088435375,3.1746031746031744,11.564625850340136,35.147392290249435,30.158730158730158,2.947845804988662,2.947845804988662,0.0,0.0,0.9070294784580499,0.0,0.0,0.0,0.0,0.22675736961451248,6.122448979591836,0.0,0.0,0.0,0.0,0.0,0.0
11532,11,532,945,714,231,0,468,6,464,4,44,16,56,168,110,11,5,0,0,3,0,0,0,0,4,47,0,0,0,0,0,0,49.523809523809526,0.8547008547008548,99.14529914529915,9.482758620689655,3.4482758620689653,12.068965517241379,36.206896551724135,23.70689655172414,2.3706896551724137,1.0775862068965518,0.0,0.0,0.646551724137931,0.0,0.0,0.0,0.0,0.8620689655172413,10.129310344827585,0.0,0.0,0.0,0.0,0.0,0.0
11533,11,533,910,590,320,0,438,3,435,3,42,6,59,145,121,5,12,0,0,3,0,0,0,0,2,40,0,0,0,0,0,0,48.13186813186813,0.684931506849315,99.31506849315068,9.655172413793103,1.3793103448275863,13.563218390804598,33.33333333333333,27.816091954022987,1.1494252873563218,2.7586206896551726,0.0,0.0,0.6896551724137931,0.0,0.0,0.0,0.0,0.45977011494252873,9.195402298850574,0.0,0.0,0.0,0.0,0.0,0.0
11534,11,534,929,619,310,0,445,5,438,7,47,13,50,156,121,7,6,0,0,3,0,0,0,0,0,35,0,0,0,0,0,0,47.90096878363832,1.5730337078651686,98.42696629213484,10.730593607305936,2.968036529680365,11.415525114155251,35.61643835616438,27.62557077625571,1.5981735159817352,1.36986301369863,0.0,0.0,0.684931506849315,0.0,0.0,0.0,0.0,0.0,7.9908675799086755,0.0,0.0,0.0,0.0,0.0,0.0
11535,11,535,841,576,265,0,446,11,442,4,59,13,56,186,82,6,8,0,0,0,0,0,0,0,1,31,0,0,0,0,0,0,53.03210463733651,0.8968609865470852,99.10313901345292,13.34841628959276,2.941176470588235,12.669683257918551,42.081447963800905,18.552036199095024,1.3574660633484164,1.809954751131222,0.0,0.0,0.0,0.0,0.0,0.0,0.0,0.22624434389140274,7.013574660633484,0.0,0.0,0.0,0.0,0.0,0.0
11536,11,536,794,598,196,0,385,4,378,7,55,18,45,122,89,7,7,0,0,3,0,0,0,0,2,30,0,0,0,0,0,0,48.48866498740554,1.8181818181818181,98.18181818181819,14.550264550264549,4.761904761904762,11.904761904761903,32.27513227513227,23.544973544973544,1.8518518518518516,1.8518518518518516,0.0,0.0,0.7936507936507936,0.0,0.0,0.0,0.0,0.5291005291005291,7.936507936507936,0.0,0.0,0.0,0.0,0.0,0.0
11537,11,537,811,580,231,0,388,3,387,1,31,13,62,126,107,5,15,0,0,0,0,0,0,0,2,26,0,0,0,0,0,0,47.842170160295936,0.25773195876288657,99.74226804123711,8.010335917312661,3.359173126614987,16.020671834625322,32.55813953488372,27.648578811369507,1.2919896640826873,3.875968992248062,0.0,0.0,0.0,0.0,0.0,0.0,0.0,0.516795865633075,6.718346253229974,0.0,0.0,0.0,0.0,0.0,0.0
11538,11,538,858,601,257,0,412,3,406,6,33,13,66,127,110,6,12,0,0,2,0,0,0,0,0,37,0,0,0,0,0,0,48.01864801864802,1.4563106796116505,98.54368932038835,8.12807881773399,3.201970443349754,16.25615763546798,31.2807881773399,27.093596059113302,1.477832512315271,2.955665024630542,0.0,0.0,0.49261083743842365,0.0,0.0,0.0,0.0,0.0,9.113300492610838,0.0,0.0,0.0,0.0,0.0,0.0
115A,11,5A,0,0,0,0,472,472,472,0,34,48,43,256,37,5,13,0,0,3,0,0,1,0,1,31,0,0,0,0,0,0,inf,0.0,100.0,7.203389830508475,10.16949152542373,9.110169491525424,54.23728813559322,7.838983050847458,1.059322033898305,2.754237288135593,0.0,0.0,0.6355932203389831,0.0,0.0,0.211864406779661,0.0,0.211864406779661,6.567796610169492,0.0,0.0,0.0,0.0,0.0,0.0
115B,11,5B,0,0,0,0,596,596,595,1,51,53,82,298,34,11,20,0,0,6,0,0,0,0,3,37,0,0,0,0,0,0,inf,0.16778523489932887,99.83221476510067,8.571428571428571,8.907563025210084,13.781512605042018,50.08403361344538,5.714285714285714,1.8487394957983194,3.361344537815126,0.0,0.0,1.0084033613445378,0.0,0.0,0.0,0.0,0.5042016806722689,6.218487394957983,0.0,0.0,0.0,0.0,0.0,0.0
115C,11,5C,0,0,0,0,457,457,454,3,50,21,55,176,67,10,15,0,0,5,0,0,0,0,4,51,0,0,0,0,0,0,inf,0.6564551422319475,99.34354485776805,11.013215859030836,4.6255506607929515,12.114537444933921,38.76651982378855,14.757709251101323,2.2026431718061676,3.303964757709251,0.0,0.0,1.1013215859030838,0.0,0.0,0.0,0.0,0.881057268722467,11.233480176211454,0.0,0.0,0.0,0.0,0.0,0.0
115D,11,5D,0,0,0,0,476,476,471,5,55,28,88,155,68,5,19,0,0,2,0,0,0,0,1,50,0,0,0,0,0,0,inf,1.050420168067227,98.94957983193278,11.67728237791932,5.9447983014862,18.683651804670912,32.90870488322717,14.437367303609342,1.0615711252653928,4.033970276008493,0.0,0.0,0.42462845010615713,0.0,0.0,0.0,0.0,0.21231422505307856,10.615711252653929,0.0,0.0,0.0,0.0,0.0,0.0
115E,11,5E,0,0,0,0,415,415,414,1,45,26,61,158,57,4,8,0,0,5,0,0,1,0,2,47,0,0,0,0,0,0,inf,0.24096385542168677,99.75903614457832,10.869565217391305,6.280193236714976,14.734299516908212,38.164251207729464,13.768115942028986,0.966183574879227,1.932367149758454,0.0,0.0,1.2077294685990339,0.0,0.0,0.24154589371980675,0.0,0.4830917874396135,11.352657004830919,0.0,0.0,0.0,0.0,0.0,0.0
115F,11,5F,0,0,0,0,520,520,519,1,47,65,49,266,31,14,17,0,0,2,0,0,0,0,1,27,0,0,0,0,0,0,inf,0.19230769230769232,99.8076923076923,9.05587668593449,12.524084778420038,9.441233140655106,51.252408477842,5.973025048169557,2.697495183044316,3.275529865125241,0.0,0.0,0.3853564547206166,0.0,0.0,0.0,0.0,0.1926782273603083,5.202312138728324,0.0,0.0,0.0,0.0,0.0,0.0
115G,11,5G,0,0,0,0,469,469,468,1,42,46,47,253,28,4,22,0,0,2,0,0,0,0,1,23,0,0,0,0,0,0,inf,0.21321961620469082,99.7867803837953,8.974358974358974,9.82905982905983,10.042735042735043,54.059829059829056,5.982905982905983,0.8547008547008548,4.700854700854701,0.0,0.0,0.4273504273504274,0.0,0.0,0.0,0.0,0.2136752136752137,4.914529914529915,0.0,0.0,0.0,0.0,0.0,0.0
115H,11,5H,0,0,0,0,600,600,597,3,53,70,85,248,76,9,15,0,0,5,0,0,0,0,3,33,0,0,0,0,0,0,inf,0.5,99.5,8.877721943048575,11.725293132328309,14.237855946398659,41.541038525963145,12.73031825795645,1.507537688442211,2.512562814070352,0.0,0.0,0.8375209380234505,0.0,0.0,0.0,0.0,0.5025125628140703,5.527638190954774,0.0,0.0,0.0,0.0,0.0,0.0
115K,11,5K,0,0,0,0,560,560,557,3,53,43,78,252,65,8,13,0,0,1,0,0,0,0,3,41,0,0,0,0,0,0,inf,0.5357142857142857,99.46428571428572,9.515260323159785,7.719928186714542,14.003590664272892,45.24236983842011,11.669658886894076,1.436265709156194,2.333931777378815,0.0,0.0,0.17953321364452424,0.0,0.0,0.0,0.0,0.5385996409335727,7.360861759425494,0.0,0.0,0.0,0.0,0.0,0.0
115L,11,5L,0,0,0,0,632,632,628,4,82,29,114,231,83,11,16,0,0,4,0,0,0,0,5,53,0,0,0,0,0,0,inf,0.6329113924050633,99.36708860759494,13.05732484076433,4.617834394904459,18.152866242038215,36.78343949044586,13.21656050955414,1.7515923566878981,2.547770700636943,0.0,0.0,0.6369426751592357,0.0,0.0,0.0,0.0,0.7961783439490446,8.439490445859873,0.0,0.0,0.0,0.0,0.0,0.0
115M,11,5M,0,0,0,0,506,506,504,2,43,31,75,214,66,2,15,0,0,3,0,0,0,0,4,51,0,0,0,0,0,0,inf,0.3952569169960474,99.60474308300395,8.531746031746032,6.15079365079365,14.880952380952381,42.46031746031746,13.095238095238097,0.3968253968253968,2.976190476190476,0.0,0.0,0.5952380952380952,0.0,0.0,0.0,0.0,0.7936507936507936,10.119047619047619,0.0,0.0,0.0,0.0,0.0,0.0
115N,11,5N,0,0,0,0,457,457,456,1,50,21,80,167,63,5,13,0,0,1,0,0,0,0,2,54,0,0,0,0,0,0,inf,0.2188183807439825,99.78118161925602,10.964912280701753,4.605263157894736,17.543859649122805,36.622807017543856,13.815789473684212,1.0964912280701753,2.850877192982456,0.0,0.0,0.21929824561403508,0.0,0.0,0.0,0.0,0.43859649122807015,11.842105263157894,0.0,0.0,0.0,0.0,0.0,0.0
115P,11,5P,0,0,0,0,519,519,518,1,36,68,42,294,26,5,22,0,0,3,0,0,0,0,0,22,0,0,0,0,0,0,inf,0.1926782273603083,99.8073217726397,6.94980694980695,13.127413127413126,8.108108108108109,56.75675675675676,5.019305019305019,0.9652509652509652,4.247104247104247,0.0,0.0,0.5791505791505791,0.0,0.0,0.0,0.0,0.0,4.247104247104247,0.0,0.0,0.0,0.0,0.0,0.0
115R,11,5R,0,0,0,0,542,542,540,2,49,99,56,256,35,9,7,0,0,4,0,0,1,0,2,22,0,0,0,0,0,0,inf,0.36900369003690037,99.63099630996311,9.074074074074074,18.333333333333332,10.37037037037037,47.40740740740741,6.481481481481481,1.6666666666666667,1.2962962962962963,0.0,0.0,0.7407407407407408,0.0,0.0,0.1851851851851852,0.0,0.3703703703703704,4.074074074074074,0.0,0.0,0.0,0.0,0.0,0.0
115S,11,5S,0,0,0,0,589,589,587,2,57,58,89,264,47,15,12,0,0,5,0,0,0,0,3,37,0,0,0,0,0,0,inf,0.3395585738539898,99.66044142614601,9.710391822827939,9.880749574105621,15.1618398637138,44.97444633730835,8.006814310051109,2.555366269165247,2.0442930153321974,0.0,0.0,0.8517887563884157,0.0,0.0,0.0,0.0,0.5110732538330494,6.303236797274275,0.0,0.0,0.0,0.0,0.0,0.0
115T,11,5T,0,0,0,0,547,547,544,3,52,25,105,177,91,7,22,0,0,4,0,0,1,0,1,59,0,0,0,0,0,0,inf,0.5484460694698354,99.45155393053017,9.558823529411764,4.595588235294118,19.301470588235293,32.536764705882355,16.727941176470587,1.2867647058823528,4.044117647058823,0.0,0.0,0.7352941176470588,0.0,0.0,0.1838235294117647,0.0,0.1838235294117647,10.845588235294118,0.0,0.0,0.0,0.0,0.0,0.0
115U,11,5U,0,0,0,0,500,500,500,0,63,32,90,160,75,8,15,0,0,3,0,0,1,0,2,51,0,0,0,0,0,0,inf,0.0,100.0,12.6,6.4,18.0,32.0,15.0,1.6,3.0,0.0,0.0,0.6,0.0,0.0,0.2,0.0,0.4,10.2,0.0,0.0,0.0,0.0,0.0,0.0
115W,11,5W,0,0,0,0,413,413,412,1,47,20,66,148,51,4,27,0,0,3,0,0,1,0,3,42,0,0,0,0,0,0,inf,0.24213075060532688,99.75786924939467,11.407766990291263,4.854368932038835,16.019417475728158,35.92233009708738,12.37864077669903,0.9708737864077669,6.553398058252427,0.0,0.0,0.7281553398058253,0.0,0.0,0.24271844660194172,0.0,0.7281553398058253,10.194174757281553,0.0,0.0,0.0,0.0,0.0,0.0
115X,11,5X,0,0,0,0,454,454,453,1,69,16,74,140,66,11,13,0,0,4,0,0,0,0,1,59,0,0,0,0,0,0,inf,0.22026431718061676,99.77973568281938,15.2317880794702,3.532008830022075,16.335540838852097,30.90507726269316,14.56953642384106,2.4282560706401766,2.869757174392936,0.0,0.0,0.8830022075055187,0.0,0.0,0.0,0.0,0.22075055187637968,13.024282560706402,0.0,0.0,0.0,0.0,0.0,0.0
11601,11,601,1168,692,476,0,571,11,567,4,51,58,97,250,75,10,8,0,0,0,0,0,1,0,0,17,0,0,0,0,0,0,48.88698630136986,0.7005253940455342,99.29947460595446,8.994708994708994,10.229276895943562,17.10758377425044,44.091710758377424,13.227513227513226,1.763668430335097,1.4109347442680775,0.0,0.0,0.0,0.0,0.0,0.1763668430335097,0.0,0.0,2.9982363315696645,0.0,0.0,0.0,0.0,0.0,0.0
11602,11,602,1000,594,406,0,502,13,498,4,37,50,58,256,65,11,2,0,0,1,0,0,0,0,0,18,0,0,0,0,0,0,50.2,0.796812749003984,99.20318725099602,7.429718875502007,10.040160642570282,11.646586345381527,51.40562248995983,13.052208835341366,2.208835341365462,0.4016064257028112,0.0,0.0,0.2008032128514056,0.0,0.0,0.0,0.0,0.0,3.614457831325301,0.0,0.0,0.0,0.0,0.0,0.0
11603,11,603,850,530,320,0,504,7,500,4,25,64,110,229,36,19,4,0,0,0,0,0,0,0,1,12,0,0,0,0,0,0,59.29411764705882,0.7936507936507936,99.20634920634922,5.0,12.8,22.0,45.800000000000004,7.199999999999999,3.8,0.8,0.0,0.0,0.0,0.0,0.0,0.0,0.0,0.2,2.4,0.0,0.0,0.0,0.0,0.0,0.0
11604,11,604,902,607,295,0,466,9,458,8,25,15,71,164,117,5,15,0,0,4,0,0,1,0,1,40,0,0,0,0,0,0,51.66297117516629,1.7167381974248928,98.28326180257511,5.458515283842795,3.2751091703056767,15.502183406113538,35.80786026200873,25.54585152838428,1.0917030567685588,3.2751091703056767,0.0,0.0,0.8733624454148471,0.0,0.0,0.21834061135371177,0.0,0.21834061135371177,8.73362445414847,0.0,0.0,0.0,0.0,0.0,0.0
11605,11,605,953,656,297,0,480,4,476,4,61,17,64,134,139,0,16,0,0,1,0,0,1,0,2,41,0,0,0,0,0,0,50.36726128016789,0.8333333333333334,99.16666666666667,12.815126050420167,3.571428571428571,13.445378151260504,28.15126050420168,29.20168067226891,0.0,3.361344537815126,0.0,0.0,0.21008403361344538,0.0,0.0,0.21008403361344538,0.0,0.42016806722689076,8.61344537815126,0.0,0.0,0.0,0.0,0.0,0.0
11606,11,606,902,635,267,0,436,8,432,4,50,14,39,156,115,4,6,0,0,3,0,0,0,0,2,43,0,0,0,0,0,0,48.33702882483371,0.9174311926605505,99.08256880733946,11.574074074074074,3.2407407407407405,9.027777777777777,36.11111111111111,26.620370370370374,0.9259259259259258,1.3888888888888888,0.0,0.0,0.6944444444444444,0.0,0.0,0.0,0.0,0.4629629629629629,9.953703703703704,0.0,0.0,0.0,0.0,0.0,0.0
11607,11,607,844,591,253,0,400,5,395,5,43,14,54,154,101,2,9,0,0,1,0,0,0,0,0,17,0,0,0,0,0,0,47.39336492890995,1.25,98.75,10.886075949367088,3.5443037974683547,13.670886075949367,38.9873417721519,25.569620253164555,0.5063291139240507,2.278481012658228,0.0,0.0,0.25316455696202533,0.0,0.0,0.0,0.0,0.0,4.30379746835443,0.0,0.0,0.0,0.0,0.0,0.0
11608,11,608,784,572,212,0,412,5,407,5,45,15,50,161,87,2,4,0,0,3,0,0,0,0,3,37,0,0,0,0,0,0,52.55102040816326,1.2135922330097086,98.7864077669903,11.056511056511056,3.6855036855036856,12.285012285012286,39.55773955773956,21.375921375921376,0.4914004914004914,0.9828009828009828,0.0,0.0,0.7371007371007371,0.0,0.0,0.0,0.0,0.7371007371007371,9.090909090909092,0.0,0.0,0.0,0.0,0.0,0.0
11609,11,609,853,621,232,0,453,5,444,9,52,17,71,128,120,5,10,0,0,1,0,0,0,0,2,38,0,0,0,0,0,0,53.106682297772565,1.9867549668874174,98.01324503311258,11.711711711711711,3.8288288288288284,15.99099099099099,28.82882882882883,27.027027027027028,1.1261261261261262,2.2522522522522523,0.0,0.0,0.22522522522522523,0.0,0.0,0.0,0.0,0.45045045045045046,8.558558558558559,0.0,0.0,0.0,0.0,0.0,0.0
11610,11,610,933,603,330,0,462,4,459,3,61,7,84,144,96,6,9,0,0,1,0,0,0,0,3,48,0,0,0,0,0,0,49.51768488745981,0.6493506493506493,99.35064935064936,13.28976034858388,1.5250544662309369,18.30065359477124,31.372549019607842,20.915032679738562,1.3071895424836601,1.9607843137254901,0.0,0.0,0.2178649237472767,0.0,0.0,0.0,0.0,0.6535947712418301,10.457516339869281,0.0,0.0,0.0,0.0,0.0,0.0
11611,11,611,942,671,271,0,462,1,460,2,48,21,42,152,132,10,9,0,0,4,0,0,0,0,2,40,0,0,0,0,0,0,49.044585987261144,0.4329004329004329,99.56709956709958,10.434782608695652,4.565217391304348,9.130434782608695,33.04347826086956,28.695652173913043,2.1739130434782608,1.956521739130435,0.0,0.0,0.8695652173913043,0.0,0.0,0.0,0.0,0.43478260869565216,8.695652173913043,0.0,0.0,0.0,0.0,0.0,0.0
11612,11,612,958,623,335,0,443,3,442,1,31,17,57,140,133,9,12,0,0,3,0,0,1,0,2,37,0,0,0,0,0,0,46.242171189979125,0.2257336343115124,99.77426636568849,7.013574660633484,3.8461538461538463,12.895927601809957,31.674208144796378,30.09049773755656,2.0361990950226243,2.7149321266968327,0.0,0.0,0.6787330316742082,0.0,0.0,0.22624434389140274,0.0,0.4524886877828055,8.3710407239819,0.0,0.0,0.0,0.0,0.0,0.0
11613,11,613,743,505,238,0,398,5,397,1,43,20,59,150,73,7,11,0,0,2,0,0,0,0,0,32,0,0,0,0,0,0,53.566621803499324,0.25125628140703515,99.74874371859298,10.831234256926953,5.037783375314862,14.86146095717884,37.78337531486146,18.387909319899247,1.7632241813602016,2.770780856423174,0.0,0.0,0.5037783375314862,0.0,0.0,0.0,0.0,0.0,8.060453400503778,0.0,0.0,0.0,0.0,0.0,0.0
11614,11,614,985,652,333,0,534,2,531,3,24,37,87,172,158,6,6,0,0,3,0,0,2,0,0,36,0,0,0,0,0,0,54.213197969543145,0.5617977528089888,99.43820224719101,4.519774011299435,6.96798493408663,16.38418079096045,32.39171374764595,29.75517890772128,1.1299435028248588,1.1299435028248588,0.0,0.0,0.5649717514124294,0.0,0.0,0.3766478342749529,0.0,0.0,6.779661016949152,0.0,0.0,0.0,0.0,0.0,0.0
11615,11,615,815,545,270,0,400,6,399,1,32,21,51,172,75,10,6,0,0,4,0,0,0,0,1,27,0,0,0,0,0,0,49.079754601226995,0.25,99.75,8.020050125313283,5.263157894736842,12.781954887218044,43.10776942355889,18.796992481203006,2.506265664160401,1.5037593984962405,0.0,0.0,1.0025062656641603,0.0,0.0,0.0,0.0,0.2506265664160401,6.7669172932330826,0.0,0.0,0.0,0.0,0.0,0.0
11616,11,616,960,572,388,0,473,4,472,1,31,24,97,191,76,11,3,0,0,0,0,0,1,0,3,35,0,0,0,0,0,0,49.270833333333336,0.21141649048625794,99.78858350951374,6.567796610169492,5.084745762711865,20.55084745762712,40.46610169491525,16.101694915254235,2.330508474576271,0.6355932203389831,0.0,0.0,0.0,0.0,0.0,0.211864406779661,0.0,0.6355932203389831,7.415254237288135,0.0,0.0,0.0,0.0,0.0,0.0
11617,11,617,1039,688,351,0,522,4,520,2,63,13,93,150,143,6,9,0,0,1,0,0,1,0,0,41,0,0,0,0,0,0,50.24061597690087,0.38314176245210724,99.61685823754789,12.115384615384615,2.5,17.884615384615383,28.846153846153843,27.500000000000004,1.153846153846154,1.7307692307692308,0.0,0.0,0.19230769230769232,0.0,0.0,0.19230769230769232,0.0,0.0,7.884615384615384,0.0,0.0,0.0,0.0,0.0,0.0
11618,11,618,776,515,261,0,448,2,443,5,41,33,47,212,73,5,2,0,0,1,0,0,0,0,2,27,0,0,0,0,0,0,57.73195876288659,1.1160714285714286,98.88392857142857,9.255079006772009,7.44920993227991,10.609480812641085,47.855530474040634,16.478555304740404,1.1286681715575622,0.4514672686230248,0.0,0.0,0.2257336343115124,0.0,0.0,0.0,0.0,0.4514672686230248,6.094808126410835,0.0,0.0,0.0,0.0,0.0,0.0
11619,11,619,805,513,292,0,425,11,422,3,34,23,50,193,71,7,9,0,0,2,0,0,0,0,1,32,0,0,0,0,0,0,52.79503105590062,0.7058823529411765,99.29411764705883,8.056872037914692,5.450236966824645,11.848341232227488,45.7345971563981,16.824644549763033,1.6587677725118484,2.132701421800948,0.0,0.0,0.47393364928909953,0.0,0.0,0.0,0.0,0.23696682464454977,7.5829383886255926,0.0,0.0,0.0,0.0,0.0,0.0
11620,11,620,870,505,365,0,434,9,432,2,41,17,85,171,79,9,5,0,0,0,0,0,1,0,2,22,0,0,0,0,0,0,49.88505747126437,0.4608294930875576,99.53917050691244,9.49074074074074,3.935185185185185,19.675925925925927,39.58333333333333,18.287037037037038,2.083333333333333,1.1574074074074074,0.0,0.0,0.0,0.0,0.0,0.23148148148148145,0.0,0.4629629629629629,5.092592592592593,0.0,0.0,0.0,0.0,0.0,0.0
11621,11,621,809,531,278,0,408,5,405,3,37,24,78,161,68,9,4,0,0,0,0,0,0,0,1,23,0,0,0,0,0,0,50.43263288009888,0.7352941176470588,99.26470588235294,9.135802469135802,5.9259259259259265,19.25925925925926,39.75308641975309,16.790123456790123,2.2222222222222223,0.9876543209876543,0.0,0.0,0.0,0.0,0.0,0.0,0.0,0.24691358024691357,5.679012345679013,0.0,0.0,0.0,0.0,0.0,0.0
11622,11,622,764,468,296,0,434,5,434,0,49,31,102,155,60,12,3,0,0,2,0,0,1,0,0,19,0,0,0,0,0,0,56.80628272251309,0.0,100.0,11.29032258064516,7.142857142857142,23.502304147465438,35.714285714285715,13.82488479262673,2.7649769585253456,0.6912442396313364,0.0,0.0,0.4608294930875576,0.0,0.0,0.2304147465437788,0.0,0.0,4.377880184331797,0.0,0.0,0.0,0.0,0.0,0.0
11623,11,623,938,622,316,0,576,12,570,6,36,53,102,243,83,15,14,0,0,5,0,0,0,0,0,19,0,0,0,0,0,0,61.407249466950965,1.0416666666666665,98.95833333333334,6.315789473684211,9.298245614035087,17.894736842105264,42.63157894736842,14.561403508771932,2.631578947368421,2.456140350877193,0.0,0.0,0.8771929824561403,0.0,0.0,0.0,0.0,0.0,3.3333333333333335,0.0,0.0,0.0,0.0,0.0,0.0
11624,11,624,820,512,308,0,430,4,427,3,40,25,50,172,88,8,3,0,0,5,0,0,0,0,1,35,0,0,0,0,0,0,52.4390243902439,0.6976744186046512,99.30232558139535,9.367681498829041,5.85480093676815,11.7096018735363,40.28103044496487,20.60889929742389,1.873536299765808,0.702576112412178,0.0,0.0,1.1709601873536302,0.0,0.0,0.0,0.0,0.234192037470726,8.19672131147541,0.0,0.0,0.0,0.0,0.0,0.0
11625,11,625,878,557,321,0,465,4,460,5,41,32,43,197,87,11,5,0,0,2,0,0,1,0,2,39,0,0,0,0,0,0,52.961275626423685,1.0752688172043012,98.9247311827957,8.91304347826087,6.956521739130435,9.347826086956522,42.82608695652174,18.913043478260867,2.391304347826087,1.0869565217391304,0.0,0.0,0.43478260869565216,0.0,0.0,0.21739130434782608,0.0,0.43478260869565216,8.478260869565217,0.0,0.0,0.0,0.0,0.0,0.0
11626,11,626,892,590,302,0,501,8,500,1,26,28,63,255,71,8,4,0,0,3,0,0,0,0,2,40,0,0,0,0,0,0,56.16591928251121,0.19960079840319359,99.8003992015968,5.2,5.6000000000000005,12.6,51.0,14.2,1.6,0.8,0.0,0.0,0.6,0.0,0.0,0.0,0.0,0.4,8.0,0.0,0.0,0.0,0.0,0.0,0.0
11627,11,627,946,547,399,0,466,2,464,2,32,34,80,204,69,5,0,0,0,4,0,0,1,0,2,33,0,0,0,0,0,0,49.2600422832981,0.4291845493562232,99.57081545064378,6.896551724137931,7.327586206896551,17.24137931034483,43.96551724137931,14.870689655172415,1.0775862068965518,0.0,0.0,0.0,0.8620689655172413,0.0,0.0,0.21551724137931033,0.0,0.43103448275862066,7.112068965517242,0.0,0.0,0.0,0.0,0.0,0.0
11628,11,628,790,524,266,0,463,5,457,6,44,29,45,227,68,2,8,0,0,2,0,0,0,0,1,31,0,0,0,0,0,0,58.607594936708864,1.2958963282937366,98.70410367170626,9.62800875273523,6.3457330415754925,9.846827133479213,49.671772428884026,14.87964989059081,0.437636761487965,1.75054704595186,0.0,0.0,0.437636761487965,0.0,0.0,0.0,0.0,0.2188183807439825,6.783369803063458,0.0,0.0,0.0,0.0,0.0,0.0
11629,11,629,943,634,309,0,538,2,535,3,40,22,72,193,127,13,11,0,0,4,0,0,0,0,1,52,0,0,0,0,0,0,57.05196182396607,0.5576208178438662,99.44237918215613,7.476635514018691,4.112149532710281,13.457943925233645,36.074766355140184,23.738317757009344,2.4299065420560746,2.0560747663551404,0.0,0.0,0.7476635514018692,0.0,0.0,0.0,0.0,0.1869158878504673,9.719626168224298,0.0,0.0,0.0,0.0,0.0,0.0
11630,11,630,818,552,266,0,457,11,456,1,46,35,62,200,71,15,5,0,0,0,0,0,0,0,1,21,0,0,0,0,0,0,55.8679706601467,0.2188183807439825,99.78118161925602,10.087719298245613,7.675438596491229,13.596491228070176,43.859649122807014,15.570175438596493,3.289473684210526,1.0964912280701753,0.0,0.0,0.0,0.0,0.0,0.0,0.0,0.21929824561403508,4.605263157894736,0.0,0.0,0.0,0.0,0.0,0.0
11631,11,631,797,517,280,0,457,12,453,4,21,20,58,229,74,6,9,0,0,2,0,0,0,0,0,34,0,0,0,0,0,0,57.340025094102884,0.87527352297593,99.12472647702407,4.635761589403973,4.415011037527594,12.803532008830022,50.55187637969095,16.335540838852097,1.3245033112582782,1.9867549668874174,0.0,0.0,0.44150110375275936,0.0,0.0,0.0,0.0,0.0,7.505518763796909,0.0,0.0,0.0,0.0,0.0,0.0
11632,11,632,853,510,343,0,465,22,460,5,38,37,63,218,60,13,2,0,0,5,0,0,1,0,1,22,0,0,0,0,0,0,54.513481828839396,1.0752688172043012,98.9247311827957,8.26086956521739,8.043478260869565,13.695652173913043,47.391304347826086,13.043478260869565,2.8260869565217392,0.43478260869565216,0.0,0.0,1.0869565217391304,0.0,0.0,0.21739130434782608,0.0,0.21739130434782608,4.782608695652174,0.0,0.0,0.0,0.0,0.0,0.0
11633,11,633,957,600,357,0,534,7,533,1,34,44,90,218,105,9,6,0,0,1,0,0,1,0,1,24,0,0,0,0,0,0,55.79937304075236,0.18726591760299627,99.812734082397,6.378986866791744,8.25515947467167,16.885553470919323,40.90056285178236,19.69981238273921,1.6885553470919326,1.125703564727955,0.0,0.0,0.18761726078799248,0.0,0.0,0.18761726078799248,0.0,0.18761726078799248,4.50281425891182,0.0,0.0,0.0,0.0,0.0,0.0
11634,11,634,933,584,349,0,524,9,523,1,34,22,86,260,82,9,5,0,0,1,0,0,0,0,0,24,0,0,0,0,0,0,56.162915326902464,0.19083969465648853,99.80916030534351,6.5009560229445515,4.2065009560229445,16.44359464627151,49.7131931166348,15.678776290630974,1.7208413001912046,0.9560229445506693,0.0,0.0,0.19120458891013384,0.0,0.0,0.0,0.0,0.0,4.588910133843212,0.0,0.0,0.0,0.0,0.0,0.0
11635,11,635,827,539,288,0,440,6,439,1,41,30,79,178,79,9,2,0,0,2,0,0,1,0,0,18,0,0,0,0,0,0,53.2043530834341,0.22727272727272727,99.77272727272727,9.339407744874716,6.83371298405467,17.995444191343964,40.546697038724375,17.995444191343964,2.050113895216401,0.45558086560364464,0.0,0.0,0.45558086560364464,0.0,0.0,0.22779043280182232,0.0,0.0,4.100227790432802,0.0,0.0,0.0,0.0,0.0,0.0
11636,11,636,688,407,281,0,391,10,390,1,18,29,102,151,60,6,5,0,0,2,0,0,0,0,2,15,0,0,0,0,0,0,56.83139534883721,0.2557544757033248,99.74424552429667,4.615384615384616,7.435897435897436,26.153846153846157,38.71794871794872,15.384615384615385,1.5384615384615385,1.282051282051282,0.0,0.0,0.5128205128205128,0.0,0.0,0.0,0.0,0.5128205128205128,3.8461538461538463,0.0,0.0,0.0,0.0,0.0,0.0
116A,11,6A,0,0,0,0,799,799,797,2,90,104,147,327,43,22,12,0,0,3,0,0,0,0,1,48,0,0,0,0,0,0,inf,0.2503128911138924,99.7496871088861,11.292346298619824,13.048933500627353,18.444165621079048,41.028858218318696,5.395232120451694,2.7603513174404015,1.5056461731493098,0.0,0.0,0.37641154328732745,0.0,0.0,0.0,0.0,0.12547051442910914,6.022584692597239,0.0,0.0,0.0,0.0,0.0,0.0
116B,11,6B,0,0,0,0,559,559,557,2,74,32,95,180,83,5,14,0,0,4,0,0,3,0,0,67,0,0,0,0,0,0,inf,0.35778175313059035,99.6422182468694,13.285457809694792,5.745062836624776,17.0556552962298,32.31597845601436,14.90125673249551,0.8976660682226212,2.5134649910233393,0.0,0.0,0.718132854578097,0.0,0.0,0.5385996409335727,0.0,0.0,12.028725314183124,0.0,0.0,0.0,0.0,0.0,0.0
116C,11,6C,0,0,0,0,484,484,482,2,63,41,70,183,58,6,9,0,0,4,0,0,0,0,0,48,0,0,0,0,0,0,inf,0.4132231404958678,99.58677685950413,13.070539419087138,8.506224066390041,14.522821576763487,37.96680497925311,12.033195020746888,1.2448132780082988,1.8672199170124482,0.0,0.0,0.8298755186721992,0.0,0.0,0.0,0.0,0.0,9.95850622406639,0.0,0.0,0.0,0.0,0.0,0.0
116D,11,6D,0,0,0,0,406,406,405,1,48,24,61,149,63,10,13,0,0,5,0,0,2,0,1,29,0,0,0,0,0,0,inf,0.24630541871921183,99.75369458128078,11.851851851851853,5.9259259259259265,15.06172839506173,36.79012345679013,15.555555555555555,2.4691358024691357,3.2098765432098766,0.0,0.0,1.2345679012345678,0.0,0.0,0.49382716049382713,0.0,0.24691358024691357,7.160493827160494,0.0,0.0,0.0,0.0,0.0,0.0
116E,11,6E,0,0,0,0,552,552,549,3,72,35,85,175,77,5,18,0,0,6,0,0,2,0,1,73,0,0,0,0,0,0,inf,0.5434782608695652,99.45652173913044,13.114754098360656,6.375227686703097,15.482695810564662,31.876138433515482,14.025500910746814,0.9107468123861567,3.278688524590164,0.0,0.0,1.092896174863388,0.0,0.0,0.36429872495446264,0.0,0.18214936247723132,13.296903460837886,0.0,0.0,0.0,0.0,0.0,0.0
116F,11,6F,0,0,0,0,572,572,568,4,69,52,46,241,72,6,26,0,0,5,0,0,1,0,4,46,0,0,0,0,0,0,inf,0.6993006993006993,99.3006993006993,12.147887323943662,9.15492957746479,8.098591549295776,42.42957746478873,12.676056338028168,1.056338028169014,4.577464788732395,0.0,0.0,0.8802816901408451,0.0,0.0,0.17605633802816903,0.0,0.7042253521126761,8.098591549295776,0.0,0.0,0.0,0.0,0.0,0.0
116G,11,6G,0,0,0,0,692,692,688,4,64,43,172,217,99,15,10,0,0,5,0,0,2,0,2,59,0,0,0,0,0,0,inf,0.5780346820809248,99.42196531791907,9.30232558139535,6.25,25.0,31.540697674418606,14.38953488372093,2.1802325581395348,1.4534883720930232,0.0,0.0,0.7267441860465116,0.0,0.0,0.29069767441860467,0.0,0.29069767441860467,8.575581395348838,0.0,0.0,0.0,0.0,0.0,0.0
116H,11,6H,0,0,0,0,528,528,526,2,54,75,81,183,77,7,14,0,0,1,0,0,0,0,4,30,0,0,0,0,0,0,inf,0.3787878787878788,99.62121212121212,10.26615969581749,14.258555133079847,15.399239543726237,34.79087452471482,14.638783269961978,1.3307984790874523,2.6615969581749046,0.0,0.0,0.19011406844106463,0.0,0.0,0.0,0.0,0.7604562737642585,5.7034220532319395,0.0,0.0,0.0,0.0,0.0,0.0
116K,11,6K,0,0,0,0,531,531,530,1,40,58,95,206,58,9,21,0,0,4,0,0,1,0,3,35,0,0,0,0,0,0,inf,0.18832391713747645,99.81167608286252,7.547169811320755,10.943396226415095,17.92452830188679,38.86792452830189,10.943396226415095,1.6981132075471699,3.9622641509433962,0.0,0.0,0.7547169811320755,0.0,0.0,0.18867924528301888,0.0,0.5660377358490566,6.60377358490566,0.0,0.0,0.0,0.0,0.0,0.0
116L,11,6L,0,0,0,0,558,558,556,2,67,99,134,143,43,20,14,0,0,2,0,0,2,0,2,30,0,0,0,0,0,0,inf,0.35842293906810035,99.6415770609319,12.050359712230216,17.805755395683455,24.100719424460433,25.719424460431657,7.7338129496402885,3.597122302158273,2.5179856115107913,0.0,0.0,0.3597122302158274,0.0,0.0,0.3597122302158274,0.0,0.3597122302158274,5.39568345323741,0.0,0.0,0.0,0.0,0.0,0.0
116M,11,6M,0,0,0,0,651,651,650,1,61,123,151,215,34,21,12,0,0,2,0,0,0,0,3,28,0,0,0,0,0,0,inf,0.15360983102918588,99.84639016897081,9.384615384615385,18.923076923076923,23.23076923076923,33.07692307692307,5.230769230769231,3.230769230769231,1.8461538461538463,0.0,0.0,0.3076923076923077,0.0,0.0,0.0,0.0,0.46153846153846156,4.3076923076923075,0.0,0.0,0.0,0.0,0.0,0.0
116N,11,6N,0,0,0,0,498,498,497,1,56,67,85,194,41,8,11,0,0,5,0,0,0,0,1,29,0,0,0,0,0,0,inf,0.2008032128514056,99.79919678714859,11.267605633802818,13.480885311871226,17.102615694164992,39.03420523138833,8.249496981891348,1.6096579476861168,2.2132796780684103,0.0,0.0,1.0060362173038229,0.0,0.0,0.0,0.0,0.2012072434607646,5.8350100603621735,0.0,0.0,0.0,0.0,0.0,0.0
116P,11,6P,0,0,0,0,593,593,591,2,71,58,80,240,43,13,12,0,0,4,0,0,1,0,3,66,0,0,0,0,0,0,inf,0.33726812816188867,99.6627318718381,12.013536379018612,9.813874788494077,13.536379018612521,40.609137055837564,7.2758037225042305,2.199661590524535,2.030456852791878,0.0,0.0,0.676818950930626,0.0,0.0,0.1692047377326565,0.0,0.5076142131979695,11.16751269035533,0.0,0.0,0.0,0.0,0.0,0.0
116R,11,6R,0,0,0,0,666,666,661,5,78,72,111,274,35,13,15,0,0,9,0,0,1,0,0,53,0,0,0,0,0,0,inf,0.7507507507507507,99.24924924924925,11.800302571860817,10.892586989409985,16.792738275340394,41.45234493192133,5.29500756429652,1.9667170953101363,2.26928895612708,0.0,0.0,1.361573373676248,0.0,0.0,0.15128593040847202,0.0,0.0,8.018154311649017,0.0,0.0,0.0,0.0,0.0,0.0
116S,11,6S,0,0,0,0,599,599,599,0,61,53,138,201,47,11,16,0,0,3,0,0,0,0,2,67,0,0,0,0,0,0,inf,0.0,100.0,10.18363939899833,8.848080133555927,23.03839732888147,33.5559265442404,7.846410684474124,1.8363939899833055,2.671118530884808,0.0,0.0,0.5008347245409015,0.0,0.0,0.0,0.0,0.333889816360601,11.185308848080133,0.0,0.0,0.0,0.0,0.0,0.0
116T,11,6T,0,0,0,0,626,626,623,3,46,80,130,246,50,11,13,0,0,5,0,0,0,0,1,41,0,0,0,0,0,0,inf,0.4792332268370607,99.52076677316293,7.3836276083467105,12.841091492776885,20.86677367576244,39.48635634028893,8.025682182985554,1.7656500802568218,2.086677367576244,0.0,0.0,0.8025682182985553,0.0,0.0,0.0,0.0,0.16051364365971107,6.5810593900481535,0.0,0.0,0.0,0.0,0.0,0.0
116U,11,6U,0,0,0,0,540,540,540,0,70,52,71,210,51,6,13,0,0,3,0,0,0,0,2,62,0,0,0,0,0,0,inf,0.0,100.0,12.962962962962962,9.62962962962963,13.148148148148147,38.88888888888889,9.444444444444445,1.1111111111111112,2.4074074074074074,0.0,0.0,0.5555555555555556,0.0,0.0,0.0,0.0,0.3703703703703704,11.481481481481481,0.0,0.0,0.0,0.0,0.0,0.0
116W,11,6W,0,0,0,0,527,527,525,2,53,96,128,167,29,11,10,0,0,3,0,0,0,0,2,26,0,0,0,0,0,0,inf,0.3795066413662239,99.62049335863378,10.095238095238095,18.285714285714285,24.38095238095238,31.80952380952381,5.523809523809524,2.0952380952380953,1.9047619047619049,0.0,0.0,0.5714285714285714,0.0,0.0,0.0,0.0,0.38095238095238093,4.9523809523809526,0.0,0.0,0.0,0.0,0.0,0.0
12101,12,101,1128,709,419,0,456,7,448,8,102,61,103,59,107,14,0,0,0,0,0,0,0,0,2,0,0,0,0,0,0,0,40.42553191489361,1.7543859649122806,98.24561403508771,22.767857142857142,13.616071428571427,22.991071428571427,13.169642857142858,23.883928571428573,3.125,0.0,0.0,0.0,0.0,0.0,0.0,0.0,0.0,0.4464285714285714,0.0,0.0,0.0,0.0,0.0,0.0,0.0
12102,12,102,817,628,189,0,388,3,381,7,80,30,89,73,97,7,0,0,0,0,0,0,0,0,5,0,0,0,0,0,0,0,47.49082007343941,1.804123711340206,98.19587628865979,20.99737532808399,7.874015748031496,23.35958005249344,19.160104986876643,25.45931758530184,1.837270341207349,0.0,0.0,0.0,0.0,0.0,0.0,0.0,0.0,1.3123359580052494,0.0,0.0,0.0,0.0,0.0,0.0,0.0
12103,12,103,755,549,206,0,352,0,348,4,86,23,77,69,78,11,0,0,0,0,0,0,0,0,4,0,0,0,0,0,0,0,46.622516556291394,1.1363636363636365,98.86363636363636,24.71264367816092,6.609195402298851,22.126436781609197,19.82758620689655,22.413793103448278,3.1609195402298855,0.0,0.0,0.0,0.0,0.0,0.0,0.0,0.0,1.1494252873563218,0.0,0.0,0.0,0.0,0.0,0.0,0.0
12104,12,104,858,654,204,0,401,3,395,6,91,37,98,70,86,9,0,0,0,0,0,0,0,0,4,0,0,0,0,0,0,0,46.73659673659674,1.4962593516209477,98.50374064837905,23.037974683544306,9.367088607594937,24.81012658227848,17.72151898734177,21.772151898734176,2.278481012658228,0.0,0.0,0.0,0.0,0.0,0.0,0.0,0.0,1.0126582278481013,0.0,0.0,0.0,0.0,0.0,0.0,0.0
12105,12,105,947,693,254,0,371,5,367,4,83,37,56,86,90,12,0,0,0,0,0,0,0,0,3,0,0,0,0,0,0,0,39.17634635691658,1.078167115902965,98.92183288409704,22.615803814713896,10.08174386920981,15.258855585831062,23.43324250681199,24.52316076294278,3.2697547683923704,0.0,0.0,0.0,0.0,0.0,0.0,0.0,0.0,0.8174386920980926,0.0,0.0,0.0,0.0,0.0,0.0,0.0
12106,12,106,1022,728,294,0,473,2,470,3,121,48,77,110,92,19,0,0,0,0,0,0,0,0,3,0,0,0,0,0,0,0,46.28180039138943,0.6342494714587738,99.36575052854123,25.744680851063826,10.212765957446807,16.382978723404253,23.404255319148938,19.574468085106382,4.042553191489362,0.0,0.0,0.0,0.0,0.0,0.0,0.0,0.0,0.6382978723404255,0.0,0.0,0.0,0.0,0.0,0.0,0.0
12107,12,107,836,632,204,0,436,2,422,14,85,26,87,66,139,12,0,0,0,0,0,0,0,0,7,0,0,0,0,0,0,0,52.15311004784689,3.211009174311927,96.78899082568807,20.14218009478673,6.161137440758294,20.61611374407583,15.639810426540285,32.93838862559242,2.843601895734597,0.0,0.0,0.0,0.0,0.0,0.0,0.0,0.0,1.6587677725118484,0.0,0.0,0.0,0.0,0.0,0.0,0.0
12108,12,108,1115,838,277,0,567,5,555,12,145,44,135,86,123,14,0,0,0,0,0,0,0,0,8,0,0,0,0,0,0,0,50.85201793721973,2.1164021164021163,97.88359788359789,26.126126126126124,7.927927927927928,24.324324324324326,15.495495495495495,22.162162162162165,2.5225225225225225,0.0,0.0,0.0,0.0,0.0,0.0,0.0,0.0,1.4414414414414414,0.0,0.0,0.0,0.0,0.0,0.0,0.0
12109,12,109,852,615,237,0,330,2,327,3,81,29,42,82,79,10,0,0,0,0,0,0,0,0,4,0,0,0,0,0,0,0,38.732394366197184,0.9090909090909091,99.0909090909091,24.770642201834864,8.868501529051988,12.844036697247708,25.076452599388375,24.159021406727827,3.058103975535168,0.0,0.0,0.0,0.0,0.0,0.0,0.0,0.0,1.2232415902140672,0.0,0.0,0.0,0.0,0.0,0.0,0.0
12110,12,110,1261,894,367,0,548,2,538,10,126,57,109,98,136,9,0,0,0,0,0,0,0,0,3,0,0,0,0,0,0,0,43.45757335448057,1.824817518248175,98.17518248175182,23.42007434944238,10.594795539033457,20.260223048327138,18.21561338289963,25.27881040892193,1.6728624535315983,0.0,0.0,0.0,0.0,0.0,0.0,0.0,0.0,0.5576208178438662,0.0,0.0,0.0,0.0,0.0,0.0,0.0
12111,12,111,772,532,240,0,337,2,327,10,54,36,41,105,84,6,0,0,0,0,0,0,0,0,1,0,0,0,0,0,0,0,43.652849740932645,2.967359050445104,97.03264094955489,16.51376146788991,11.009174311926607,12.538226299694188,32.11009174311927,25.688073394495415,1.834862385321101,0.0,0.0,0.0,0.0,0.0,0.0,0.0,0.0,0.3058103975535168,0.0,0.0,0.0,0.0,0.0,0.0,0.0
12112,12,112,1155,684,471,0,484,5,482,2,107,33,115,78,123,21,0,0,0,0,0,0,0,0,5,0,0,0,0,0,0,0,41.904761904761905,0.4132231404958678,99.58677685950413,22.199170124481327,6.846473029045644,23.858921161825727,16.182572614107883,25.518672199170123,4.356846473029045,0.0,0.0,0.0,0.0,0.0,0.0,0.0,0.0,1.0373443983402488,0.0,0.0,0.0,0.0,0.0,0.0,0.0
12113,12,113,1106,790,316,0,510,10,504,6,107,37,144,78,118,15,0,0,0,0,0,0,0,0,5,0,0,0,0,0,0,0,46.1121157323689,1.1764705882352942,98.82352941176471,21.23015873015873,7.341269841269842,28.57142857142857,15.476190476190476,23.41269841269841,2.976190476190476,0.0,0.0,0.0,0.0,0.0,0.0,0.0,0.0,0.992063492063492,0.0,0.0,0.0,0.0,0.0,0.0,0.0
12114,12,114,1108,848,260,0,445,0,430,15,88,17,89,83,134,14,0,0,0,0,0,0,0,0,5,0,0,0,0,0,0,0,40.16245487364621,3.3707865168539324,96.62921348314607,20.46511627906977,3.953488372093023,20.69767441860465,19.302325581395348,31.16279069767442,3.255813953488372,0.0,0.0,0.0,0.0,0.0,0.0,0.0,0.0,1.1627906976744187,0.0,0.0,0.0,0.0,0.0,0.0,0.0
12115,12,115,967,730,237,0,441,2,434,7,93,41,97,98,97,5,0,0,0,0,0,0,0,0,3,0,0,0,0,0,0,0,45.60496380558428,1.5873015873015872,98.4126984126984,21.428571428571427,9.44700460829493,22.350230414746544,22.58064516129032,22.350230414746544,1.1520737327188941,0.0,0.0,0.0,0.0,0.0,0.0,0.0,0.0,0.6912442396313364,0.0,0.0,0.0,0.0,0.0,0.0,0.0
12116,12,116,1062,819,243,0,523,4,510,13,111,57,94,112,125,7,0,0,0,0,0,0,0,0,4,0,0,0,0,0,0,0,49.24670433145009,2.48565965583174,97.51434034416826,21.764705882352942,11.176470588235295,18.43137254901961,21.96078431372549,24.509803921568626,1.3725490196078431,0.0,0.0,0.0,0.0,0.0,0.0,0.0,0.0,0.7843137254901961,0.0,0.0,0.0,0.0,0.0,0.0,0.0
12117,12,117,1188,764,424,0,484,3,479,5,116,58,100,96,94,11,0,0,0,0,0,0,0,0,4,0,0,0,0,0,0,0,40.74074074074074,1.0330578512396695,98.96694214876032,24.21711899791232,12.10855949895616,20.876826722338205,20.041753653444676,19.624217118997915,2.2964509394572024,0.0,0.0,0.0,0.0,0.0,0.0,0.0,0.0,0.8350730688935281,0.0,0.0,0.0,0.0,0.0,0.0,0.0
12118,12,118,1097,815,282,0,425,4,414,11,117,43,88,79,74,8,0,0,0,0,0,0,0,0,5,0,0,0,0,0,0,0,38.742023701002736,2.588235294117647,97.41176470588235,28.26086956521739,10.38647342995169,21.256038647342994,19.082125603864732,17.874396135265698,1.932367149758454,0.0,0.0,0.0,0.0,0.0,0.0,0.0,0.0,1.2077294685990339,0.0,0.0,0.0,0.0,0.0,0.0,0.0
12119,12,119,1223,850,373,0,523,11,511,12,107,47,115,116,113,7,0,0,0,0,0,0,0,0,6,0,0,0,0,0,0,0,42.76369582992641,2.294455066921606,97.70554493307839,20.939334637964773,9.197651663405088,22.504892367906066,22.700587084148726,22.113502935420744,1.36986301369863,0.0,0.0,0.0,0.0,0.0,0.0,0.0,0.0,1.1741682974559686,0.0,0.0,0.0,0.0,0.0,0.0,0.0
12120,12,120,1280,967,313,0,620,5,610,10,111,60,116,135,170,14,0,0,0,0,0,0,0,0,4,0,0,0,0,0,0,0,48.4375,1.6129032258064515,98.38709677419355,18.19672131147541,9.836065573770492,19.01639344262295,22.131147540983605,27.86885245901639,2.2950819672131146,0.0,0.0,0.0,0.0,0.0,0.0,0.0,0.0,0.6557377049180327,0.0,0.0,0.0,0.0,0.0,0.0,0.0
12121,12,121,1175,854,321,0,522,6,516,6,125,52,84,121,116,13,0,0,0,0,0,0,0,0,5,0,0,0,0,0,0,0,44.42553191489362,1.1494252873563218,98.85057471264368,24.224806201550386,10.077519379844961,16.27906976744186,23.449612403100776,22.48062015503876,2.5193798449612403,0.0,0.0,0.0,0.0,0.0,0.0,0.0,0.0,0.9689922480620154,0.0,0.0,0.0,0.0,0.0,0.0,0.0
12122,12,122,1351,918,433,0,602,10,598,4,133,66,117,165,98,16,0,0,0,0,0,0,0,0,3,0,0,0,0,0,0,0,44.559585492227974,0.6644518272425249,99.33554817275747,22.240802675585282,11.036789297658862,19.565217391304348,27.591973244147155,16.387959866220736,2.6755852842809364,0.0,0.0,0.0,0.0,0.0,0.0,0.0,0.0,0.5016722408026756,0.0,0.0,0.0,0.0,0.0,0.0,0.0
12123,12,123,1173,822,351,0,472,4,463,9,118,34,85,102,108,10,0,0,0,0,0,0,0,0,6,0,0,0,0,0,0,0,40.2387041773231,1.9067796610169492,98.09322033898306,25.48596112311015,7.343412526997841,18.3585313174946,22.03023758099352,23.326133909287257,2.159827213822894,0.0,0.0,0.0,0.0,0.0,0.0,0.0,0.0,1.2958963282937366,0.0,0.0,0.0,0.0,0.0,0.0,0.0
12124,12,124,947,704,243,0,434,4,429,5,94,42,65,106,101,16,0,0,0,0,0,0,0,0,5,0,0,0,0,0,0,0,45.82893347412883,1.1520737327188941,98.84792626728111,21.91142191142191,9.79020979020979,15.151515151515152,24.708624708624708,23.543123543123542,3.7296037296037294,0.0,0.0,0.0,0.0,0.0,0.0,0.0,0.0,1.1655011655011656,0.0,0.0,0.0,0.0,0.0,0.0,0.0
12125,12,125,755,560,195,0,337,7,328,9,70,30,60,116,43,7,0,0,0,0,0,0,0,0,2,0,0,0,0,0,0,0,44.63576158940397,2.6706231454005933,97.3293768545994,21.341463414634145,9.146341463414634,18.29268292682927,35.36585365853659,13.109756097560975,2.1341463414634148,0.0,0.0,0.0,0.0,0.0,0.0,0.0,0.0,0.6097560975609756,0.0,0.0,0.0,0.0,0.0,0.0,0.0
12126,12,126,728,541,187,0,356,6,353,3,78,33,65,92,74,8,0,0,0,0,0,0,0,0,3,0,0,0,0,0,0,0,48.9010989010989,0.8426966292134831,99.15730337078652,22.096317280453256,9.34844192634561,18.413597733711047,26.062322946175637,20.96317280453258,2.26628895184136,0.0,0.0,0.0,0.0,0.0,0.0,0.0,0.0,0.84985835694051,0.0,0.0,0.0,0.0,0.0,0.0,0.0
12127,12,127,938,716,222,0,452,5,442,10,93,38,81,92,120,13,0,0,0,0,0,0,0,0,5,0,0,0,0,0,0,0,48.18763326226013,2.2123893805309733,97.78761061946902,21.040723981900452,8.597285067873303,18.32579185520362,20.81447963800905,27.149321266968325,2.941176470588235,0.0,0.0,0.0,0.0,0.0,0.0,0.0,0.0,1.1312217194570136,0.0,0.0,0.0,0.0,0.0,0.0,0.0
121A,12,1A,0,0,0,0,555,555,547,8,139,80,183,62,63,16,0,0,0,0,0,0,0,0,4,0,0,0,0,0,0,0,inf,1.4414414414414414,98.55855855855856,25.411334552102378,14.625228519195613,33.45521023765997,11.3345521023766,11.517367458866545,2.9250457038391224,0.0,0.0,0.0,0.0,0.0,0.0,0.0,0.0,0.7312614259597806,0.0,0.0,0.0,0.0,0.0,0.0,0.0
121B,12,1B,0,0,0,0,379,379,374,5,92,68,85,64,51,9,0,0,0,0,0,0,0,0,5,0,0,0,0,0,0,0,inf,1.3192612137203166,98.68073878627969,24.598930481283425,18.181818181818183,22.727272727272727,17.11229946524064,13.636363636363635,2.406417112299465,0.0,0.0,0.0,0.0,0.0,0.0,0.0,0.0,1.3368983957219251,0.0,0.0,0.0,0.0,0.0,0.0,0.0
121C,12,1C,0,0,0,0,441,441,436,5,107,82,82,90,51,15,0,0,0,0,0,0,0,0,9,0,0,0,0,0,0,0,inf,1.1337868480725624,98.86621315192744,24.541284403669724,18.807339449541285,18.807339449541285,20.642201834862387,11.697247706422019,3.4403669724770642,0.0,0.0,0.0,0.0,0.0,0.0,0.0,0.0,2.064220183486239,0.0,0.0,0.0,0.0,0.0,0.0,0.0
121D,12,1D,0,0,0,0,444,444,439,5,125,48,119,64,71,7,0,0,0,0,0,0,0,0,5,0,0,0,0,0,0,0,inf,1.1261261261261262,98.87387387387388,28.473804100227788,10.933940774487471,27.10706150341686,14.578587699316628,16.173120728929387,1.5945330296127564,0.0,0.0,0.0,0.0,0.0,0.0,0.0,0.0,1.1389521640091116,0.0,0.0,0.0,0.0,0.0,0.0,0.0
121E,12,1E,0,0,0,0,563,563,551,12,153,51,155,80,73,29,0,0,0,0,0,0,0,0,10,0,0,0,0,0,0,0,inf,2.1314387211367674,97.86856127886323,27.76769509981851,9.25589836660617,28.13067150635209,14.519056261343014,13.248638838475499,5.263157894736842,0.0,0.0,0.0,0.0,0.0,0.0,0.0,0.0,1.8148820326678767,0.0,0.0,0.0,0.0,0.0,0.0,0.0
121F,12,1F,0,0,0,0,530,530,519,11,129,71,123,95,86,10,0,0,0,0,0,0,0,0,5,0,0,0,0,0,0,0,inf,2.0754716981132075,97.9245283018868,24.85549132947977,13.680154142581888,23.699421965317917,18.304431599229286,16.570327552986512,1.9267822736030826,0.0,0.0,0.0,0.0,0.0,0.0,0.0,0.0,0.9633911368015413,0.0,0.0,0.0,0.0,0.0,0.0,0.0
121G,12,1G,0,0,0,0,735,735,726,9,192,84,244,92,86,16,0,0,0,0,0,0,0,0,12,0,0,0,0,0,0,0,inf,1.2244897959183674,98.77551020408163,26.446280991735538,11.570247933884298,33.608815426997246,12.672176308539946,11.84573002754821,2.203856749311295,0.0,0.0,0.0,0.0,0.0,0.0,0.0,0.0,1.6528925619834711,0.0,0.0,0.0,0.0,0.0,0.0,0.0
121H,12,1H,0,0,0,0,468,468,461,7,112,33,135,83,80,14,0,0,0,0,0,0,0,0,4,0,0,0,0,0,0,0,inf,1.4957264957264957,98.50427350427351,24.295010845986983,7.158351409978309,29.28416485900217,18.004338394793926,17.35357917570499,3.036876355748373,0.0,0.0,0.0,0.0,0.0,0.0,0.0,0.0,0.8676789587852495,0.0,0.0,0.0,0.0,0.0,0.0,0.0
121I,12,1I,0,0,0,0,518,518,512,6,158,75,127,81,58,11,0,0,0,0,0,0,0,0,2,0,0,0,0,0,0,0,inf,1.1583011583011582,98.84169884169884,30.859375,14.6484375,24.8046875,15.8203125,11.328125,2.1484375,0.0,0.0,0.0,0.0,0.0,0.0,0.0,0.0,0.390625,0.0,0.0,0.0,0.0,0.0,0.0,0.0
121J,12,1J,0,0,0,0,769,769,759,10,177,112,218,116,101,27,0,0,0,0,0,0,0,0,8,0,0,0,0,0,0,0,inf,1.3003901170351104,98.6996098829649,23.3201581027668,14.756258234519104,28.722002635046113,15.2832674571805,13.306982872200262,3.557312252964427,0.0,0.0,0.0,0.0,0.0,0.0,0.0,0.0,1.0540184453227932,0.0,0.0,0.0,0.0,0.0,0.0,0.0
121K,12,1K,0,0,0,0,638,638,635,3,139,84,163,118,99,18,0,0,0,0,0,0,0,0,14,0,0,0,0,0,0,0,inf,0.4702194357366771,99.52978056426332,21.88976377952756,13.228346456692913,25.669291338582678,18.58267716535433,15.590551181102363,2.8346456692913384,0.0,0.0,0.0,0.0,0.0,0.0,0.0,0.0,2.204724409448819,0.0,0.0,0.0,0.0,0.0,0.0,0.0
121L,12,1L,0,0,0,0,458,458,456,2,119,79,91,92,67,5,0,0,0,0,0,0,0,0,3,0,0,0,0,0,0,0,inf,0.43668122270742354,99.56331877729258,26.096491228070175,17.324561403508774,19.956140350877195,20.175438596491226,14.692982456140353,1.0964912280701753,0.0,0.0,0.0,0.0,0.0,0.0,0.0,0.0,0.6578947368421052,0.0,0.0,0.0,0.0,0.0,0.0,0.0
121M,12,1M,0,0,0,0,597,597,583,14,131,95,122,123,72,28,0,0,0,0,0,0,0,0,12,0,0,0,0,0,0,0,inf,2.3450586264656614,97.65494137353434,22.46998284734134,16.295025728987994,20.926243567753,21.09777015437393,12.34991423670669,4.802744425385934,0.0,0.0,0.0,0.0,0.0,0.0,0.0,0.0,2.0583190394511153,0.0,0.0,0.0,0.0,0.0,0.0,0.0
12201,12,201,1033,752,281,0,498,4,492,6,107,33,123,81,129,17,0,0,0,0,0,0,0,0,2,0,0,0,0,0,0,0,48.20909970958374,1.2048192771084338,98.79518072289156,21.747967479674795,6.707317073170732,25.0,16.463414634146343,26.21951219512195,3.4552845528455287,0.0,0.0,0.0,0.0,0.0,0.0,0.0,0.0,0.40650406504065045,0.0,0.0,0.0,0.0,0.0,0.0,0.0
12202,12,202,1069,639,430,0,435,6,429,6,82,43,100,62,122,16,0,0,0,0,0,0,0,0,4,0,0,0,0,0,0,0,40.69223573433115,1.3793103448275863,98.62068965517241,19.114219114219114,10.023310023310025,23.310023310023308,14.452214452214452,28.438228438228435,3.7296037296037294,0.0,0.0,0.0,0.0,0.0,0.0,0.0,0.0,0.9324009324009324,0.0,0.0,0.0,0.0,0.0,0.0,0.0
12203,12,203,1115,646,469,0,515,10,505,10,106,61,169,52,90,26,0,0,0,0,0,0,0,0,1,0,0,0,0,0,0,0,46.18834080717489,1.9417475728155338,98.05825242718447,20.99009900990099,12.07920792079208,33.46534653465347,10.297029702970297,17.82178217821782,5.148514851485149,0.0,0.0,0.0,0.0,0.0,0.0,0.0,0.0,0.19801980198019803,0.0,0.0,0.0,0.0,0.0,0.0,0.0
12204,12,204,903,602,301,0,448,5,443,5,87,51,154,43,88,15,0,0,0,0,0,0,0,0,5,0,0,0,0,0,0,0,49.6124031007752,1.1160714285714286,98.88392857142857,19.63882618510158,11.512415349887133,34.76297968397291,9.706546275395034,19.864559819413092,3.3860045146726865,0.0,0.0,0.0,0.0,0.0,0.0,0.0,0.0,1.1286681715575622,0.0,0.0,0.0,0.0,0.0,0.0,0.0
12205,12,205,715,516,199,0,396,1,394,2,74,56,117,39,82,22,0,0,0,0,0,0,0,0,4,0,0,0,0,0,0,0,55.38461538461539,0.5050505050505051,99.4949494949495,18.781725888324875,14.213197969543149,29.695431472081218,9.898477157360407,20.812182741116754,5.583756345177665,0.0,0.0,0.0,0.0,0.0,0.0,0.0,0.0,1.015228426395939,0.0,0.0,0.0,0.0,0.0,0.0,0.0
12206,12,206,1381,836,545,0,495,2,491,4,94,53,149,69,104,19,0,0,0,0,0,0,0,0,3,0,0,0,0,0,0,0,35.84359160028964,0.8080808080808081,99.19191919191918,19.144602851323828,10.79429735234216,30.346232179226067,14.052953156822811,21.181262729124235,3.8696537678207736,0.0,0.0,0.0,0.0,0.0,0.0,0.0,0.0,0.6109979633401221,0.0,0.0,0.0,0.0,0.0,0.0,0.0
12207,12,207,1254,946,308,0,590,1,578,12,126,41,146,93,154,10,0,0,0,0,0,0,0,0,8,0,0,0,0,0,0,0,47.04944178628389,2.0338983050847457,97.96610169491525,21.79930795847751,7.093425605536333,25.259515570934255,16.089965397923876,26.643598615916954,1.7301038062283738,0.0,0.0,0.0,0.0,0.0,0.0,0.0,0.0,1.384083044982699,0.0,0.0,0.0,0.0,0.0,0.0,0.0
12208,12,208,1182,960,222,0,579,6,557,22,125,20,114,102,178,14,0,0,0,0,0,0,0,0,4,0,0,0,0,0,0,0,48.984771573604064,3.7996545768566494,96.20034542314335,22.44165170556553,3.5906642728904847,20.46678635547576,18.31238779174147,31.956912028725316,2.5134649910233393,0.0,0.0,0.0,0.0,0.0,0.0,0.0,0.0,0.718132854578097,0.0,0.0,0.0,0.0,0.0,0.0,0.0
12209,12,209,1193,807,386,0,485,3,477,8,112,43,102,80,120,15,0,0,0,0,0,0,0,0,5,0,0,0,0,0,0,0,40.65381391450126,1.6494845360824744,98.35051546391752,23.48008385744235,9.014675052410901,21.38364779874214,16.771488469601678,25.157232704402517,3.1446540880503147,0.0,0.0,0.0,0.0,0.0,0.0,0.0,0.0,1.0482180293501049,0.0,0.0,0.0,0.0,0.0,0.0,0.0
12210,12,210,1170,726,444,0,491,13,474,17,70,39,125,79,142,15,0,0,0,0,0,0,0,0,4,0,0,0,0,0,0,0,41.965811965811966,3.462321792260693,96.5376782077393,14.767932489451477,8.227848101265822,26.371308016877638,16.666666666666664,29.957805907172997,3.1645569620253164,0.0,0.0,0.0,0.0,0.0,0.0,0.0,0.0,0.8438818565400843,0.0,0.0,0.0,0.0,0.0,0.0,0.0
12211,12,211,1283,829,454,0,585,4,570,15,105,42,158,79,160,16,0,0,0,0,0,0,0,0,10,0,0,0,0,0,0,0,45.5962587685113,2.564102564102564,97.43589743589743,18.421052631578945,7.368421052631578,27.719298245614034,13.859649122807017,28.07017543859649,2.807017543859649,0.0,0.0,0.0,0.0,0.0,0.0,0.0,0.0,1.7543859649122806,0.0,0.0,0.0,0.0,0.0,0.0,0.0
12212,12,212,1179,783,396,0,479,5,473,6,121,17,116,80,121,16,0,0,0,0,0,0,0,0,2,0,0,0,0,0,0,0,40.62765055131467,1.2526096033402923,98.74739039665971,25.581395348837212,3.5940803382663846,24.52431289640592,16.913319238900634,25.581395348837212,3.382663847780127,0.0,0.0,0.0,0.0,0.0,0.0,0.0,0.0,0.42283298097251587,0.0,0.0,0.0,0.0,0.0,0.0,0.0
12213,12,213,1075,789,286,0,537,0,525,12,106,48,127,79,145,15,0,0,0,0,0,0,0,0,5,0,0,0,0,0,0,0,49.95348837209303,2.2346368715083798,97.76536312849163,20.19047619047619,9.142857142857142,24.19047619047619,15.04761904761905,27.61904761904762,2.857142857142857,0.0,0.0,0.0,0.0,0.0,0.0,0.0,0.0,0.9523809523809524,0.0,0.0,0.0,0.0,0.0,0.0,0.0
12214,12,214,1219,841,378,0,562,1,557,5,105,34,154,62,171,24,0,0,0,0,0,0,0,0,7,0,0,0,0,0,0,0,46.10336341263331,0.8896797153024912,99.11032028469751,18.850987432675044,6.104129263913824,27.648114901256733,11.131059245960502,30.700179533213646,4.308797127468582,0.0,0.0,0.0,0.0,0.0,0.0,0.0,0.0,1.2567324955116697,0.0,0.0,0.0,0.0,0.0,0.0,0.0
12215,12,215,1329,954,375,0,597,3,586,11,139,30,127,92,173,21,0,0,0,0,0,0,0,0,4,0,0,0,0,0,0,0,44.92099322799097,1.8425460636515913,98.1574539363484,23.72013651877133,5.1194539249146755,21.672354948805463,15.699658703071673,29.522184300341298,3.583617747440273,0.0,0.0,0.0,0.0,0.0,0.0,0.0,0.0,0.6825938566552902,0.0,0.0,0.0,0.0,0.0,0.0,0.0
12216,12,216,894,692,202,0,430,0,419,11,94,38,76,81,110,17,0,0,0,0,0,0,0,0,3,0,0,0,0,0,0,0,48.09843400447427,2.558139534883721,97.44186046511628,22.434367541766107,9.069212410501192,18.138424821002385,19.331742243436754,26.25298329355609,4.05727923627685,0.0,0.0,0.0,0.0,0.0,0.0,0.0,0.0,0.7159904534606205,0.0,0.0,0.0,0.0,0.0,0.0,0.0
12217,12,217,1156,839,317,0,541,10,531,10,92,45,125,100,145,16,0,0,0,0,0,0,0,0,8,0,0,0,0,0,0,0,46.79930795847751,1.8484288354898337,98.15157116451016,17.325800376647834,8.47457627118644,23.540489642184557,18.832391713747647,27.30696798493409,3.0131826741996233,0.0,0.0,0.0,0.0,0.0,0.0,0.0,0.0,1.5065913370998116,0.0,0.0,0.0,0.0,0.0,0.0,0.0
12218,12,218,896,655,241,0,331,3,325,6,71,32,55,71,87,6,0,0,0,0,0,0,0,0,3,0,0,0,0,0,0,0,36.941964285714285,1.812688821752266,98.18731117824774,21.846153846153847,9.846153846153847,16.923076923076923,21.846153846153847,26.769230769230766,1.8461538461538463,0.0,0.0,0.0,0.0,0.0,0.0,0.0,0.0,0.9230769230769231,0.0,0.0,0.0,0.0,0.0,0.0,0.0
12219,12,219,957,681,276,0,472,5,460,12,100,33,127,78,100,19,0,0,0,0,0,0,0,0,3,0,0,0,0,0,0,0,49.32079414838035,2.5423728813559325,97.45762711864407,21.73913043478261,7.173913043478261,27.608695652173914,16.956521739130434,21.73913043478261,4.130434782608695,0.0,0.0,0.0,0.0,0.0,0.0,0.0,0.0,0.6521739130434783,0.0,0.0,0.0,0.0,0.0,0.0,0.0
12220,12,220,699,554,145,0,279,4,276,3,57,20,33,84,71,8,0,0,0,0,0,0,0,0,3,0,0,0,0,0,0,0,39.91416309012876,1.0752688172043012,98.9247311827957,20.652173913043477,7.246376811594203,11.956521739130435,30.434782608695656,25.724637681159418,2.898550724637681,0.0,0.0,0.0,0.0,0.0,0.0,0.0,0.0,1.0869565217391304,0.0,0.0,0.0,0.0,0.0,0.0,0.0
12221,12,221,1272,885,387,0,570,7,563,7,118,45,108,101,162,20,0,0,0,0,0,0,0,0,9,0,0,0,0,0,0,0,44.81132075471698,1.2280701754385965,98.7719298245614,20.959147424511546,7.992895204262878,19.182948490230906,17.939609236234457,28.774422735346363,3.5523978685612785,0.0,0.0,0.0,0.0,0.0,0.0,0.0,0.0,1.5985790408525755,0.0,0.0,0.0,0.0,0.0,0.0,0.0
12222,12,222,900,681,219,0,393,3,385,8,78,47,66,115,71,5,0,0,0,0,0,0,0,0,3,0,0,0,0,0,0,0,43.666666666666664,2.035623409669211,97.96437659033079,20.259740259740262,12.207792207792208,17.142857142857142,29.87012987012987,18.441558441558442,1.2987012987012987,0.0,0.0,0.0,0.0,0.0,0.0,0.0,0.0,0.7792207792207793,0.0,0.0,0.0,0.0,0.0,0.0,0.0
12223,12,223,533,375,158,0,303,3,298,5,61,22,107,21,70,13,0,0,0,0,0,0,0,0,4,0,0,0,0,0,0,0,56.84803001876173,1.65016501650165,98.34983498349835,20.469798657718123,7.38255033557047,35.90604026845637,7.046979865771812,23.48993288590604,4.3624161073825505,0.0,0.0,0.0,0.0,0.0,0.0,0.0,0.0,1.342281879194631,0.0,0.0,0.0,0.0,0.0,0.0,0.0
12224,12,224,313,242,71,0,173,2,167,6,31,5,43,31,52,4,0,0,0,0,0,0,0,0,1,0,0,0,0,0,0,0,55.27156549520767,3.4682080924855487,96.53179190751445,18.562874251497004,2.9940119760479043,25.748502994011975,18.562874251497004,31.137724550898206,2.3952095808383236,0.0,0.0,0.0,0.0,0.0,0.0,0.0,0.0,0.5988023952095809,0.0,0.0,0.0,0.0,0.0,0.0,0.0
12225,12,225,1064,714,350,0,444,7,439,5,99,53,103,66,102,12,0,0,0,0,0,0,0,0,4,0,0,0,0,0,0,0,41.72932330827068,1.1261261261261262,98.87387387387388,22.55125284738041,12.072892938496583,23.462414578587698,15.034168564920272,23.234624145785876,2.733485193621868,0.0,0.0,0.0,0.0,0.0,0.0,0.0,0.0,0.9111617312072893,0.0,0.0,0.0,0.0,0.0,0.0,0.0
12226,12,226,927,602,325,0,407,3,404,3,88,30,116,45,113,12,0,0,0,0,0,0,0,0,0,0,0,0,0,0,0,0,43.90507011866235,0.7371007371007371,99.26289926289927,21.782178217821784,7.425742574257425,28.71287128712871,11.138613861386139,27.970297029702973,2.9702970297029703,0.0,0.0,0.0,0.0,0.0,0.0,0.0,0.0,0.0,0.0,0.0,0.0,0.0,0.0,0.0,0.0
12227,12,227,859,670,189,0,382,2,380,2,74,25,59,97,104,15,0,0,0,0,0,0,0,0,6,0,0,0,0,0,0,0,44.470314318975554,0.5235602094240838,99.47643979057592,19.473684210526315,6.578947368421052,15.526315789473685,25.526315789473685,27.368421052631582,3.9473684210526314,0.0,0.0,0.0,0.0,0.0,0.0,0.0,0.0,1.5789473684210527,0.0,0.0,0.0,0.0,0.0,0.0,0.0
122A,12,2A,0,0,0,0,580,580,573,7,145,78,171,58,95,20,0,0,0,0,0,0,0,0,6,0,0,0,0,0,0,0,inf,1.206896551724138,98.79310344827587,25.30541012216405,13.612565445026178,29.84293193717277,10.12216404886562,16.57940663176265,3.4904013961605584,0.0,0.0,0.0,0.0,0.0,0.0,0.0,0.0,1.0471204188481675,0.0,0.0,0.0,0.0,0.0,0.0,0.0
122B,12,2B,0,0,0,0,816,816,806,10,202,83,281,85,124,22,0,0,0,0,0,0,0,0,9,0,0,0,0,0,0,0,inf,1.2254901960784315,98.77450980392157,25.06203473945409,10.297766749379653,34.86352357320099,10.54590570719603,15.384615384615385,2.729528535980149,0.0,0.0,0.0,0.0,0.0,0.0,0.0,0.0,1.1166253101736971,0.0,0.0,0.0,0.0,0.0,0.0,0.0
122C,12,2C,0,0,0,0,441,441,433,8,83,64,181,40,50,12,0,0,0,0,0,0,0,0,3,0,0,0,0,0,0,0,inf,1.8140589569160999,98.1859410430839,19.168591224018474,14.780600461893764,41.801385681293304,9.237875288683602,11.547344110854503,2.771362586605081,0.0,0.0,0.0,0.0,0.0,0.0,0.0,0.0,0.6928406466512702,0.0,0.0,0.0,0.0,0.0,0.0,0.0
122D,12,2D,0,0,0,0,471,471,465,6,95,77,158,44,69,13,0,0,0,0,0,0,0,0,9,0,0,0,0,0,0,0,inf,1.2738853503184715,98.72611464968153,20.43010752688172,16.559139784946236,33.97849462365591,9.46236559139785,14.838709677419354,2.795698924731183,0.0,0.0,0.0,0.0,0.0,0.0,0.0,0.0,1.935483870967742,0.0,0.0,0.0,0.0,0.0,0.0,0.0
122E,12,2E,0,0,0,0,701,701,692,9,139,75,194,87,150,28,0,0,0,0,0,0,0,0,19,0,0,0,0,0,0,0,inf,1.2838801711840229,98.71611982881598,20.08670520231214,10.83815028901734,28.034682080924856,12.572254335260116,21.67630057803468,4.046242774566474,0.0,0.0,0.0,0.0,0.0,0.0,0.0,0.0,2.745664739884393,0.0,0.0,0.0,0.0,0.0,0.0,0.0
122F,12,2F,0,0,0,0,643,643,639,4,147,61,228,77,102,18,0,0,0,0,0,0,0,0,6,0,0,0,0,0,0,0,inf,0.6220839813374806,99.37791601866252,23.004694835680752,9.546165884194053,35.68075117370892,12.050078247261347,15.96244131455399,2.8169014084507045,0.0,0.0,0.0,0.0,0.0,0.0,0.0,0.0,0.9389671361502347,0.0,0.0,0.0,0.0,0.0,0.0,0.0
122G,12,2G,0,0,0,0,769,769,755,14,207,84,253,74,104,23,0,0,0,0,0,0,0,0,10,0,0,0,0,0,0,0,inf,1.8205461638491547,98.17945383615084,27.417218543046356,11.125827814569536,33.50993377483444,9.801324503311259,13.774834437086092,3.0463576158940397,0.0,0.0,0.0,0.0,0.0,0.0,0.0,0.0,1.3245033112582782,0.0,0.0,0.0,0.0,0.0,0.0,0.0
122H,12,2H,0,0,0,0,609,609,598,11,137,65,192,68,109,22,0,0,0,0,0,0,0,0,5,0,0,0,0,0,0,0,inf,1.8062397372742198,98.19376026272579,22.909698996655518,10.869565217391305,32.10702341137124,11.37123745819398,18.22742474916388,3.678929765886288,0.0,0.0,0.0,0.0,0.0,0.0,0.0,0.0,0.8361204013377926,0.0,0.0,0.0,0.0,0.0,0.0,0.0
122I,12,2I,0,0,0,0,650,650,635,15,143,72,204,66,117,25,0,0,0,0,0,0,0,0,8,0,0,0,0,0,0,0,inf,2.307692307692308,97.6923076923077,22.51968503937008,11.338582677165354,32.125984251968504,10.393700787401574,18.425196850393704,3.937007874015748,0.0,0.0,0.0,0.0,0.0,0.0,0.0,0.0,1.2598425196850394,0.0,0.0,0.0,0.0,0.0,0.0,0.0
122J,12,2J,0,0,0,0,306,306,303,3,75,47,89,47,36,5,0,0,0,0,0,0,0,0,4,0,0,0,0,0,0,0,inf,0.9803921568627451,99.01960784313727,24.752475247524753,15.51155115511551,29.372937293729372,15.51155115511551,11.881188118811881,1.65016501650165,0.0,0.0,0.0,0.0,0.0,0.0,0.0,0.0,1.3201320132013201,0.0,0.0,0.0,0.0,0.0,0.0,0.0
122K,12,2K,0,0,0,0,646,646,640,6,135,83,178,93,124,19,0,0,0,0,0,0,0,0,8,0,0,0,0,0,0,0,inf,0.9287925696594427,99.07120743034056,21.09375,12.968750000000002,27.8125,14.531250000000002,19.375,2.96875,0.0,0.0,0.0,0.0,0.0,0.0,0.0,0.0,1.25,0.0,0.0,0.0,0.0,0.0,0.0,0.0
122L,12,2L,0,0,0,0,458,458,450,8,127,55,141,56,52,14,0,0,0,0,0,0,0,0,5,0,0,0,0,0,0,0,inf,1.7467248908296942,98.2532751091703,28.22222222222222,12.222222222222221,31.333333333333336,12.444444444444445,11.555555555555555,3.111111111111111,0.0,0.0,0.0,0.0,0.0,0.0,0.0,0.0,1.1111111111111112,0.0,0.0,0.0,0.0,0.0,0.0,0.0
122M,12,2M,0,0,0,0,577,577,572,5,144,86,145,91,90,12,0,0,0,0,0,0,0,0,4,0,0,0,0,0,0,0,inf,0.8665511265164645,99.13344887348353,25.174825174825177,15.034965034965033,25.34965034965035,15.909090909090908,15.734265734265735,2.097902097902098,0.0,0.0,0.0,0.0,0.0,0.0,0.0,0.0,0.6993006993006993,0.0,0.0,0.0,0.0,0.0,0.0,0.0
12301,12,301,1278,807,471,0,720,10,715,5,124,110,289,42,122,27,0,0,0,0,0,0,0,0,1,0,0,0,0,0,0,0,56.33802816901409,0.6944444444444444,99.30555555555556,17.34265734265734,15.384615384615385,40.41958041958042,5.874125874125874,17.062937062937063,3.7762237762237763,0.0,0.0,0.0,0.0,0.0,0.0,0.0,0.0,0.13986013986013987,0.0,0.0,0.0,0.0,0.0,0.0,0.0
12302,12,302,1219,768,451,0,658,8,650,8,150,86,209,54,110,37,0,0,0,0,0,0,0,0,4,0,0,0,0,0,0,0,53.978671041837565,1.21580547112462,98.78419452887537,23.076923076923077,13.230769230769232,32.15384615384615,8.307692307692308,16.923076923076923,5.6923076923076925,0.0,0.0,0.0,0.0,0.0,0.0,0.0,0.0,0.6153846153846154,0.0,0.0,0.0,0.0,0.0,0.0,0.0
12303,12,303,1055,659,396,0,541,3,532,9,116,57,169,51,123,14,0,0,0,0,0,0,0,0,2,0,0,0,0,0,0,0,51.279620853080566,1.6635859519408502,98.33641404805915,21.804511278195488,10.714285714285714,31.76691729323308,9.586466165413533,23.1203007518797,2.631578947368421,0.0,0.0,0.0,0.0,0.0,0.0,0.0,0.0,0.37593984962406013,0.0,0.0,0.0,0.0,0.0,0.0,0.0
12304,12,304,1111,620,491,0,473,10,470,3,84,80,179,37,58,31,0,0,0,0,0,0,0,0,1,0,0,0,0,0,0,0,42.57425742574257,0.6342494714587738,99.36575052854123,17.872340425531917,17.02127659574468,38.08510638297872,7.872340425531915,12.340425531914894,6.595744680851063,0.0,0.0,0.0,0.0,0.0,0.0,0.0,0.0,0.2127659574468085,0.0,0.0,0.0,0.0,0.0,0.0,0.0
12305,12,305,1215,715,500,0,608,3,606,2,104,86,235,39,118,18,0,0,0,0,0,0,0,0,6,0,0,0,0,0,0,0,50.041152263374485,0.3289473684210526,99.67105263157895,17.16171617161716,14.19141914191419,38.778877887788774,6.435643564356436,19.471947194719473,2.9702970297029703,0.0,0.0,0.0,0.0,0.0,0.0,0.0,0.0,0.9900990099009901,0.0,0.0,0.0,0.0,0.0,0.0,0.0
12306,12,306,1371,861,510,0,733,6,727,6,151,139,236,46,119,33,0,0,0,0,0,0,0,0,3,0,0,0,0,0,0,0,53.46462436177972,0.8185538881309686,99.18144611186904,20.77028885832187,19.119669876203577,32.46217331499312,6.327372764786795,16.368638239339752,4.53920220082531,0.0,0.0,0.0,0.0,0.0,0.0,0.0,0.0,0.41265474552957354,0.0,0.0,0.0,0.0,0.0,0.0,0.0
12307,12,307,1321,777,544,0,681,12,676,5,164,86,244,38,115,27,0,0,0,0,0,0,0,0,2,0,0,0,0,0,0,0,51.551854655563965,0.7342143906020557,99.26578560939795,24.2603550295858,12.721893491124261,36.09467455621302,5.621301775147929,17.011834319526628,3.9940828402366866,0.0,0.0,0.0,0.0,0.0,0.0,0.0,0.0,0.2958579881656805,0.0,0.0,0.0,0.0,0.0,0.0,0.0
12308,12,308,1237,743,494,0,654,13,643,11,149,102,229,38,97,26,0,0,0,0,0,0,0,0,2,0,0,0,0,0,0,0,52.86984640258691,1.6819571865443423,98.31804281345565,23.17262830482115,15.863141524105753,35.61430793157076,5.909797822706065,15.085536547433904,4.043545878693624,0.0,0.0,0.0,0.0,0.0,0.0,0.0,0.0,0.3110419906687403,0.0,0.0,0.0,0.0,0.0,0.0,0.0
12309,12,309,1443,973,470,0,689,10,685,4,153,95,237,63,104,30,0,0,0,0,0,0,0,0,3,0,0,0,0,0,0,0,47.74774774774775,0.5805515239477503,99.41944847605225,22.335766423357665,13.86861313868613,34.5985401459854,9.197080291970803,15.182481751824817,4.37956204379562,0.0,0.0,0.0,0.0,0.0,0.0,0.0,0.0,0.43795620437956206,0.0,0.0,0.0,0.0,0.0,0.0,0.0
12310,12,310,1198,726,472,0,644,4,642,2,129,102,210,33,132,31,0,0,0,0,0,0,0,0,5,0,0,0,0,0,0,0,53.756260434056756,0.3105590062111801,99.68944099378882,20.093457943925234,15.887850467289718,32.71028037383177,5.14018691588785,20.5607476635514,4.8286604361370715,0.0,0.0,0.0,0.0,0.0,0.0,0.0,0.0,0.778816199376947,0.0,0.0,0.0,0.0,0.0,0.0,0.0
12311,12,311,1180,666,514,0,590,14,584,6,128,91,199,29,110,21,0,0,0,0,0,0,0,0,6,0,0,0,0,0,0,0,50.0,1.0169491525423728,98.98305084745763,21.91780821917808,15.582191780821919,34.07534246575342,4.965753424657534,18.835616438356166,3.595890410958904,0.0,0.0,0.0,0.0,0.0,0.0,0.0,0.0,1.0273972602739725,0.0,0.0,0.0,0.0,0.0,0.0,0.0
12312,12,312,1329,765,564,0,623,8,615,8,121,107,230,35,101,18,0,0,0,0,0,0,0,0,3,0,0,0,0,0,0,0,46.87735139202408,1.2841091492776886,98.7158908507223,19.67479674796748,17.398373983739837,37.39837398373984,5.691056910569105,16.422764227642276,2.9268292682926833,0.0,0.0,0.0,0.0,0.0,0.0,0.0,0.0,0.4878048780487805,0.0,0.0,0.0,0.0,0.0,0.0,0.0
12313,12,313,1249,763,486,0,637,8,636,1,137,90,240,41,97,22,0,0,0,0,0,0,0,0,9,0,0,0,0,0,0,0,51.00080064051241,0.15698587127158556,99.84301412872841,21.540880503144656,14.150943396226415,37.735849056603776,6.446540880503145,15.251572327044025,3.459119496855346,0.0,0.0,0.0,0.0,0.0,0.0,0.0,0.0,1.4150943396226416,0.0,0.0,0.0,0.0,0.0,0.0,0.0
12314,12,314,1154,768,386,0,593,4,587,6,122,74,201,82,76,26,0,0,0,0,0,0,0,0,6,0,0,0,0,0,0,0,51.386481802426346,1.0118043844856661,98.98819561551433,20.783645655877343,12.60647359454855,34.241908006814306,13.969335604770016,12.947189097103918,4.429301533219761,0.0,0.0,0.0,0.0,0.0,0.0,0.0,0.0,1.0221465076660987,0.0,0.0,0.0,0.0,0.0,0.0,0.0
12315,12,315,1156,673,483,0,572,9,569,3,123,66,220,31,95,31,0,0,0,0,0,0,0,0,3,0,0,0,0,0,0,0,49.48096885813148,0.5244755244755245,99.47552447552448,21.616871704745165,11.599297012302284,38.664323374340945,5.448154657293498,16.695957820738137,5.448154657293498,0.0,0.0,0.0,0.0,0.0,0.0,0.0,0.0,0.5272407732864675,0.0,0.0,0.0,0.0,0.0,0.0,0.0
12316,12,316,1288,816,472,0,647,18,640,7,158,105,146,86,121,21,0,0,0,0,0,0,0,0,3,0,0,0,0,0,0,0,50.232919254658384,1.0819165378670788,98.91808346213293,24.6875,16.40625,22.8125,13.4375,18.90625,3.28125,0.0,0.0,0.0,0.0,0.0,0.0,0.0,0.0,0.46875,0.0,0.0,0.0,0.0,0.0,0.0,0.0
12317,12,317,1373,875,498,0,630,7,625,5,144,86,186,60,118,26,0,0,0,0,0,0,0,0,5,0,0,0,0,0,0,0,45.884923525127455,0.7936507936507936,99.20634920634922,23.04,13.76,29.759999999999998,9.6,18.88,4.16,0.0,0.0,0.0,0.0,0.0,0.0,0.0,0.0,0.8,0.0,0.0,0.0,0.0,0.0,0.0,0.0
12318,12,318,1168,730,438,0,632,8,627,5,97,102,247,57,79,43,0,0,0,0,0,0,0,0,2,0,0,0,0,0,0,0,54.109589041095894,0.7911392405063291,99.20886075949366,15.47049441786284,16.267942583732058,39.39393939393939,9.090909090909092,12.599681020733652,6.8580542264752795,0.0,0.0,0.0,0.0,0.0,0.0,0.0,0.0,0.3189792663476874,0.0,0.0,0.0,0.0,0.0,0.0,0.0
12319,12,319,1232,922,310,0,588,10,574,14,138,20,149,79,162,21,0,0,0,0,0,0,0,0,5,0,0,0,0,0,0,0,47.72727272727273,2.380952380952381,97.61904761904762,24.041811846689896,3.484320557491289,25.958188153310104,13.763066202090593,28.222996515679444,3.6585365853658534,0.0,0.0,0.0,0.0,0.0,0.0,0.0,0.0,0.8710801393728222,0.0,0.0,0.0,0.0,0.0,0.0,0.0
12320,12,320,1211,899,312,0,560,3,543,17,133,35,102,99,146,20,0,0,0,0,0,0,0,0,8,0,0,0,0,0,0,0,46.24277456647399,3.0357142857142856,96.96428571428571,24.49355432780847,6.445672191528545,18.784530386740332,18.23204419889503,26.887661141804784,3.683241252302026,0.0,0.0,0.0,0.0,0.0,0.0,0.0,0.0,1.4732965009208103,0.0,0.0,0.0,0.0,0.0,0.0,0.0
12321,12,321,1261,949,312,0,662,11,651,11,134,68,132,89,202,21,0,0,0,0,0,0,0,0,5,0,0,0,0,0,0,0,52.49801744647106,1.6616314199395772,98.33836858006042,20.583717357910906,10.44546850998464,20.276497695852534,13.671274961597543,31.02918586789555,3.225806451612903,0.0,0.0,0.0,0.0,0.0,0.0,0.0,0.0,0.7680491551459293,0.0,0.0,0.0,0.0,0.0,0.0,0.0
12322,12,322,1325,949,376,0,682,5,668,14,139,56,137,105,201,19,0,0,0,0,0,0,0,0,11,0,0,0,0,0,0,0,51.471698113207545,2.0527859237536656,97.94721407624634,20.808383233532936,8.383233532934131,20.508982035928145,15.718562874251496,30.08982035928144,2.844311377245509,0.0,0.0,0.0,0.0,0.0,0.0,0.0,0.0,1.6467065868263475,0.0,0.0,0.0,0.0,0.0,0.0,0.0
12323,12,323,1057,655,402,0,576,10,571,5,109,90,214,36,100,16,0,0,0,0,0,0,0,0,6,0,0,0,0,0,0,0,54.493850520340594,0.8680555555555556,99.13194444444444,19.089316987740805,15.761821366024517,37.478108581436075,6.304728546409807,17.513134851138354,2.8021015761821366,0.0,0.0,0.0,0.0,0.0,0.0,0.0,0.0,1.0507880910683012,0.0,0.0,0.0,0.0,0.0,0.0,0.0
12324,12,324,255,191,64,0,156,2,156,0,35,18,48,13,36,6,0,0,0,0,0,0,0,0,0,0,0,0,0,0,0,0,61.1764705882353,0.0,100.0,22.435897435897438,11.538461538461538,30.76923076923077,8.333333333333332,23.076923076923077,3.8461538461538463,0.0,0.0,0.0,0.0,0.0,0.0,0.0,0.0,0.0,0.0,0.0,0.0,0.0,0.0,0.0,0.0
12325,12,325,1195,774,421,0,604,0,599,5,138,92,202,52,93,20,0,0,0,0,0,0,0,0,2,0,0,0,0,0,0,0,50.54393305439331,0.8278145695364238,99.17218543046357,23.03839732888147,15.358931552587645,33.7228714524207,8.681135225375627,15.525876460767945,3.33889816360601,0.0,0.0,0.0,0.0,0.0,0.0,0.0,0.0,0.333889816360601,0.0,0.0,0.0,0.0,0.0,0.0,0.0
123A,12,3A,0,0,0,0,433,433,430,3,88,70,174,17,42,34,0,0,0,0,0,0,0,0,5,0,0,0,0,0,0,0,inf,0.6928406466512702,99.30715935334872,20.46511627906977,16.27906976744186,40.46511627906977,3.953488372093023,9.767441860465116,7.906976744186046,0.0,0.0,0.0,0.0,0.0,0.0,0.0,0.0,1.1627906976744187,0.0,0.0,0.0,0.0,0.0,0.0,0.0
123B,12,3B,0,0,0,0,801,801,795,6,165,112,321,47,103,36,0,0,0,0,0,0,0,0,11,0,0,0,0,0,0,0,inf,0.7490636704119851,99.25093632958801,20.754716981132077,14.08805031446541,40.37735849056604,5.911949685534592,12.955974842767295,4.528301886792453,0.0,0.0,0.0,0.0,0.0,0.0,0.0,0.0,1.3836477987421385,0.0,0.0,0.0,0.0,0.0,0.0,0.0
123C,12,3C,0,0,0,0,477,477,472,5,100,78,212,26,40,13,0,0,0,0,0,0,0,0,3,0,0,0,0,0,0,0,inf,1.0482180293501049,98.9517819706499,21.1864406779661,16.52542372881356,44.91525423728814,5.508474576271186,8.47457627118644,2.754237288135593,0.0,0.0,0.0,0.0,0.0,0.0,0.0,0.0,0.6355932203389831,0.0,0.0,0.0,0.0,0.0,0.0,0.0
123D,12,3D,0,0,0,0,890,890,882,8,204,179,317,72,68,34,0,0,0,0,0,0,0,0,8,0,0,0,0,0,0,0,inf,0.8988764044943821,99.10112359550561,23.12925170068027,20.294784580498867,35.941043083900226,8.16326530612245,7.709750566893423,3.8548752834467117,0.0,0.0,0.0,0.0,0.0,0.0,0.0,0.0,0.9070294784580499,0.0,0.0,0.0,0.0,0.0,0.0,0.0
123E,12,3E,0,0,0,0,463,463,457,6,117,66,177,38,41,14,0,0,0,0,0,0,0,0,4,0,0,0,0,0,0,0,inf,1.2958963282937366,98.70410367170626,25.601750547045953,14.442013129102845,38.7308533916849,8.315098468271334,8.971553610503284,3.063457330415755,0.0,0.0,0.0,0.0,0.0,0.0,0.0,0.0,0.87527352297593,0.0,0.0,0.0,0.0,0.0,0.0,0.0
123F,12,3F,0,0,0,0,504,504,500,4,119,75,210,31,37,26,0,0,0,0,0,0,0,0,2,0,0,0,0,0,0,0,inf,0.7936507936507936,99.20634920634922,23.799999999999997,15.0,42.0,6.2,7.3999999999999995,5.2,0.0,0.0,0.0,0.0,0.0,0.0,0.0,0.0,0.4,0.0,0.0,0.0,0.0,0.0,0.0,0.0
123G,12,3G,0,0,0,0,479,479,472,7,95,82,191,26,61,15,0,0,0,0,0,0,0,0,2,0,0,0,0,0,0,0,inf,1.4613778705636742,98.53862212943632,20.127118644067796,17.372881355932204,40.46610169491525,5.508474576271186,12.923728813559322,3.1779661016949152,0.0,0.0,0.0,0.0,0.0,0.0,0.0,0.0,0.423728813559322,0.0,0.0,0.0,0.0,0.0,0.0,0.0
123H,12,3H,0,0,0,0,455,455,453,2,99,75,197,19,39,18,0,0,0,0,0,0,0,0,6,0,0,0,0,0,0,0,inf,0.43956043956043955,99.56043956043956,21.85430463576159,16.55629139072848,43.4878587196468,4.194260485651214,8.609271523178808,3.9735099337748347,0.0,0.0,0.0,0.0,0.0,0.0,0.0,0.0,1.3245033112582782,0.0,0.0,0.0,0.0,0.0,0.0,0.0
123I,12,3I,0,0,0,0,777,777,774,3,167,122,325,45,70,42,0,0,0,0,0,0,0,0,3,0,0,0,0,0,0,0,inf,0.3861003861003861,99.61389961389962,21.57622739018088,15.762273901808785,41.98966408268734,5.813953488372093,9.043927648578812,5.426356589147287,0.0,0.0,0.0,0.0,0.0,0.0,0.0,0.0,0.3875968992248062,0.0,0.0,0.0,0.0,0.0,0.0,0.0
123J,12,3J,0,0,0,0,785,785,784,1,191,138,277,76,70,29,0,0,0,0,0,0,0,0,3,0,0,0,0,0,0,0,inf,0.12738853503184713,99.87261146496816,24.362244897959183,17.602040816326532,35.33163265306122,9.693877551020408,8.928571428571429,3.6989795918367347,0.0,0.0,0.0,0.0,0.0,0.0,0.0,0.0,0.3826530612244898,0.0,0.0,0.0,0.0,0.0,0.0,0.0
123K,12,3K,0,0,0,0,736,736,725,11,174,121,221,75,99,27,0,0,0,0,0,0,0,0,8,0,0,0,0,0,0,0,inf,1.4945652173913044,98.50543478260869,24.0,16.689655172413794,30.482758620689655,10.344827586206897,13.655172413793103,3.724137931034482,0.0,0.0,0.0,0.0,0.0,0.0,0.0,0.0,1.103448275862069,0.0,0.0,0.0,0.0,0.0,0.0,0.0
123L,12,3L,0,0,0,0,329,329,321,8,85,41,108,39,40,8,0,0,0,0,0,0,0,0,0,0,0,0,0,0,0,0,inf,2.43161094224924,97.56838905775076,26.479750778816197,12.77258566978193,33.64485981308411,12.149532710280374,12.461059190031152,2.4922118380062304,0.0,0.0,0.0,0.0,0.0,0.0,0.0,0.0,0.0,0.0,0.0,0.0,0.0,0.0,0.0,0.0
123M,12,3M,0,0,0,0,638,638,634,4,158,68,209,67,107,16,0,0,0,0,0,0,0,0,9,0,0,0,0,0,0,0,inf,0.6269592476489028,99.37304075235109,24.9211356466877,10.725552050473187,32.965299684542586,10.56782334384858,16.876971608832807,2.5236593059936907,0.0,0.0,0.0,0.0,0.0,0.0,0.0,0.0,1.4195583596214512,0.0,0.0,0.0,0.0,0.0,0.0,0.0
123N,12,3N,0,0,0,0,396,396,393,3,94,69,156,20,41,11,0,0,0,0,0,0,0,0,2,0,0,0,0,0,0,0,inf,0.7575757575757576,99.24242424242425,23.918575063613233,17.557251908396946,39.69465648854962,5.089058524173027,10.432569974554708,2.7989821882951653,0.0,0.0,0.0,0.0,0.0,0.0,0.0,0.0,0.5089058524173028,0.0,0.0,0.0,0.0,0.0,0.0,0.0
123P,12,3P,0,0,0,0,456,456,454,2,110,74,192,20,31,25,0,0,0,0,0,0,0,0,2,0,0,0,0,0,0,0,inf,0.43859649122807015,99.56140350877193,24.229074889867842,16.299559471365637,42.290748898678416,4.405286343612335,6.828193832599119,5.506607929515418,0.0,0.0,0.0,0.0,0.0,0.0,0.0,0.0,0.4405286343612335,0.0,0.0,0.0,0.0,0.0,0.0,0.0
123Q,12,3Q,0,0,0,0,473,473,467,6,102,80,183,32,42,24,0,0,0,0,0,0,0,0,4,0,0,0,0,0,0,0,inf,1.2684989429175475,98.73150105708245,21.841541755888652,17.130620985010705,39.186295503211994,6.852248394004283,8.993576017130621,5.139186295503212,0.0,0.0,0.0,0.0,0.0,0.0,0.0,0.0,0.8565310492505354,0.0,0.0,0.0,0.0,0.0,0.0,0.0
123R,12,3R,0,0,0,0,531,531,524,7,128,83,209,28,52,24,0,0,0,0,0,0,0,0,0,0,0,0,0,0,0,0,inf,1.3182674199623352,98.68173258003766,24.427480916030532,15.839694656488549,39.88549618320611,5.343511450381679,9.923664122137405,4.580152671755725,0.0,0.0,0.0,0.0,0.0,0.0,0.0,0.0,0.0,0.0,0.0,0.0,0.0,0.0,0.0,0.0
123S,12,3S,0,0,0,0,447,447,446,1,85,68,185,24,60,17,0,0,0,0,0,0,0,0,7,0,0,0,0,0,0,0,inf,0.22371364653243847,99.77628635346755,19.05829596412556,15.246636771300448,41.47982062780269,5.381165919282512,13.452914798206278,3.811659192825112,0.0,0.0,0.0,0.0,0.0,0.0,0.0,0.0,1.5695067264573992,0.0,0.0,0.0,0.0,0.0,0.0,0.0
12401,12,401,1484,921,563,0,766,8,760,6,158,180,207,64,117,31,0,0,0,0,0,0,0,0,3,0,0,0,0,0,0,0,51.61725067385444,0.7832898172323759,99.21671018276761,20.789473684210527,23.684210526315788,27.236842105263158,8.421052631578947,15.394736842105264,4.078947368421053,0.0,0.0,0.0,0.0,0.0,0.0,0.0,0.0,0.39473684210526316,0.0,0.0,0.0,0.0,0.0,0.0,0.0
12402,12,402,1187,737,450,0,555,4,547,8,112,88,142,71,107,23,0,0,0,0,0,0,0,0,4,0,0,0,0,0,0,0,46.75652906486942,1.4414414414414414,98.55855855855856,20.47531992687386,16.087751371115175,25.95978062157221,12.979890310786105,19.561243144424132,4.204753199268739,0.0,0.0,0.0,0.0,0.0,0.0,0.0,0.0,0.7312614259597806,0.0,0.0,0.0,0.0,0.0,0.0,0.0
12403,12,403,1249,791,458,0,580,5,570,10,119,84,155,68,125,16,0,0,0,0,0,0,0,0,3,0,0,0,0,0,0,0,46.437149719775825,1.7241379310344827,98.27586206896551,20.87719298245614,14.736842105263156,27.192982456140353,11.929824561403509,21.929824561403507,2.807017543859649,0.0,0.0,0.0,0.0,0.0,0.0,0.0,0.0,0.5263157894736842,0.0,0.0,0.0,0.0,0.0,0.0,0.0
12404,12,404,1140,879,261,0,512,2,504,8,115,24,108,95,149,8,0,0,0,0,0,0,0,0,5,0,0,0,0,0,0,0,44.91228070175438,1.5625,98.4375,22.817460317460316,4.761904761904762,21.428571428571427,18.849206349206348,29.563492063492063,1.5873015873015872,0.0,0.0,0.0,0.0,0.0,0.0,0.0,0.0,0.992063492063492,0.0,0.0,0.0,0.0,0.0,0.0,0.0
12405,12,405,1190,941,249,0,589,6,581,8,112,38,121,106,190,12,0,0,0,0,0,0,0,0,2,0,0,0,0,0,0,0,49.49579831932773,1.3582342954159592,98.64176570458405,19.27710843373494,6.540447504302927,20.82616179001721,18.244406196213426,32.70223752151463,2.0654044750430294,0.0,0.0,0.0,0.0,0.0,0.0,0.0,0.0,0.34423407917383825,0.0,0.0,0.0,0.0,0.0,0.0,0.0
12406,12,406,1288,870,418,0,593,4,587,6,138,87,145,88,106,21,0,0,0,0,0,0,0,0,2,0,0,0,0,0,0,0,46.04037267080746,1.0118043844856661,98.98819561551433,23.509369676320272,14.821124361158432,24.701873935264054,14.991482112436117,18.05792163543441,3.577512776831346,0.0,0.0,0.0,0.0,0.0,0.0,0.0,0.0,0.34071550255536626,0.0,0.0,0.0,0.0,0.0,0.0,0.0
12407,12,407,1114,651,463,0,539,6,535,4,117,96,144,41,115,20,0,0,0,0,0,0,0,0,2,0,0,0,0,0,0,0,48.38420107719928,0.7421150278293136,99.25788497217069,21.869158878504674,17.94392523364486,26.91588785046729,7.663551401869159,21.49532710280374,3.7383177570093453,0.0,0.0,0.0,0.0,0.0,0.0,0.0,0.0,0.3738317757009346,0.0,0.0,0.0,0.0,0.0,0.0,0.0
12408,12,408,1484,920,564,0,788,13,783,5,186,134,232,88,110,30,0,0,0,0,0,0,0,0,3,0,0,0,0,0,0,0,53.09973045822103,0.6345177664974619,99.36548223350253,23.754789272030653,17.11366538952746,29.629629629629626,11.23882503192848,14.048531289910601,3.8314176245210727,0.0,0.0,0.0,0.0,0.0,0.0,0.0,0.0,0.38314176245210724,0.0,0.0,0.0,0.0,0.0,0.0,0.0
12409,12,409,1340,828,512,0,608,5,600,8,134,71,182,72,110,25,0,0,0,0,0,0,0,0,6,0,0,0,0,0,0,0,45.37313432835821,1.3157894736842104,98.68421052631578,22.333333333333332,11.833333333333334,30.333333333333336,12.0,18.333333333333332,4.166666666666666,0.0,0.0,0.0,0.0,0.0,0.0,0.0,0.0,1.0,0.0,0.0,0.0,0.0,0.0,0.0,0.0
12410,12,410,988,735,253,0,544,5,537,7,122,28,172,54,137,18,0,0,0,0,0,0,0,0,6,0,0,0,0,0,0,0,55.06072874493927,1.2867647058823528,98.71323529411765,22.71880819366853,5.21415270018622,32.02979515828678,10.05586592178771,25.512104283054004,3.35195530726257,0.0,0.0,0.0,0.0,0.0,0.0,0.0,0.0,1.1173184357541899,0.0,0.0,0.0,0.0,0.0,0.0,0.0
12411,12,411,884,632,252,0,446,5,441,5,93,24,141,51,101,25,0,0,0,0,0,0,0,0,6,0,0,0,0,0,0,0,50.452488687782804,1.1210762331838564,98.87892376681614,21.08843537414966,5.442176870748299,31.97278911564626,11.564625850340136,22.90249433106576,5.6689342403628125,0.0,0.0,0.0,0.0,0.0,0.0,0.0,0.0,1.3605442176870748,0.0,0.0,0.0,0.0,0.0,0.0,0.0
12412,12,412,1300,890,410,0,708,7,695,13,154,99,185,81,152,19,0,0,0,0,0,0,0,0,5,0,0,0,0,0,0,0,54.46153846153846,1.8361581920903955,98.1638418079096,22.15827338129496,14.244604316546763,26.618705035971225,11.654676258992806,21.8705035971223,2.7338129496402876,0.0,0.0,0.0,0.0,0.0,0.0,0.0,0.0,0.7194244604316548,0.0,0.0,0.0,0.0,0.0,0.0,0.0
12413,12,413,1261,675,586,0,566,3,561,5,122,80,195,51,86,26,0,0,0,0,0,0,0,0,1,0,0,0,0,0,0,0,44.88501189532118,0.88339222614841,99.1166077738516,21.74688057040998,14.260249554367203,34.75935828877005,9.090909090909092,15.32976827094474,4.634581105169341,0.0,0.0,0.0,0.0,0.0,0.0,0.0,0.0,0.17825311942959002,0.0,0.0,0.0,0.0,0.0,0.0,0.0
12414,12,414,1379,868,511,0,643,8,631,12,154,99,174,71,116,17,0,0,0,0,0,0,0,0,0,0,0,0,0,0,0,0,46.62799129804206,1.8662519440124419,98.13374805598755,24.405705229793977,15.689381933438987,27.575277337559427,11.251980982567353,18.38351822503962,2.694136291600634,0.0,0.0,0.0,0.0,0.0,0.0,0.0,0.0,0.0,0.0,0.0,0.0,0.0,0.0,0.0,0.0
12415,12,415,1323,876,447,0,654,4,646,8,160,96,149,87,128,23,0,0,0,0,0,0,0,0,3,0,0,0,0,0,0,0,49.43310657596372,1.2232415902140672,98.77675840978594,24.76780185758514,14.860681114551083,23.06501547987616,13.46749226006192,19.814241486068113,3.560371517027864,0.0,0.0,0.0,0.0,0.0,0.0,0.0,0.0,0.46439628482972134,0.0,0.0,0.0,0.0,0.0,0.0,0.0
12416,12,416,1304,891,413,0,643,9,632,11,133,46,174,75,170,23,0,0,0,0,0,0,0,0,11,0,0,0,0,0,0,0,49.309815950920246,1.7107309486780715,98.28926905132192,21.044303797468356,7.2784810126582276,27.531645569620256,11.867088607594937,26.89873417721519,3.6392405063291138,0.0,0.0,0.0,0.0,0.0,0.0,0.0,0.0,1.740506329113924,0.0,0.0,0.0,0.0,0.0,0.0,0.0
12417,12,417,1344,789,555,0,585,4,570,15,169,69,168,42,98,19,0,0,0,0,0,0,0,0,5,0,0,0,0,0,0,0,43.526785714285715,2.564102564102564,97.43589743589743,29.64912280701754,12.105263157894736,29.47368421052631,7.368421052631578,17.192982456140353,3.3333333333333335,0.0,0.0,0.0,0.0,0.0,0.0,0.0,0.0,0.8771929824561403,0.0,0.0,0.0,0.0,0.0,0.0,0.0
12418,12,418,1354,1001,353,0,633,6,618,15,134,58,158,99,151,13,0,0,0,0,0,0,0,0,5,0,0,0,0,0,0,0,46.75036927621861,2.3696682464454977,97.6303317535545,21.68284789644013,9.385113268608414,25.5663430420712,16.019417475728158,24.433656957928804,2.103559870550162,0.0,0.0,0.0,0.0,0.0,0.0,0.0,0.0,0.8090614886731391,0.0,0.0,0.0,0.0,0.0,0.0,0.0
12419,12,419,1394,960,434,0,613,7,600,13,132,62,182,56,137,27,0,0,0,0,0,0,0,0,4,0,0,0,0,0,0,0,43.97417503586801,2.1207177814029365,97.87928221859707,22.0,10.333333333333334,30.333333333333336,9.333333333333334,22.833333333333332,4.5,0.0,0.0,0.0,0.0,0.0,0.0,0.0,0.0,0.6666666666666667,0.0,0.0,0.0,0.0,0.0,0.0,0.0
12420,12,420,1261,856,405,0,635,7,625,10,124,58,149,84,181,19,0,0,0,0,0,0,0,0,10,0,0,0,0,0,0,0,50.35685963521015,1.574803149606299,98.4251968503937,19.84,9.28,23.84,13.44,28.96,3.04,0.0,0.0,0.0,0.0,0.0,0.0,0.0,0.0,1.6,0.0,0.0,0.0,0.0,0.0,0.0,0.0
12421,12,421,1087,773,314,0,642,8,632,10,124,68,214,47,156,18,0,0,0,0,0,0,0,0,5,0,0,0,0,0,0,0,59.06163753449862,1.557632398753894,98.4423676012461,19.62025316455696,10.759493670886076,33.860759493670884,7.436708860759493,24.68354430379747,2.848101265822785,0.0,0.0,0.0,0.0,0.0,0.0,0.0,0.0,0.7911392405063291,0.0,0.0,0.0,0.0,0.0,0.0,0.0
12422,12,422,1125,812,313,0,614,2,605,9,120,61,179,68,151,19,0,0,0,0,0,0,0,0,7,0,0,0,0,0,0,0,54.57777777777778,1.4657980456026058,98.53420195439739,19.834710743801654,10.082644628099173,29.586776859504134,11.239669421487603,24.958677685950413,3.1404958677685952,0.0,0.0,0.0,0.0,0.0,0.0,0.0,0.0,1.1570247933884297,0.0,0.0,0.0,0.0,0.0,0.0,0.0
12423,12,423,1283,905,378,0,641,9,632,9,124,88,164,84,150,18,0,0,0,0,0,0,0,0,4,0,0,0,0,0,0,0,49.961028838659395,1.40405616224649,98.59594383775351,19.62025316455696,13.924050632911392,25.949367088607595,13.291139240506327,23.734177215189874,2.848101265822785,0.0,0.0,0.0,0.0,0.0,0.0,0.0,0.0,0.6329113924050633,0.0,0.0,0.0,0.0,0.0,0.0,0.0
12424,12,424,1419,977,442,0,523,10,506,17,111,46,145,45,139,17,0,0,0,0,0,0,0,0,3,0,0,0,0,0,0,0,36.8569415081043,3.2504780114722758,96.74952198852772,21.936758893280633,9.090909090909092,28.65612648221344,8.893280632411066,27.4703557312253,3.3596837944664033,0.0,0.0,0.0,0.0,0.0,0.0,0.0,0.0,0.592885375494071,0.0,0.0,0.0,0.0,0.0,0.0,0.0
12425,12,425,964,681,283,0,562,3,555,7,124,63,173,59,116,18,0,0,0,0,0,0,0,0,2,0,0,0,0,0,0,0,58.298755186722,1.2455516014234875,98.75444839857651,22.34234234234234,11.351351351351353,31.17117117117117,10.63063063063063,20.9009009009009,3.2432432432432434,0.0,0.0,0.0,0.0,0.0,0.0,0.0,0.0,0.36036036036036034,0.0,0.0,0.0,0.0,0.0,0.0,0.0
12426,12,426,895,633,262,0,391,1,388,3,77,38,121,55,72,20,0,0,0,0,0,0,0,0,5,0,0,0,0,0,0,0,43.687150837988824,0.7672634271099744,99.23273657289002,19.84536082474227,9.793814432989691,31.185567010309278,14.175257731958762,18.556701030927837,5.154639175257731,0.0,0.0,0.0,0.0,0.0,0.0,0.0,0.0,1.2886597938144329,0.0,0.0,0.0,0.0,0.0,0.0,0.0
12427,12,427,1152,785,367,0,514,5,504,10,126,35,121,63,134,17,0,0,0,0,0,0,0,0,8,0,0,0,0,0,0,0,44.61805555555556,1.9455252918287937,98.0544747081712,25.0,6.944444444444445,24.00793650793651,12.5,26.58730158730159,3.373015873015873,0.0,0.0,0.0,0.0,0.0,0.0,0.0,0.0,1.5873015873015872,0.0,0.0,0.0,0.0,0.0,0.0,0.0
124A,12,4A,0,0,0,0,537,537,534,3,119,132,200,37,29,15,0,0,0,0,0,0,0,0,2,0,0,0,0,0,0,0,inf,0.5586592178770949,99.4413407821229,22.284644194756552,24.719101123595504,37.453183520599254,6.928838951310862,5.430711610486892,2.8089887640449436,0.0,0.0,0.0,0.0,0.0,0.0,0.0,0.0,0.37453183520599254,0.0,0.0,0.0,0.0,0.0,0.0,0.0
124B,12,4B,0,0,0,0,658,658,639,19,165,83,236,41,82,29,0,0,0,0,0,0,0,0,3,0,0,0,0,0,0,0,inf,2.8875379939209727,97.11246200607903,25.821596244131456,12.989045383411579,36.93270735524257,6.416275430359937,12.832550860719873,4.538341158059469,0.0,0.0,0.0,0.0,0.0,0.0,0.0,0.0,0.4694835680751174,0.0,0.0,0.0,0.0,0.0,0.0,0.0
124C,12,4C,0,0,0,0,461,461,455,6,112,42,133,48,90,18,0,0,0,0,0,0,0,0,12,0,0,0,0,0,0,0,inf,1.3015184381778742,98.69848156182212,24.615384615384617,9.230769230769232,29.230769230769234,10.54945054945055,19.78021978021978,3.9560439560439558,0.0,0.0,0.0,0.0,0.0,0.0,0.0,0.0,2.6373626373626373,0.0,0.0,0.0,0.0,0.0,0.0,0.0
124D,12,4D,0,0,0,0,774,774,767,7,185,134,249,75,85,29,0,0,0,0,0,0,0,0,10,0,0,0,0,0,0,0,inf,0.9043927648578811,99.09560723514211,24.11994784876141,17.470664928292045,32.46414602346806,9.778357235984354,11.082138200782268,3.780964797913951,0.0,0.0,0.0,0.0,0.0,0.0,0.0,0.0,1.303780964797914,0.0,0.0,0.0,0.0,0.0,0.0,0.0
124E,12,4E,0,0,0,0,441,441,434,7,118,72,134,36,48,23,0,0,0,0,0,0,0,0,3,0,0,0,0,0,0,0,inf,1.5873015873015872,98.4126984126984,27.188940092165897,16.589861751152075,30.87557603686636,8.294930875576037,11.059907834101383,5.299539170506913,0.0,0.0,0.0,0.0,0.0,0.0,0.0,0.0,0.6912442396313364,0.0,0.0,0.0,0.0,0.0,0.0,0.0
124F,12,4F,0,0,0,0,1004,1004,990,14,230,157,342,99,108,48,0,0,0,0,0,0,0,0,6,0,0,0,0,0,0,0,inf,1.394422310756972,98.60557768924303,23.232323232323232,15.858585858585858,34.54545454545455,10.0,10.909090909090908,4.848484848484849,0.0,0.0,0.0,0.0,0.0,0.0,0.0,0.0,0.6060606060606061,0.0,0.0,0.0,0.0,0.0,0.0,0.0
124G,12,4G,0,0,0,0,638,638,632,6,144,73,232,53,93,29,0,0,0,0,0,0,0,0,8,0,0,0,0,0,0,0,inf,0.9404388714733543,99.05956112852664,22.78481012658228,11.550632911392405,36.708860759493675,8.38607594936709,14.715189873417723,4.588607594936709,0.0,0.0,0.0,0.0,0.0,0.0,0.0,0.0,1.2658227848101267,0.0,0.0,0.0,0.0,0.0,0.0,0.0
124H,12,4H,0,0,0,0,814,814,800,14,188,127,276,78,102,24,0,0,0,0,0,0,0,0,5,0,0,0,0,0,0,0,inf,1.71990171990172,98.28009828009829,23.5,15.875,34.5,9.75,12.75,3.0,0.0,0.0,0.0,0.0,0.0,0.0,0.0,0.0,0.625,0.0,0.0,0.0,0.0,0.0,0.0,0.0
124I,12,4I,0,0,0,0,760,760,753,7,212,101,200,72,130,22,0,0,0,0,0,0,0,0,16,0,0,0,0,0,0,0,inf,0.9210526315789472,99.07894736842105,28.15405046480744,13.41301460823373,26.560424966799467,9.56175298804781,17.264276228419657,2.921646746347941,0.0,0.0,0.0,0.0,0.0,0.0,0.0,0.0,2.1248339973439574,0.0,0.0,0.0,0.0,0.0,0.0,0.0
124J,12,4J,0,0,0,0,524,524,517,7,136,81,205,29,46,15,0,0,0,0,0,0,0,0,5,0,0,0,0,0,0,0,inf,1.3358778625954197,98.66412213740458,26.305609284332686,15.667311411992262,39.65183752417795,5.609284332688588,8.897485493230175,2.9013539651837523,0.0,0.0,0.0,0.0,0.0,0.0,0.0,0.0,0.9671179883945842,0.0,0.0,0.0,0.0,0.0,0.0,0.0
124K,12,4K,0,0,0,0,636,636,627,9,107,110,241,50,86,24,0,0,0,0,0,0,0,0,9,0,0,0,0,0,0,0,inf,1.4150943396226416,98.58490566037736,17.065390749601274,17.543859649122805,38.43700159489633,7.974481658692185,13.716108452950559,3.827751196172249,0.0,0.0,0.0,0.0,0.0,0.0,0.0,0.0,1.4354066985645932,0.0,0.0,0.0,0.0,0.0,0.0,0.0
124L,12,4L,0,0,0,0,532,532,529,3,125,69,190,52,66,19,0,0,0,0,0,0,0,0,8,0,0,0,0,0,0,0,inf,0.5639097744360901,99.43609022556392,23.629489603024574,13.043478260869565,35.916824196597354,9.829867674858223,12.476370510396976,3.5916824196597354,0.0,0.0,0.0,0.0,0.0,0.0,0.0,0.0,1.5122873345935728,0.0,0.0,0.0,0.0,0.0,0.0,0.0
124M,12,4M,0,0,0,0,667,667,657,10,171,75,234,57,94,20,0,0,0,0,0,0,0,0,6,0,0,0,0,0,0,0,inf,1.4992503748125936,98.50074962518741,26.027397260273972,11.415525114155251,35.61643835616438,8.67579908675799,14.30745814307458,3.0441400304414,0.0,0.0,0.0,0.0,0.0,0.0,0.0,0.0,0.91324200913242,0.0,0.0,0.0,0.0,0.0,0.0,0.0
124N,12,4N,0,0,0,0,759,759,749,10,197,119,209,98,89,25,0,0,0,0,0,0,0,0,12,0,0,0,0,0,0,0,inf,1.3175230566534915,98.68247694334651,26.301735647530037,15.887850467289718,27.903871829105476,13.084112149532709,11.882510013351135,3.337783711615487,0.0,0.0,0.0,0.0,0.0,0.0,0.0,0.0,1.602136181575434,0.0,0.0,0.0,0.0,0.0,0.0,0.0
124P,12,4P,0,0,0,0,422,422,418,4,89,78,150,39,40,20,0,0,0,0,0,0,0,0,2,0,0,0,0,0,0,0,inf,0.9478672985781991,99.0521327014218,21.291866028708135,18.660287081339714,35.88516746411483,9.330143540669857,9.569377990430622,4.784688995215311,0.0,0.0,0.0,0.0,0.0,0.0,0.0,0.0,0.4784688995215311,0.0,0.0,0.0,0.0,0.0,0.0,0.0
124Q,12,4Q,0,0,0,0,550,550,545,5,94,83,258,29,64,13,0,0,0,0,0,0,0,0,4,0,0,0,0,0,0,0,inf,0.9090909090909091,99.0909090909091,17.24770642201835,15.229357798165138,47.33944954128441,5.321100917431193,11.743119266055047,2.385321100917431,0.0,0.0,0.0,0.0,0.0,0.0,0.0,0.0,0.7339449541284404,0.0,0.0,0.0,0.0,0.0,0.0,0.0
12501,12,501,1181,728,453,0,615,4,612,3,124,96,185,48,130,26,0,0,0,0,0,0,0,0,3,0,0,0,0,0,0,0,52.07451312447079,0.4878048780487805,99.51219512195122,20.26143790849673,15.686274509803921,30.22875816993464,7.8431372549019605,21.241830065359476,4.248366013071895,0.0,0.0,0.0,0.0,0.0,0.0,0.0,0.0,0.49019607843137253,0.0,0.0,0.0,0.0,0.0,0.0,0.0
12502,12,502,1224,711,513,0,570,7,563,7,99,65,177,31,156,26,0,0,0,0,0,0,0,0,9,0,0,0,0,0,0,0,46.568627450980394,1.2280701754385965,98.7719298245614,17.584369449378332,11.545293072824157,31.438721136767317,5.506216696269982,27.708703374777976,4.618117229129663,0.0,0.0,0.0,0.0,0.0,0.0,0.0,0.0,1.5985790408525755,0.0,0.0,0.0,0.0,0.0,0.0,0.0
12503,12,503,1323,784,539,0,639,6,628,11,115,86,201,57,140,26,0,0,0,0,0,0,0,0,3,0,0,0,0,0,0,0,48.29931972789115,1.7214397496087637,98.27856025039124,18.312101910828023,13.694267515923567,32.00636942675159,9.076433121019107,22.29299363057325,4.140127388535031,0.0,0.0,0.0,0.0,0.0,0.0,0.0,0.0,0.47770700636942676,0.0,0.0,0.0,0.0,0.0,0.0,0.0
12504,12,504,1234,952,282,0,552,4,540,12,111,28,117,101,157,18,0,0,0,0,0,0,0,0,8,0,0,0,0,0,0,0,44.73257698541329,2.1739130434782608,97.82608695652173,20.555555555555554,5.185185185185185,21.666666666666668,18.703703703703702,29.074074074074076,3.3333333333333335,0.0,0.0,0.0,0.0,0.0,0.0,0.0,0.0,1.4814814814814816,0.0,0.0,0.0,0.0,0.0,0.0,0.0
12505,12,505,870,599,271,0,436,3,425,11,89,24,135,38,127,9,0,0,0,0,0,0,0,0,3,0,0,0,0,0,0,0,50.114942528735625,2.522935779816514,97.47706422018348,20.941176470588236,5.647058823529412,31.76470588235294,8.941176470588236,29.88235294117647,2.1176470588235294,0.0,0.0,0.0,0.0,0.0,0.0,0.0,0.0,0.7058823529411765,0.0,0.0,0.0,0.0,0.0,0.0,0.0
12506,12,506,836,642,194,0,446,2,435,11,71,16,149,50,135,9,0,0,0,0,0,0,0,0,5,0,0,0,0,0,0,0,53.34928229665071,2.4663677130044843,97.53363228699553,16.32183908045977,3.67816091954023,34.25287356321839,11.494252873563218,31.03448275862069,2.0689655172413794,0.0,0.0,0.0,0.0,0.0,0.0,0.0,0.0,1.1494252873563218,0.0,0.0,0.0,0.0,0.0,0.0,0.0
12507,12,507,789,619,170,0,376,10,359,17,64,13,77,72,118,6,0,0,0,0,0,0,0,0,9,0,0,0,0,0,0,0,47.655259822560204,4.521276595744681,95.47872340425532,17.827298050139277,3.6211699164345403,21.448467966573816,20.055710306406684,32.86908077994429,1.6713091922005572,0.0,0.0,0.0,0.0,0.0,0.0,0.0,0.0,2.5069637883008355,0.0,0.0,0.0,0.0,0.0,0.0,0.0
12508,12,508,610,486,124,0,289,6,285,4,43,16,63,53,100,7,0,0,0,0,0,0,0,0,3,0,0,0,0,0,0,0,47.377049180327866,1.384083044982699,98.6159169550173,15.087719298245613,5.614035087719298,22.105263157894736,18.596491228070175,35.08771929824561,2.456140350877193,0.0,0.0,0.0,0.0,0.0,0.0,0.0,0.0,1.0526315789473684,0.0,0.0,0.0,0.0,0.0,0.0,0.0
12509,12,509,952,784,168,0,447,2,434,13,79,15,80,84,161,6,0,0,0,0,0,0,0,0,9,0,0,0,0,0,0,0,46.95378151260504,2.9082774049217,97.0917225950783,18.202764976958523,3.4562211981566824,18.433179723502306,19.35483870967742,37.096774193548384,1.3824884792626728,0.0,0.0,0.0,0.0,0.0,0.0,0.0,0.0,2.0737327188940093,0.0,0.0,0.0,0.0,0.0,0.0,0.0
12510,12,510,991,829,162,0,508,0,496,12,90,27,111,95,158,12,0,0,0,0,0,0,0,0,3,0,0,0,0,0,0,0,51.26135216952573,2.3622047244094486,97.63779527559055,18.14516129032258,5.443548387096774,22.379032258064516,19.153225806451612,31.85483870967742,2.4193548387096775,0.0,0.0,0.0,0.0,0.0,0.0,0.0,0.0,0.6048387096774194,0.0,0.0,0.0,0.0,0.0,0.0,0.0
12511,12,511,1089,887,202,0,472,6,470,2,108,25,85,94,137,13,0,0,0,0,0,0,0,0,8,0,0,0,0,0,0,0,43.34251606978879,0.423728813559322,99.57627118644068,22.97872340425532,5.319148936170213,18.085106382978726,20.0,29.148936170212764,2.7659574468085104,0.0,0.0,0.0,0.0,0.0,0.0,0.0,0.0,1.702127659574468,0.0,0.0,0.0,0.0,0.0,0.0,0.0
12512,12,512,1228,1005,223,0,647,2,639,8,137,22,147,108,192,24,0,0,0,0,0,0,0,0,9,0,0,0,0,0,0,0,52.68729641693811,1.2364760432766615,98.76352395672335,21.439749608763695,3.4428794992175273,23.004694835680752,16.901408450704224,30.046948356807512,3.755868544600939,0.0,0.0,0.0,0.0,0.0,0.0,0.0,0.0,1.4084507042253522,0.0,0.0,0.0,0.0,0.0,0.0,0.0
12513,12,513,1161,903,258,0,483,3,474,9,95,16,107,74,155,22,0,0,0,0,0,0,0,0,5,0,0,0,0,0,0,0,41.60206718346253,1.8633540372670807,98.13664596273291,20.042194092827003,3.375527426160337,22.573839662447256,15.611814345991561,32.70042194092827,4.641350210970464,0.0,0.0,0.0,0.0,0.0,0.0,0.0,0.0,1.0548523206751055,0.0,0.0,0.0,0.0,0.0,0.0,0.0
12514,12,514,1256,975,281,0,471,2,459,12,115,31,69,101,121,12,0,0,0,0,0,0,0,0,10,0,0,0,0,0,0,0,37.5,2.547770700636943,97.45222929936305,25.054466230936818,6.753812636165578,15.032679738562091,22.004357298474943,26.361655773420477,2.6143790849673203,0.0,0.0,0.0,0.0,0.0,0.0,0.0,0.0,2.178649237472767,0.0,0.0,0.0,0.0,0.0,0.0,0.0
12515,12,515,1022,836,186,0,490,2,484,6,108,18,109,81,145,14,0,0,0,0,0,0,0,0,9,0,0,0,0,0,0,0,47.94520547945205,1.2244897959183674,98.77551020408163,22.31404958677686,3.71900826446281,22.520661157024794,16.735537190082646,29.958677685950413,2.8925619834710745,0.0,0.0,0.0,0.0,0.0,0.0,0.0,0.0,1.859504132231405,0.0,0.0,0.0,0.0,0.0,0.0,0.0
12516,12,516,1031,835,196,0,495,9,485,10,118,19,74,118,140,11,0,0,0,0,0,0,0,0,5,0,0,0,0,0,0,0,48.01163918525703,2.0202020202020203,97.97979797979798,24.329896907216494,3.917525773195876,15.257731958762887,24.329896907216494,28.865979381443296,2.268041237113402,0.0,0.0,0.0,0.0,0.0,0.0,0.0,0.0,1.0309278350515463,0.0,0.0,0.0,0.0,0.0,0.0,0.0
12517,12,517,873,645,228,0,418,3,407,11,88,19,98,68,126,6,0,0,0,0,0,0,0,0,2,0,0,0,0,0,0,0,47.88087056128293,2.631578947368421,97.36842105263158,21.62162162162162,4.668304668304668,24.078624078624077,16.707616707616708,30.95823095823096,1.4742014742014742,0.0,0.0,0.0,0.0,0.0,0.0,0.0,0.0,0.4914004914004914,0.0,0.0,0.0,0.0,0.0,0.0,0.0
12518,12,518,1082,762,320,0,503,7,494,9,115,27,148,55,127,19,0,0,0,0,0,0,0,0,3,0,0,0,0,0,0,0,46.48798521256931,1.7892644135188867,98.2107355864811,23.279352226720647,5.465587044534413,29.959514170040485,11.133603238866396,25.708502024291498,3.8461538461538463,0.0,0.0,0.0,0.0,0.0,0.0,0.0,0.0,0.6072874493927125,0.0,0.0,0.0,0.0,0.0,0.0,0.0
12519,12,519,1121,830,291,0,521,5,515,6,119,22,139,86,126,14,0,0,0,0,0,0,0,0,9,0,0,0,0,0,0,0,46.47636039250669,1.1516314779270633,98.84836852207293,23.106796116504853,4.271844660194175,26.990291262135923,16.699029126213592,24.466019417475728,2.7184466019417477,0.0,0.0,0.0,0.0,0.0,0.0,0.0,0.0,1.7475728155339807,0.0,0.0,0.0,0.0,0.0,0.0,0.0
12520,12,520,993,782,211,0,410,0,397,13,100,21,69,101,93,12,0,0,0,0,0,0,0,0,1,0,0,0,0,0,0,0,41.289023162134946,3.1707317073170733,96.82926829268293,25.188916876574307,5.289672544080604,17.38035264483627,25.440806045340054,23.425692695214106,3.022670025188917,0.0,0.0,0.0,0.0,0.0,0.0,0.0,0.0,0.2518891687657431,0.0,0.0,0.0,0.0,0.0,0.0,0.0
12521,12,521,1032,660,372,0,446,4,441,5,103,40,119,58,104,13,0,0,0,0,0,0,0,0,4,0,0,0,0,0,0,0,43.21705426356589,1.1210762331838564,98.87892376681614,23.356009070294785,9.070294784580499,26.984126984126984,13.151927437641723,23.582766439909296,2.947845804988662,0.0,0.0,0.0,0.0,0.0,0.0,0.0,0.0,0.9070294784580499,0.0,0.0,0.0,0.0,0.0,0.0,0.0
12522,12,522,800,616,184,0,354,1,348,6,74,15,62,90,96,11,0,0,0,0,0,0,0,0,0,0,0,0,0,0,0,0,44.25,1.694915254237288,98.30508474576271,21.26436781609195,4.310344827586207,17.81609195402299,25.862068965517242,27.586206896551722,3.1609195402298855,0.0,0.0,0.0,0.0,0.0,0.0,0.0,0.0,0.0,0.0,0.0,0.0,0.0,0.0,0.0,0.0
12523,12,523,1151,971,180,0,593,3,583,10,120,21,134,133,148,20,0,0,0,0,0,0,0,0,7,0,0,0,0,0,0,0,51.52041702867072,1.6863406408094435,98.31365935919055,20.58319039451115,3.6020583190394513,22.98456260720412,22.81303602058319,25.38593481989708,3.430531732418525,0.0,0.0,0.0,0.0,0.0,0.0,0.0,0.0,1.2006861063464835,0.0,0.0,0.0,0.0,0.0,0.0,0.0
12524,12,524,868,737,131,0,415,4,407,8,86,10,80,94,123,10,0,0,0,0,0,0,0,0,4,0,0,0,0,0,0,0,47.8110599078341,1.9277108433734942,98.0722891566265,21.13022113022113,2.457002457002457,19.656019656019655,23.095823095823096,30.22113022113022,2.457002457002457,0.0,0.0,0.0,0.0,0.0,0.0,0.0,0.0,0.9828009828009828,0.0,0.0,0.0,0.0,0.0,0.0,0.0
12525,12,525,765,466,299,0,361,4,355,6,83,36,121,47,52,13,0,0,0,0,0,0,0,0,3,0,0,0,0,0,0,0,47.18954248366013,1.662049861495845,98.33795013850416,23.380281690140844,10.140845070422536,34.08450704225352,13.239436619718308,14.647887323943662,3.6619718309859155,0.0,0.0,0.0,0.0,0.0,0.0,0.0,0.0,0.8450704225352111,0.0,0.0,0.0,0.0,0.0,0.0,0.0
12526,12,526,1227,959,268,0,624,9,615,9,100,27,153,106,200,15,0,0,0,0,0,0,0,0,14,0,0,0,0,0,0,0,50.8557457212714,1.4423076923076923,98.5576923076923,16.260162601626014,4.390243902439024,24.878048780487806,17.235772357723576,32.52032520325203,2.4390243902439024,0.0,0.0,0.0,0.0,0.0,0.0,0.0,0.0,2.2764227642276422,0.0,0.0,0.0,0.0,0.0,0.0,0.0
125A,12,5A,0,0,0,0,414,414,413,1,105,69,153,25,51,7,0,0,0,0,0,0,0,0,3,0,0,0,0,0,0,0,inf,0.24154589371980675,99.7584541062802,25.423728813559322,16.707021791767556,37.04600484261501,6.053268765133172,12.34866828087167,1.694915254237288,0.0,0.0,0.0,0.0,0.0,0.0,0.0,0.0,0.7263922518159807,0.0,0.0,0.0,0.0,0.0,0.0,0.0
125B,12,5B,0,0,0,0,626,626,625,1,128,80,231,51,109,21,0,0,0,0,0,0,0,0,5,0,0,0,0,0,0,0,inf,0.1597444089456869,99.84025559105432,20.48,12.8,36.96,8.16,17.44,3.36,0.0,0.0,0.0,0.0,0.0,0.0,0.0,0.0,0.8,0.0,0.0,0.0,0.0,0.0,0.0,0.0
125C,12,5C,0,0,0,0,583,583,577,6,117,43,246,35,104,18,0,0,0,0,0,0,0,0,14,0,0,0,0,0,0,0,inf,1.0291595197255576,98.97084048027445,20.27729636048527,7.452339688041594,42.63431542461005,6.065857885615252,18.02426343154246,3.119584055459272,0.0,0.0,0.0,0.0,0.0,0.0,0.0,0.0,2.4263431542461005,0.0,0.0,0.0,0.0,0.0,0.0,0.0
125D,12,5D,0,0,0,0,438,438,433,5,108,31,136,48,86,11,0,0,0,0,0,0,0,0,13,0,0,0,0,0,0,0,inf,1.141552511415525,98.85844748858447,24.94226327944573,7.159353348729793,31.40877598152425,11.085450346420323,19.861431870669747,2.5404157043879905,0.0,0.0,0.0,0.0,0.0,0.0,0.0,0.0,3.0023094688221708,0.0,0.0,0.0,0.0,0.0,0.0,0.0
125E,12,5E,0,0,0,0,458,458,454,4,108,31,141,57,93,18,0,0,0,0,0,0,0,0,6,0,0,0,0,0,0,0,inf,0.8733624454148471,99.12663755458514,23.788546255506606,6.828193832599119,31.05726872246696,12.555066079295155,20.484581497797357,3.9647577092511015,0.0,0.0,0.0,0.0,0.0,0.0,0.0,0.0,1.3215859030837005,0.0,0.0,0.0,0.0,0.0,0.0,0.0
125F,12,5F,0,0,0,0,489,489,482,7,113,29,125,79,117,16,0,0,0,0,0,0,0,0,3,0,0,0,0,0,0,0,inf,1.4314928425357873,98.56850715746421,23.443983402489625,6.016597510373444,25.933609958506228,16.390041493775932,24.273858921161825,3.319502074688797,0.0,0.0,0.0,0.0,0.0,0.0,0.0,0.0,0.6224066390041494,0.0,0.0,0.0,0.0,0.0,0.0,0.0
125G,12,5G,0,0,0,0,518,518,508,10,121,41,154,86,97,7,0,0,0,0,0,0,0,0,2,0,0,0,0,0,0,0,inf,1.9305019305019304,98.06949806949807,23.818897637795274,8.070866141732283,30.314960629921263,16.92913385826772,19.094488188976378,1.3779527559055118,0.0,0.0,0.0,0.0,0.0,0.0,0.0,0.0,0.39370078740157477,0.0,0.0,0.0,0.0,0.0,0.0,0.0
125H,12,5H,0,0,0,0,724,724,718,6,171,57,287,74,91,29,0,0,0,0,0,0,0,0,9,0,0,0,0,0,0,0,inf,0.8287292817679558,99.17127071823204,23.81615598885794,7.938718662952645,39.97214484679666,10.30640668523677,12.674094707520892,4.03899721448468,0.0,0.0,0.0,0.0,0.0,0.0,0.0,0.0,1.2534818941504178,0.0,0.0,0.0,0.0,0.0,0.0,0.0
125I,12,5I,0,0,0,0,836,836,831,5,208,60,331,92,103,23,0,0,0,0,0,0,0,0,14,0,0,0,0,0,0,0,inf,0.5980861244019139,99.4019138755981,25.03008423586041,7.2202166064981945,39.83152827918171,11.070998796630565,12.394705174488568,2.7677496991576414,0.0,0.0,0.0,0.0,0.0,0.0,0.0,0.0,1.684717208182912,0.0,0.0,0.0,0.0,0.0,0.0,0.0
125J,12,5J,0,0,0,0,481,481,470,11,121,32,145,63,91,12,0,0,0,0,0,0,0,0,6,0,0,0,0,0,0,0,inf,2.2869022869022873,97.71309771309772,25.744680851063826,6.808510638297872,30.851063829787233,13.404255319148936,19.361702127659576,2.553191489361702,0.0,0.0,0.0,0.0,0.0,0.0,0.0,0.0,1.276595744680851,0.0,0.0,0.0,0.0,0.0,0.0,0.0
125K,12,5K,0,0,0,0,505,505,495,10,111,72,205,29,58,16,0,0,0,0,0,0,0,0,4,0,0,0,0,0,0,0,inf,1.9801980198019802,98.01980198019803,22.424242424242426,14.545454545454545,41.41414141414141,5.858585858585859,11.717171717171718,3.2323232323232323,0.0,0.0,0.0,0.0,0.0,0.0,0.0,0.0,0.8080808080808081,0.0,0.0,0.0,0.0,0.0,0.0,0.0
12601,12,601,261,191,70,0,133,1,131,2,37,18,31,14,24,7,0,0,0,0,0,0,0,0,0,0,0,0,0,0,0,0,50.95785440613027,1.5037593984962405,98.49624060150376,28.24427480916031,13.740458015267176,23.66412213740458,10.687022900763358,18.3206106870229,5.343511450381679,0.0,0.0,0.0,0.0,0.0,0.0,0.0,0.0,0.0,0.0,0.0,0.0,0.0,0.0,0.0,0.0
12602,12,602,1306,800,506,0,731,10,725,6,120,143,308,43,66,41,0,0,0,0,0,0,0,0,4,0,0,0,0,0,0,0,55.97243491577335,0.8207934336525308,99.17920656634746,16.551724137931036,19.724137931034484,42.48275862068965,5.931034482758621,9.10344827586207,5.655172413793103,0.0,0.0,0.0,0.0,0.0,0.0,0.0,0.0,0.5517241379310345,0.0,0.0,0.0,0.0,0.0,0.0,0.0
12603,12,603,1180,714,466,0,611,10,609,2,105,124,217,31,95,34,0,0,0,0,0,0,0,0,3,0,0,0,0,0,0,0,51.77966101694915,0.32733224222585927,99.67266775777414,17.24137931034483,20.361247947454846,35.63218390804598,5.0903119868637114,15.599343185550083,5.582922824302135,0.0,0.0,0.0,0.0,0.0,0.0,0.0,0.0,0.49261083743842365,0.0,0.0,0.0,0.0,0.0,0.0,0.0
12604,12,604,1032,660,372,0,585,7,578,7,108,120,230,38,57,23,0,0,0,0,0,0,0,0,2,0,0,0,0,0,0,0,56.68604651162791,1.1965811965811968,98.80341880341881,18.685121107266436,20.761245674740483,39.792387543252595,6.5743944636678195,9.86159169550173,3.9792387543252596,0.0,0.0,0.0,0.0,0.0,0.0,0.0,0.0,0.34602076124567477,0.0,0.0,0.0,0.0,0.0,0.0,0.0
12605,12,605,877,510,367,0,432,4,431,1,61,91,156,30,65,24,0,0,0,0,0,0,0,0,4,0,0,0,0,0,0,0,49.25883694412771,0.23148148148148145,99.76851851851852,14.153132250580047,21.11368909512761,36.19489559164733,6.960556844547564,15.081206496519723,5.56844547563805,0.0,0.0,0.0,0.0,0.0,0.0,0.0,0.0,0.9280742459396751,0.0,0.0,0.0,0.0,0.0,0.0,0.0
12606,12,606,1216,742,474,0,666,8,662,4,119,146,269,34,62,28,0,0,0,0,0,0,0,0,4,0,0,0,0,0,0,0,54.76973684210527,0.6006006006006006,99.3993993993994,17.97583081570997,22.054380664652566,40.6344410876133,5.13595166163142,9.365558912386707,4.229607250755287,0.0,0.0,0.0,0.0,0.0,0.0,0.0,0.0,0.6042296072507553,0.0,0.0,0.0,0.0,0.0,0.0,0.0
12607,12,607,993,630,363,0,524,12,521,3,103,87,174,45,80,31,0,0,0,0,0,0,0,0,1,0,0,0,0,0,0,0,52.769385699899296,0.5725190839694656,99.42748091603053,19.769673704414586,16.698656429942417,33.397312859884835,8.637236084452974,15.355086372360843,5.950095969289827,0.0,0.0,0.0,0.0,0.0,0.0,0.0,0.0,0.19193857965451055,0.0,0.0,0.0,0.0,0.0,0.0,0.0
12608,12,608,711,441,270,0,378,6,373,5,84,75,144,19,32,18,0,0,0,0,0,0,0,0,1,0,0,0,0,0,0,0,53.16455696202531,1.3227513227513228,98.67724867724867,22.5201072386059,20.10723860589812,38.605898123324394,5.093833780160858,8.579088471849866,4.825737265415549,0.0,0.0,0.0,0.0,0.0,0.0,0.0,0.0,0.2680965147453083,0.0,0.0,0.0,0.0,0.0,0.0,0.0
12609,12,609,1246,695,551,0,609,7,605,4,122,102,226,30,91,32,0,0,0,0,0,0,0,0,2,0,0,0,0,0,0,0,48.87640449438202,0.6568144499178982,99.3431855500821,20.165289256198346,16.859504132231404,37.35537190082645,4.958677685950414,15.041322314049587,5.289256198347108,0.0,0.0,0.0,0.0,0.0,0.0,0.0,0.0,0.3305785123966942,0.0,0.0,0.0,0.0,0.0,0.0,0.0
12610,12,610,967,602,365,0,536,13,531,5,87,120,217,25,51,30,0,0,0,0,0,0,0,0,1,0,0,0,0,0,0,0,55.42916235780765,0.9328358208955223,99.06716417910447,16.38418079096045,22.598870056497177,40.86629001883239,4.708097928436912,9.6045197740113,5.649717514124294,0.0,0.0,0.0,0.0,0.0,0.0,0.0,0.0,0.18832391713747645,0.0,0.0,0.0,0.0,0.0,0.0,0.0
12611,12,611,820,509,311,0,442,7,442,0,95,79,169,28,53,17,0,0,0,0,0,0,0,0,1,0,0,0,0,0,0,0,53.90243902439025,0.0,100.0,21.49321266968326,17.873303167420815,38.23529411764706,6.334841628959276,11.990950226244344,3.8461538461538463,0.0,0.0,0.0,0.0,0.0,0.0,0.0,0.0,0.22624434389140274,0.0,0.0,0.0,0.0,0.0,0.0,0.0
12612,12,612,1222,668,554,0,528,4,526,2,97,110,167,45,75,29,0,0,0,0,0,0,0,0,3,0,0,0,0,0,0,0,43.207855973813416,0.3787878787878788,99.62121212121212,18.44106463878327,20.912547528517113,31.749049429657795,8.555133079847907,14.258555133079847,5.513307984790875,0.0,0.0,0.0,0.0,0.0,0.0,0.0,0.0,0.5703422053231939,0.0,0.0,0.0,0.0,0.0,0.0,0.0
12613,12,613,1075,646,429,0,554,5,550,4,83,118,221,27,64,35,0,0,0,0,0,0,0,0,2,0,0,0,0,0,0,0,51.53488372093024,0.7220216606498195,99.27797833935018,15.090909090909092,21.454545454545453,40.18181818181818,4.909090909090909,11.636363636363637,6.363636363636363,0.0,0.0,0.0,0.0,0.0,0.0,0.0,0.0,0.36363636363636365,0.0,0.0,0.0,0.0,0.0,0.0,0.0
12614,12,614,1196,686,510,0,552,9,545,7,105,115,179,41,73,29,0,0,0,0,0,0,0,0,3,0,0,0,0,0,0,0,46.15384615384615,1.2681159420289856,98.73188405797102,19.26605504587156,21.100917431192663,32.84403669724771,7.522935779816514,13.394495412844037,5.321100917431193,0.0,0.0,0.0,0.0,0.0,0.0,0.0,0.0,0.5504587155963303,0.0,0.0,0.0,0.0,0.0,0.0,0.0
12615,12,615,1291,776,515,0,680,11,675,5,146,106,234,47,95,44,0,0,0,0,0,0,0,0,3,0,0,0,0,0,0,0,52.672347017815646,0.7352941176470588,99.26470588235294,21.62962962962963,15.703703703703702,34.66666666666667,6.962962962962963,14.074074074074074,6.518518518518518,0.0,0.0,0.0,0.0,0.0,0.0,0.0,0.0,0.4444444444444444,0.0,0.0,0.0,0.0,0.0,0.0,0.0
12616,12,616,1196,686,510,0,603,5,596,7,113,116,196,33,103,31,0,0,0,0,0,0,0,0,4,0,0,0,0,0,0,0,50.418060200668904,1.1608623548922055,98.8391376451078,18.959731543624162,19.463087248322147,32.88590604026846,5.5369127516778525,17.28187919463087,5.201342281879195,0.0,0.0,0.0,0.0,0.0,0.0,0.0,0.0,0.6711409395973155,0.0,0.0,0.0,0.0,0.0,0.0,0.0
12617,12,617,1167,732,435,0,625,9,620,5,129,150,189,57,75,19,0,0,0,0,0,0,0,0,1,0,0,0,0,0,0,0,53.55612682090831,0.8,99.2,20.806451612903228,24.193548387096776,30.483870967741932,9.193548387096774,12.096774193548388,3.064516129032258,0.0,0.0,0.0,0.0,0.0,0.0,0.0,0.0,0.16129032258064516,0.0,0.0,0.0,0.0,0.0,0.0,0.0
12618,12,618,1274,732,542,0,622,14,617,5,143,120,215,42,62,31,0,0,0,0,0,0,0,0,4,0,0,0,0,0,0,0,48.822605965463104,0.8038585209003215,99.19614147909968,23.176661264181522,19.448946515397083,34.84602917341977,6.807131280388978,10.048622366288493,5.024311183144246,0.0,0.0,0.0,0.0,0.0,0.0,0.0,0.0,0.6482982171799028,0.0,0.0,0.0,0.0,0.0,0.0,0.0
12619,12,619,1217,822,395,0,736,9,726,10,138,156,248,47,101,29,0,0,0,0,0,0,0,0,7,0,0,0,0,0,0,0,60.476581758422356,1.358695652173913,98.6413043478261,19.00826446280992,21.487603305785125,34.15977961432507,6.473829201101928,13.911845730027547,3.994490358126722,0.0,0.0,0.0,0.0,0.0,0.0,0.0,0.0,0.9641873278236914,0.0,0.0,0.0,0.0,0.0,0.0,0.0
12620,12,620,961,620,341,0,556,6,554,2,110,100,204,51,59,25,0,0,0,0,0,0,0,0,5,0,0,0,0,0,0,0,57.8563995837669,0.3597122302158274,99.64028776978418,19.855595667870034,18.050541516245488,36.8231046931408,9.2057761732852,10.649819494584838,4.512635379061372,0.0,0.0,0.0,0.0,0.0,0.0,0.0,0.0,0.9025270758122743,0.0,0.0,0.0,0.0,0.0,0.0,0.0
12621,12,621,930,624,306,0,524,6,519,5,132,127,152,38,53,15,0,0,0,0,0,0,0,0,2,0,0,0,0,0,0,0,56.344086021505376,0.9541984732824428,99.04580152671755,25.43352601156069,24.470134874759154,29.28709055876686,7.321772639691715,10.211946050096339,2.8901734104046244,0.0,0.0,0.0,0.0,0.0,0.0,0.0,0.0,0.3853564547206166,0.0,0.0,0.0,0.0,0.0,0.0,0.0
12622,12,622,1070,617,453,0,537,7,535,2,102,109,195,41,70,16,0,0,0,0,0,0,0,0,2,0,0,0,0,0,0,0,50.18691588785047,0.37243947858473,99.62756052141528,19.065420560747665,20.373831775700936,36.44859813084112,7.663551401869159,13.084112149532709,2.990654205607477,0.0,0.0,0.0,0.0,0.0,0.0,0.0,0.0,0.3738317757009346,0.0,0.0,0.0,0.0,0.0,0.0,0.0
12623,12,623,853,532,321,0,484,4,480,4,108,102,168,30,47,21,0,0,0,0,0,0,0,0,4,0,0,0,0,0,0,0,56.7409144196952,0.8264462809917356,99.17355371900827,22.5,21.25,35.0,6.25,9.791666666666666,4.375,0.0,0.0,0.0,0.0,0.0,0.0,0.0,0.0,0.8333333333333334,0.0,0.0,0.0,0.0,0.0,0.0,0.0
12624,12,624,1128,812,316,0,691,6,681,10,131,106,258,31,117,32,0,0,0,0,0,0,0,0,6,0,0,0,0,0,0,0,61.25886524822695,1.447178002894356,98.55282199710564,19.23641703377386,15.565345080763581,37.88546255506608,4.552129221732746,17.180616740088105,4.698972099853157,0.0,0.0,0.0,0.0,0.0,0.0,0.0,0.0,0.881057268722467,0.0,0.0,0.0,0.0,0.0,0.0,0.0
12625,12,625,1100,620,480,0,507,2,506,1,141,57,148,51,89,16,0,0,0,0,0,0,0,0,4,0,0,0,0,0,0,0,46.09090909090909,0.19723865877712032,99.80276134122288,27.865612648221344,11.264822134387352,29.249011857707508,10.079051383399209,17.588932806324113,3.1620553359683794,0.0,0.0,0.0,0.0,0.0,0.0,0.0,0.0,0.7905138339920948,0.0,0.0,0.0,0.0,0.0,0.0,0.0
12626,12,626,1170,725,445,0,638,8,628,10,106,108,251,54,80,25,0,0,0,0,0,0,0,0,4,0,0,0,0,0,0,0,54.52991452991453,1.5673981191222568,98.43260188087774,16.878980891719745,17.197452229299362,39.96815286624204,8.598726114649681,12.738853503184714,3.9808917197452227,0.0,0.0,0.0,0.0,0.0,0.0,0.0,0.0,0.6369426751592357,0.0,0.0,0.0,0.0,0.0,0.0,0.0
126A,12,6A,0,0,0,0,531,531,526,5,98,110,230,32,36,19,0,0,0,0,0,0,0,0,1,0,0,0,0,0,0,0,inf,0.9416195856873822,99.05838041431262,18.631178707224336,20.912547528517113,43.72623574144487,6.083650190114068,6.844106463878327,3.6121673003802277,0.0,0.0,0.0,0.0,0.0,0.0,0.0,0.0,0.19011406844106463,0.0,0.0,0.0,0.0,0.0,0.0,0.0
126B,12,6B,0,0,0,0,441,441,437,4,101,71,171,29,42,21,0,0,0,0,0,0,0,0,2,0,0,0,0,0,0,0,inf,0.9070294784580499,99.09297052154194,23.112128146453088,16.247139588100687,39.130434782608695,6.636155606407322,9.610983981693364,4.805491990846682,0.0,0.0,0.0,0.0,0.0,0.0,0.0,0.0,0.4576659038901602,0.0,0.0,0.0,0.0,0.0,0.0,0.0
126C,12,6C,0,0,0,0,453,453,445,8,71,101,213,17,20,22,0,0,0,0,0,0,0,0,1,0,0,0,0,0,0,0,inf,1.7660044150110374,98.23399558498896,15.955056179775282,22.696629213483146,47.86516853932584,3.8202247191011236,4.49438202247191,4.943820224719101,0.0,0.0,0.0,0.0,0.0,0.0,0.0,0.0,0.22471910112359553,0.0,0.0,0.0,0.0,0.0,0.0,0.0
126D,12,6D,0,0,0,0,344,344,340,4,63,58,150,21,35,8,0,0,0,0,0,0,0,0,5,0,0,0,0,0,0,0,inf,1.1627906976744187,98.83720930232558,18.529411764705884,17.058823529411764,44.11764705882353,6.176470588235294,10.294117647058822,2.3529411764705883,0.0,0.0,0.0,0.0,0.0,0.0,0.0,0.0,1.4705882352941175,0.0,0.0,0.0,0.0,0.0,0.0,0.0
126E,12,6E,0,0,0,0,349,349,346,3,63,76,155,16,20,16,0,0,0,0,0,0,0,0,0,0,0,0,0,0,0,0,inf,0.8595988538681949,99.14040114613181,18.20809248554913,21.965317919075144,44.797687861271676,4.624277456647398,5.780346820809249,4.624277456647398,0.0,0.0,0.0,0.0,0.0,0.0,0.0,0.0,0.0,0.0,0.0,0.0,0.0,0.0,0.0,0.0
126F,12,6F,0,0,0,0,338,338,332,6,55,47,165,22,28,11,0,0,0,0,0,0,0,0,4,0,0,0,0,0,0,0,inf,1.7751479289940828,98.22485207100591,16.566265060240966,14.156626506024098,49.6987951807229,6.626506024096386,8.433734939759036,3.313253012048193,0.0,0.0,0.0,0.0,0.0,0.0,0.0,0.0,1.2048192771084338,0.0,0.0,0.0,0.0,0.0,0.0,0.0
126G,12,6G,0,0,0,0,545,545,540,5,97,93,251,23,43,27,0,0,0,0,0,0,0,0,6,0,0,0,0,0,0,0,inf,0.9174311926605505,99.08256880733946,17.962962962962965,17.22222222222222,46.48148148148148,4.2592592592592595,7.962962962962964,5.0,0.0,0.0,0.0,0.0,0.0,0.0,0.0,0.0,1.1111111111111112,0.0,0.0,0.0,0.0,0.0,0.0,0.0
126H,12,6H,0,0,0,0,524,524,519,5,101,93,238,20,36,30,0,0,0,0,0,0,0,0,1,0,0,0,0,0,0,0,inf,0.9541984732824428,99.04580152671755,19.460500963391137,17.91907514450867,45.857418111753375,3.8535645472061653,6.9364161849710975,5.780346820809249,0.0,0.0,0.0,0.0,0.0,0.0,0.0,0.0,0.1926782273603083,0.0,0.0,0.0,0.0,0.0,0.0,0.0
126I,12,6I,0,0,0,0,519,519,514,5,103,100,210,24,44,27,0,0,0,0,0,0,0,0,6,0,0,0,0,0,0,0,inf,0.9633911368015413,99.03660886319847,20.038910505836576,19.45525291828794,40.856031128404666,4.669260700389105,8.560311284046692,5.252918287937743,0.0,0.0,0.0,0.0,0.0,0.0,0.0,0.0,1.1673151750972763,0.0,0.0,0.0,0.0,0.0,0.0,0.0
126J,12,6J,0,0,0,0,729,729,724,5,137,129,315,39,60,41,0,0,0,0,0,0,0,0,3,0,0,0,0,0,0,0,inf,0.6858710562414266,99.31412894375858,18.922651933701655,17.817679558011047,43.508287292817684,5.386740331491713,8.287292817679557,5.662983425414365,0.0,0.0,0.0,0.0,0.0,0.0,0.0,0.0,0.4143646408839779,0.0,0.0,0.0,0.0,0.0,0.0,0.0
126K,12,6K,0,0,0,0,479,479,475,4,86,89,185,43,42,28,0,0,0,0,0,0,0,0,2,0,0,0,0,0,0,0,inf,0.8350730688935281,99.16492693110646,18.10526315789474,18.736842105263158,38.94736842105263,9.05263157894737,8.842105263157894,5.894736842105263,0.0,0.0,0.0,0.0,0.0,0.0,0.0,0.0,0.42105263157894735,0.0,0.0,0.0,0.0,0.0,0.0,0.0
126L,12,6L,0,0,0,0,490,490,475,15,85,78,236,18,35,18,0,0,0,0,0,0,0,0,5,0,0,0,0,0,0,0,inf,3.061224489795918,96.93877551020408,17.894736842105264,16.42105263157895,49.684210526315795,3.7894736842105265,7.368421052631578,3.7894736842105265,0.0,0.0,0.0,0.0,0.0,0.0,0.0,0.0,1.0526315789473684,0.0,0.0,0.0,0.0,0.0,0.0,0.0
126M,12,6M,0,0,0,0,487,487,483,4,113,83,224,19,27,15,0,0,0,0,0,0,0,0,2,0,0,0,0,0,0,0,inf,0.8213552361396305,99.17864476386036,23.395445134575567,17.184265010351968,46.3768115942029,3.9337474120082816,5.590062111801243,3.1055900621118013,0.0,0.0,0.0,0.0,0.0,0.0,0.0,0.0,0.4140786749482402,0.0,0.0,0.0,0.0,0.0,0.0,0.0
126N,12,6N,0,0,0,0,416,416,413,3,84,97,175,22,25,8,0,0,0,0,0,0,0,0,2,0,0,0,0,0,0,0,inf,0.7211538461538461,99.27884615384616,20.33898305084746,23.486682808716708,42.3728813559322,5.326876513317192,6.053268765133172,1.937046004842615,0.0,0.0,0.0,0.0,0.0,0.0,0.0,0.0,0.48426150121065376,0.0,0.0,0.0,0.0,0.0,0.0,0.0
126P,12,6P,0,0,0,0,502,502,498,4,103,123,183,28,43,15,0,0,0,0,0,0,0,0,3,0,0,0,0,0,0,0,inf,0.796812749003984,99.20318725099602,20.682730923694777,24.69879518072289,36.74698795180723,5.622489959839357,8.634538152610443,3.0120481927710845,0.0,0.0,0.0,0.0,0.0,0.0,0.0,0.0,0.6024096385542169,0.0,0.0,0.0,0.0,0.0,0.0,0.0
126Q,12,6Q,0,0,0,0,371,371,368,3,73,104,127,30,22,11,0,0,0,0,0,0,0,0,1,0,0,0,0,0,0,0,inf,0.8086253369272237,99.19137466307278,19.83695652173913,28.26086956521739,34.51086956521739,8.152173913043478,5.978260869565218,2.989130434782609,0.0,0.0,0.0,0.0,0.0,0.0,0.0,0.0,0.2717391304347826,0.0,0.0,0.0,0.0,0.0,0.0,0.0
126R,12,6R,0,0,0,0,319,319,318,1,60,60,149,9,26,8,0,0,0,0,0,0,0,0,6,0,0,0,0,0,0,0,inf,0.3134796238244514,99.68652037617555,18.867924528301888,18.867924528301888,46.855345911949684,2.8301886792452833,8.176100628930817,2.515723270440252,0.0,0.0,0.0,0.0,0.0,0.0,0.0,0.0,1.8867924528301887,0.0,0.0,0.0,0.0,0.0,0.0,0.0
126S,12,6S,0,0,0,0,591,591,582,9,134,119,224,27,45,24,0,0,0,0,0,0,0,0,9,0,0,0,0,0,0,0,inf,1.5228426395939088,98.47715736040608,23.02405498281787,20.446735395189002,38.48797250859107,4.639175257731959,7.731958762886598,4.123711340206185,0.0,0.0,0.0,0.0,0.0,0.0,0.0,0.0,1.5463917525773196,0.0,0.0,0.0,0.0,0.0,0.0,0.0
126T,12,6T,0,0,0,0,426,426,423,3,101,72,189,17,26,14,0,0,0,0,0,0,0,0,4,0,0,0,0,0,0,0,inf,0.7042253521126761,99.29577464788733,23.87706855791962,17.02127659574468,44.680851063829785,4.0189125295508275,6.1465721040189125,3.309692671394799,0.0,0.0,0.0,0.0,0.0,0.0,0.0,0.0,0.9456264775413712,0.0,0.0,0.0,0.0,0.0,0.0,0.0
126U,12,6U,0,0,0,0,289,289,284,5,61,65,107,10,25,15,0,0,0,0,0,0,0,0,1,0,0,0,0,0,0,0,inf,1.7301038062283738,98.26989619377161,21.47887323943662,22.887323943661972,37.67605633802817,3.5211267605633805,8.80281690140845,5.28169014084507,0.0,0.0,0.0,0.0,0.0,0.0,0.0,0.0,0.35211267605633806,0.0,0.0,0.0,0.0,0.0,0.0,0.0
126V,12,6V,0,0,0,0,470,470,467,3,147,69,144,39,53,12,0,0,0,0,0,0,0,0,3,0,0,0,0,0,0,0,inf,0.6382978723404255,99.36170212765958,31.47751605995717,14.775160599571734,30.83511777301927,8.35117773019272,11.349036402569594,2.569593147751606,0.0,0.0,0.0,0.0,0.0,0.0,0.0,0.0,0.6423982869379015,0.0,0.0,0.0,0.0,0.0,0.0,0.0
126W,12,6W,0,0,0,0,421,421,416,5,87,80,164,29,28,26,0,0,0,0,0,0,0,0,2,0,0,0,0,0,0,0,inf,1.187648456057007,98.812351543943,20.91346153846154,19.230769230769234,39.42307692307692,6.971153846153847,6.730769230769231,6.25,0.0,0.0,0.0,0.0,0.0,0.0,0.0,0.0,0.4807692307692308,0.0,0.0,0.0,0.0,0.0,0.0,0.0
