district_id,district_name,electoral_district_id,electoral_district_type,electoral_district_berlin_election_id,electoral_district_federal_election_id,berlin_east_west,eligible_voters,eligible_voters_a1,eligible_voters_a2,eligible_voters_a3,voters,voters_b1,question_1_invalid_votes,question_1_valid_votes,question_1_vote_yes,question_1_vote_no,question_2_invalid_votes,question_2_valid_votes,question_2_vote_yes,question_2_vote_no
01,Mitte,100,electoral_district,1,75,Berlin-Ost,1267,992,275,0,454,12,20,434,271,163,21,433,187,246
01,Mitte,101,electoral_district,1,75,Berlin-Ost,1146,902,244,0,373,5,16,357,221,136,25,348,166,182
01,Mitte,102,electoral_district,1,75,Berlin-Ost,1028,825,203,0,391,4,13,378,289,89,33,358,129,229
01,Mitte,103,electoral_district,1,75,Berlin-Ost,1317,979,338,0,471,14,23,448,257,191,31,440,216,224
01,Mitte,104,electoral_district,1,75,Berlin-West,1087,979,108,0,269,2,10,259,211,48,16,253,85,168
01,Mitte,105,electoral_district,1,75,Berlin-Ost,1087,869,218,0,430,0,20,410,269,141,22,408,184,224
01,Mitte,106,electoral_district,1,75,Berlin-Ost,1210,923,287,0,462,3,9,453,279,174,18,444,205,239
01,Mitte,107,electoral_district,1,75,Berlin-Ost,1023,825,198,0,516,0,16,500,339,161,25,491,185,306
01,Mitte,108,electoral_district,1,75,Berlin-Ost,1035,833,202,0,448,9,18,430,279,151,23,425,159,266
01,Mitte,109,electoral_district,1,75,Berlin-Ost,645,535,110,0,259,0,9,250,185,65,19,240,92,148
01,Mitte,110,electoral_district,1,75,Berlin-Ost,1188,994,194,0,549,6,16,533,381,152,35,514,173,341
01,Mitte,111,electoral_district,1,75,Berlin-Ost,1517,1274,243,0,685,0,28,657,462,195,40,645,261,384
01,Mitte,112,electoral_district,1,75,Berlin-Ost,1080,890,190,0,487,7,15,472,319,153,31,456,175,281
01,Mitte,113,electoral_district,1,75,Berlin-Ost,1124,925,199,0,441,0,16,425,296,129,29,412,149,263
01,Mitte,114,electoral_district,1,75,Berlin-Ost,912,751,161,0,431,0,16,415,289,126,41,390,138,252
01,Mitte,115,electoral_district,1,75,Berlin-Ost,1126,900,226,0,462,0,16,446,305,141,28,434,161,273
01,Mitte,116,electoral_district,1,75,Berlin-Ost,1178,926,252,0,495,0,15,480,321,159,28,467,192,275
01,Mitte,117,electoral_district,1,75,Berlin-Ost,1016,838,178,0,401,0,16,385,274,111,25,376,153,223
01,Mitte,118,electoral_district,1,75,Berlin-Ost,521,452,69,0,205,0,8,197,143,54,12,193,70,123
01,Mitte,119,electoral_district,1,75,Berlin-Ost,1242,1030,212,0,503,7,12,491,347,144,16,487,160,327
01,Mitte,120,electoral_district,1,75,Berlin-West,1221,1151,70,0,321,0,16,305,210,95,33,288,146,142
01,Mitte,121,electoral_district,1,75,Berlin-Ost,691,570,121,0,295,0,9,286,196,90,22,273,100,173
01,Mitte,122,electoral_district,1,75,Berlin-Ost,885,752,133,0,269,6,14,255,187,68,16,253,103,150
01,Mitte,123,electoral_district,1,75,Berlin-Ost,1187,956,231,0,445,2,13,432,281,151,27,418,159,259
01,Mitte,124,electoral_district,1,75,Berlin-West,1153,993,160,0,235,1,14,221,158,63,23,212,105,107
01,Mitte,125,electoral_district,1,75,Berlin-Ost,578,472,106,0,243,3,5,238,136,102,10,233,105,128
01,Mitte,126,electoral_district,1,75,Berlin-Ost,835,683,152,0,348,0,12,336,224,112,22,326,125,201
01,Mitte,127,electoral_district,1,75,Berlin-Ost,574,471,103,0,240,0,5,235,179,56,17,223,87,136
01,Mitte,128,electoral_district,1,75,Berlin-West,1177,1077,100,0,297,4,22,275,187,88,30,267,126,141
01,Mitte,129,electoral_district,1,75,Berlin-West,1206,1099,107,0,367,2,18,349,241,108,34,333,135,198
01,Mitte,130,electoral_district,1,75,Berlin-West,901,806,95,0,229,1,9,220,156,64,13,216,92,124
01,Mitte,131,electoral_district,1,75,Berlin-West,1030,928,102,0,229,1,8,221,159,62,22,207,94,113
01,Mitte,1A,postal_voting_district,1,75,Berlin-Ost,0,0,0,0,890,890,45,845,510,335,46,844,434,410
01,Mitte,1B,postal_voting_district,1,75,Berlin-West,0,0,0,0,617,617,31,586,380,206,37,580,308,272
01,Mitte,1C,postal_voting_district,1,75,Berlin-Ost,0,0,0,0,823,823,31,792,510,282,50,773,382,391
01,Mitte,1D,postal_voting_district,1,75,Berlin-Ost,0,0,0,0,939,939,31,908,613,295,50,889,391,498
01,Mitte,1E,postal_voting_district,1,75,Berlin-Ost,0,0,0,0,852,852,27,825,530,295,32,820,318,502
01,Mitte,1F,postal_voting_district,1,75,Berlin-Ost,0,0,0,0,520,520,26,494,321,173,26,494,255,239
01,Mitte,200,electoral_district,2,75,Berlin-Ost,878,706,172,0,304,0,30,274,130,144,25,279,177,102
01,Mitte,201,electoral_district,2,75,Berlin-Ost,1170,938,232,0,399,0,23,376,214,162,22,377,200,177
01,Mitte,202,electoral_district,2,75,Berlin-Ost,1113,841,272,0,368,9,19,349,203,146,35,333,169,164
01,Mitte,203,electoral_district,2,75,Berlin-Ost,1136,916,220,0,385,0,11,374,204,170,11,374,187,187
01,Mitte,204,electoral_district,2,75,Berlin-Ost,1338,1051,287,0,421,0,40,381,227,154,38,383,202,181
01,Mitte,205,electoral_district,2,75,Berlin-Ost,1153,928,225,0,361,5,29,332,221,111,25,336,155,181
01,Mitte,206,electoral_district,2,75,Berlin-Ost,918,740,178,0,260,1,23,237,146,91,31,229,121,108
01,Mitte,207,electoral_district,2,75,Berlin-Ost,1213,929,284,0,403,2,36,367,218,149,34,369,189,180
01,Mitte,208,electoral_district,2,75,Berlin-Ost,907,772,135,0,305,1,18,287,180,107,28,277,143,134
01,Mitte,209,electoral_district,2,75,Berlin-Ost,906,734,172,0,354,5,22,332,210,122,17,337,155,182
01,Mitte,210,electoral_district,2,75,Berlin-Ost,921,786,135,0,295,0,9,286,207,79,13,282,99,183
01,Mitte,211,electoral_district,2,75,Berlin-Ost,629,511,118,0,185,1,4,181,118,63,11,174,74,100
01,Mitte,212,electoral_district,2,75,Berlin-Ost,651,535,116,0,182,0,12,170,105,65,12,170,95,75
01,Mitte,213,electoral_district,2,75,Berlin-Ost,1101,873,228,0,378,0,51,327,199,128,42,336,199,137
01,Mitte,214,electoral_district,2,75,Berlin-Ost,997,824,173,0,356,0,35,321,188,133,41,315,185,130
01,Mitte,215,electoral_district,2,75,Berlin-Ost,1115,952,163,0,323,0,28,295,189,106,44,279,150,129
01,Mitte,216,electoral_district,2,75,Berlin-Ost,1134,969,165,0,344,2,31,313,217,96,43,301,136,165
01,Mitte,217,electoral_district,2,75,Berlin-Ost,874,677,197,0,234,0,30,204,132,72,26,208,112,96
01,Mitte,218,electoral_district,2,75,Berlin-Ost,1351,1102,249,0,518,4,15,503,315,188,26,492,196,296
01,Mitte,219,electoral_district,2,75,Berlin-Ost,856,708,148,0,283,0,25,258,185,73,22,261,122,139
01,Mitte,220,electoral_district,2,75,Berlin-Ost,1290,1075,215,0,473,5,39,434,249,185,50,423,223,200
01,Mitte,221,electoral_district,2,75,Berlin-Ost,963,769,194,0,323,0,3,320,209,111,3,320,168,152
01,Mitte,222,electoral_district,2,75,Berlin-Ost,1167,994,173,0,358,0,30,328,224,104,44,314,160,154
01,Mitte,223,electoral_district,2,75,Berlin-Ost,641,531,110,0,262,3,11,251,174,77,13,249,88,161
01,Mitte,224,electoral_district,2,75,Berlin-Ost,1178,993,185,0,435,2,28,407,271,136,30,405,156,249
01,Mitte,225,electoral_district,2,75,Berlin-Ost,865,759,106,0,261,0,24,237,155,82,32,229,123,106
01,Mitte,226,electoral_district,2,75,Berlin-Ost,449,330,119,0,104,1,6,98,61,37,12,92,47,45
01,Mitte,227,electoral_district,2,75,Berlin-Ost,1524,1206,318,0,556,2,33,523,300,223,37,519,238,281
01,Mitte,228,electoral_district,2,75,Berlin-Ost,967,711,256,0,379,10,21,358,224,134,25,354,155,199
01,Mitte,229,electoral_district,2,75,Berlin-Ost,933,734,199,0,357,7,20,337,226,111,23,334,133,201
01,Mitte,230,electoral_district,2,75,Berlin-Ost,628,518,110,0,273,2,10,263,182,81,15,258,97,161
01,Mitte,231,electoral_district,2,75,Berlin-Ost,661,574,87,0,256,4,16,240,162,78,20,236,98,138
01,Mitte,2A,postal_voting_district,2,75,Berlin-Ost,0,0,0,0,943,943,56,887,547,340,64,879,468,411
01,Mitte,2B,postal_voting_district,2,75,Berlin-Ost,0,0,0,0,1225,1225,86,1139,593,546,81,1144,718,426
01,Mitte,2C,postal_voting_district,2,75,Berlin-Ost,0,0,0,0,1085,1085,66,1019,576,443,86,999,614,385
01,Mitte,2D,postal_voting_district,2,75,Berlin-Ost,0,0,0,0,951,951,61,890,528,362,57,894,499,395
01,Mitte,2E,postal_voting_district,2,75,Berlin-Ost,0,0,0,0,868,868,47,821,458,363,55,813,485,328
01,Mitte,300,electoral_district,3,75,Berlin-West,1172,938,234,0,404,1,24,380,192,188,24,380,192,188
01,Mitte,301,electoral_district,3,75,Berlin-West,879,774,105,0,322,0,16,306,213,93,15,307,119,188
01,Mitte,302,electoral_district,3,75,Berlin-West,1106,940,166,0,368,0,25,343,207,136,53,315,158,157
01,Mitte,303,electoral_district,3,75,Berlin-West,890,705,185,0,313,0,18,295,189,106,26,287,128,159
01,Mitte,304,electoral_district,3,75,Berlin-West,768,605,163,0,268,0,21,247,158,89,22,246,103,143
01,Mitte,305,electoral_district,3,75,Berlin-West,1058,854,204,0,466,0,23,443,297,146,30,436,255,181
01,Mitte,306,electoral_district,3,75,Berlin-West,934,765,169,0,371,0,20,351,241,110,35,336,55,281
01,Mitte,307,electoral_district,3,75,Berlin-West,1034,900,134,0,386,4,9,377,284,93,30,356,123,233
01,Mitte,308,electoral_district,3,75,Berlin-West,1314,1168,146,0,391,0,10,381,287,94,21,370,155,215
01,Mitte,309,electoral_district,3,75,Berlin-West,924,782,142,0,364,0,7,357,260,97,27,337,107,230
01,Mitte,310,electoral_district,3,75,Berlin-West,920,806,114,0,260,2,12,248,194,54,19,241,82,159
01,Mitte,311,electoral_district,3,75,Berlin-West,916,792,124,0,385,0,20,365,257,108,42,343,135,208
01,Mitte,312,electoral_district,3,75,Berlin-West,1342,1067,275,0,594,8,23,571,404,167,35,559,196,363
01,Mitte,313,electoral_district,3,75,Berlin-West,1282,1074,208,0,626,1,21,605,419,186,38,588,210,378
01,Mitte,314,electoral_district,3,75,Berlin-West,1125,936,189,0,526,0,29,497,318,179,41,485,188,297
01,Mitte,315,electoral_district,3,75,Berlin-West,1106,888,218,0,463,0,24,439,280,159,39,424,178,246
01,Mitte,316,electoral_district,3,75,Berlin-West,1162,967,195,0,551,0,31,520,360,160,36,515,222,293
01,Mitte,317,electoral_district,3,75,Berlin-West,1031,795,236,0,418,0,25,393,230,163,37,381,169,212
01,Mitte,318,electoral_district,3,75,Berlin-West,1125,895,230,0,455,0,32,423,258,165,28,427,206,221
01,Mitte,319,electoral_district,3,75,Berlin-West,779,666,113,0,282,0,21,261,181,80,35,247,201,46
01,Mitte,320,electoral_district,3,75,Berlin-West,627,482,145,0,307,0,26,281,154,127,23,284,134,150
01,Mitte,321,electoral_district,3,75,Berlin-West,1069,851,218,0,325,0,28,297,179,118,25,300,146,154
01,Mitte,322,electoral_district,3,75,Berlin-West,1208,984,224,0,341,0,25,316,191,125,31,310,164,146
01,Mitte,323,electoral_district,3,75,Berlin-West,1042,895,147,0,287,1,21,266,186,80,11,276,137,139
01,Mitte,324,electoral_district,3,75,Berlin-West,1129,940,189,0,435,2,27,408,288,120,29,406,168,238
01,Mitte,325,electoral_district,3,75,Berlin-West,1392,1197,195,0,524,5,12,512,362,150,42,482,153,329
01,Mitte,326,electoral_district,3,75,Berlin-West,1580,1262,318,0,435,0,16,419,257,162,28,407,201,206
01,Mitte,327,electoral_district,3,75,Berlin-West,864,786,78,0,282,0,13,269,189,80,19,263,106,157
01,Mitte,328,electoral_district,3,75,Berlin-West,1308,1143,165,0,356,0,7,349,277,72,20,336,110,226
01,Mitte,329,electoral_district,3,75,Berlin-West,976,862,114,0,329,2,26,303,221,82,47,282,141,141
01,Mitte,330,electoral_district,3,75,Berlin-West,1209,1091,118,0,363,1,31,332,221,111,28,335,177,158
01,Mitte,3A,postal_voting_district,3,75,Berlin-West,0,0,0,0,706,706,38,668,412,256,42,664,347,317
01,Mitte,3B,postal_voting_district,3,75,Berlin-West,0,0,0,0,906,906,37,869,569,300,62,844,426,418
01,Mitte,3C,postal_voting_district,3,75,Berlin-West,0,0,0,0,827,827,66,761,431,330,43,784,429,355
01,Mitte,3D,postal_voting_district,3,75,Berlin-West,0,0,0,0,982,982,64,918,596,322,62,920,600,320
01,Mitte,3E,postal_voting_district,3,75,Berlin-West,0,0,0,0,558,558,20,538,368,170,25,533,241,292
01,Mitte,3F,postal_voting_district,3,75,Berlin-West,0,0,0,0,774,774,43,731,473,258,54,720,376,344
01,Mitte,400,electoral_district,4,75,Berlin-West,1326,1185,141,0,365,0,10,355,273,82,20,345,118,227
01,Mitte,401,electoral_district,4,75,Berlin-West,954,848,106,0,337,3,6,331,256,75,28,309,116,193
01,Mitte,402,electoral_district,4,75,Berlin-West,1324,1216,108,0,406,2,18,388,301,87,32,374,148,226
01,Mitte,403,electoral_district,4,75,Berlin-West,986,853,133,0,369,0,17,352,268,84,21,348,110,238
01,Mitte,404,electoral_district,4,75,Berlin-West,736,638,98,0,204,2,12,192,156,36,14,190,66,124
01,Mitte,405,electoral_district,4,75,Berlin-West,785,709,76,0,263,0,4,259,189,70,4,259,86,173
01,Mitte,406,electoral_district,4,75,Berlin-West,890,795,95,0,331,1,16,315,218,97,16,315,115,200
01,Mitte,407,electoral_district,4,75,Berlin-West,1186,1067,119,0,437,1,29,408,294,114,36,401,148,253
01,Mitte,408,electoral_district,4,75,Berlin-West,1017,878,139,0,424,4,17,407,300,107,33,391,139,252
01,Mitte,409,electoral_district,4,75,Berlin-West,964,840,124,0,387,3,2,385,308,77,2,385,127,258
01,Mitte,410,electoral_district,4,75,Berlin-West,1213,1039,174,0,466,0,18,448,331,117,30,436,150,286
01,Mitte,411,electoral_district,4,75,Berlin-West,1041,923,118,0,377,0,9,368,267,101,29,348,126,222
01,Mitte,412,electoral_district,4,75,Berlin-West,921,776,145,0,371,0,15,356,249,107,30,341,129,212
01,Mitte,413,electoral_district,4,75,Berlin-West,850,744,106,0,289,2,16,273,204,69,28,261,96,165
01,Mitte,414,electoral_district,4,75,Berlin-West,1136,987,149,0,379,0,12,367,267,100,23,356,120,236
01,Mitte,415,electoral_district,4,75,Berlin-West,1157,1012,145,0,316,1,15,301,222,79,27,289,98,191
01,Mitte,416,electoral_district,4,75,Berlin-West,1355,1189,166,0,456,3,9,447,350,97,18,438,140,298
01,Mitte,417,electoral_district,4,75,Berlin-West,807,724,83,0,262,1,17,245,175,70,19,243,114,129
01,Mitte,418,electoral_district,4,75,Berlin-West,957,815,142,0,370,6,10,360,272,88,22,348,278,70
01,Mitte,419,electoral_district,4,75,Berlin-West,1312,1174,138,0,501,0,12,489,138,351,28,473,150,323
01,Mitte,420,electoral_district,4,75,Berlin-West,1035,921,114,0,380,2,15,365,279,86,28,352,146,206
01,Mitte,421,electoral_district,4,75,Berlin-West,1352,1171,181,0,569,2,12,557,393,164,34,535,179,356
01,Mitte,422,electoral_district,4,75,Berlin-West,841,721,120,0,359,4,18,341,144,197,20,339,71,268
01,Mitte,423,electoral_district,4,75,Berlin-West,845,741,104,0,325,1,10,315,246,69,15,310,92,218
01,Mitte,424,electoral_district,4,75,Berlin-West,1220,1027,193,0,387,5,9,378,277,101,17,370,119,251
01,Mitte,425,electoral_district,4,75,Berlin-West,922,801,121,0,296,0,15,281,214,67,22,274,108,166
01,Mitte,426,electoral_district,4,75,Berlin-West,821,718,103,0,258,1,8,250,191,59,18,240,68,172
01,Mitte,427,electoral_district,4,75,Berlin-West,849,743,106,0,287,0,4,283,210,73,13,274,99,175
01,Mitte,428,electoral_district,4,75,Berlin-West,1013,864,149,0,407,0,17,390,322,68,26,381,117,264
01,Mitte,429,electoral_district,4,75,Berlin-West,1235,1050,185,0,445,0,16,429,333,96,24,421,137,284
01,Mitte,430,electoral_district,4,75,Berlin-West,1230,1082,148,0,459,2,19,440,338,102,25,434,143,291
01,Mitte,431,electoral_district,4,75,Berlin-West,1146,1043,103,0,385,2,13,372,298,74,24,361,114,247
01,Mitte,432,electoral_district,4,75,Berlin-West,1108,989,119,0,352,2,13,339,272,67,27,325,99,226
01,Mitte,433,electoral_district,4,75,Berlin-West,1065,932,133,0,379,0,14,365,260,105,29,350,149,201
01,Mitte,4A,postal_voting_district,4,75,Berlin-West,0,0,0,0,643,643,35,608,450,158,39,604,233,371
01,Mitte,4B,postal_voting_district,4,75,Berlin-West,0,0,0,0,538,538,14,524,376,148,27,511,208,303
01,Mitte,4C,postal_voting_district,4,75,Berlin-West,0,0,0,0,700,700,50,650,452,198,69,631,265,366
01,Mitte,4D,postal_voting_district,4,75,Berlin-West,0,0,0,0,445,445,18,427,294,133,25,420,188,232
01,Mitte,4E,postal_voting_district,4,75,Berlin-West,0,0,0,0,766,766,42,724,537,187,74,692,262,430
01,Mitte,4F,postal_voting_district,4,75,Berlin-West,0,0,0,0,670,670,17,653,486,167,36,634,236,398
01,Mitte,500,electoral_district,5,75,Berlin-West,1044,924,120,0,261,0,15,246,171,75,21,240,105,135
01,Mitte,501,electoral_district,5,75,Berlin-West,837,759,78,0,243,0,24,219,152,67,29,214,105,109
01,Mitte,502,electoral_district,5,75,Berlin-West,566,507,59,0,137,0,10,127,83,44,15,122,58,64
01,Mitte,503,electoral_district,5,75,Berlin-West,687,614,73,0,150,0,5,145,108,37,14,136,53,83
01,Mitte,504,electoral_district,5,75,Berlin-West,954,884,70,0,264,0,14,250,185,65,36,228,104,124
01,Mitte,505,electoral_district,5,75,Berlin-West,1130,1008,122,0,379,0,46,333,175,158,50,329,203,126
01,Mitte,506,electoral_district,5,75,Berlin-West,1026,871,155,0,302,0,31,271,163,108,37,265,142,123
01,Mitte,507,electoral_district,5,75,Berlin-West,570,469,101,0,189,0,26,163,97,66,33,156,90,66
01,Mitte,508,electoral_district,5,75,Berlin-West,1174,977,197,0,435,0,30,405,224,181,36,399,195,204
01,Mitte,509,electoral_district,5,75,Berlin-West,1033,946,87,0,216,0,19,197,141,56,23,193,100,93
01,Mitte,510,electoral_district,5,75,Berlin-West,1054,960,94,0,257,0,23,234,158,76,33,224,106,118
01,Mitte,511,electoral_district,5,75,Berlin-West,1122,1034,88,0,233,0,15,218,154,64,26,207,91,116
01,Mitte,512,electoral_district,5,75,Berlin-West,1302,1181,121,0,465,0,23,442,329,113,35,430,150,280
01,Mitte,513,electoral_district,5,75,Berlin-West,1418,1255,163,0,351,0,23,328,247,81,33,318,137,181
01,Mitte,514,electoral_district,5,75,Berlin-West,1022,898,124,0,245,0,20,225,168,57,17,228,102,126
01,Mitte,515,electoral_district,5,75,Berlin-West,1196,1072,124,0,375,0,18,357,263,94,22,353,138,215
01,Mitte,516,electoral_district,5,75,Berlin-West,980,874,106,0,246,0,8,238,164,74,18,228,96,132
01,Mitte,517,electoral_district,5,75,Berlin-West,871,747,124,0,285,0,19,266,186,80,30,255,92,163
01,Mitte,518,electoral_district,5,75,Berlin-West,1469,1282,187,0,517,5,21,496,384,112,18,499,137,362
01,Mitte,519,electoral_district,5,75,Berlin-West,824,745,79,0,304,1,10,294,224,70,24,280,87,193
01,Mitte,520,electoral_district,5,75,Berlin-West,686,571,115,0,213,0,30,183,91,92,33,180,120,60
01,Mitte,521,electoral_district,5,75,Berlin-West,958,796,162,0,334,0,18,316,246,70,27,307,95,212
01,Mitte,522,electoral_district,5,75,Berlin-West,1070,993,77,0,251,0,16,235,171,64,24,227,104,123
01,Mitte,523,electoral_district,5,75,Berlin-West,1333,1196,137,0,263,0,32,231,157,74,62,201,131,70
01,Mitte,524,electoral_district,5,75,Berlin-West,1388,1221,167,0,485,0,16,469,377,92,29,456,135,321
01,Mitte,525,electoral_district,5,75,Berlin-West,941,867,74,0,274,0,6,268,215,53,19,255,76,179
01,Mitte,526,electoral_district,5,75,Berlin-West,1223,1096,127,0,350,0,7,343,273,70,23,327,105,222
01,Mitte,527,electoral_district,5,75,Berlin-West,916,817,99,0,281,0,10,271,194,77,18,263,100,163
01,Mitte,528,electoral_district,5,75,Berlin-West,1371,1229,142,0,519,0,16,503,394,109,42,477,153,324
01,Mitte,529,electoral_district,5,75,Berlin-West,1288,1135,153,0,482,0,13,469,373,96,25,457,115,342
01,Mitte,530,electoral_district,5,75,Berlin-West,812,734,78,0,210,0,8,202,150,52,16,194,69,125
01,Mitte,5A,postal_voting_district,5,75,Berlin-West,0,0,0,0,559,559,28,531,357,174,39,520,254,266
01,Mitte,5B,postal_voting_district,5,75,Berlin-West,0,0,0,0,706,706,58,648,438,210,40,666,308,358
01,Mitte,5C,postal_voting_district,5,75,Berlin-West,0,0,0,0,677,677,55,622,379,243,43,634,354,280
01,Mitte,5D,postal_voting_district,5,75,Berlin-West,0,0,0,0,427,427,30,397,255,142,22,405,229,176
01,Mitte,5E,postal_voting_district,5,75,Berlin-West,0,0,0,0,747,747,38,709,518,191,46,701,294,407
01,Mitte,600,electoral_district,6,75,Berlin-West,1323,1170,153,0,406,0,20,386,292,94,27,379,145,234
01,Mitte,601,electoral_district,6,75,Berlin-West,1513,1361,152,0,397,0,6,391,317,74,31,366,199,167
01,Mitte,602,electoral_district,6,75,Berlin-West,1091,970,121,0,401,0,17,384,299,85,33,368,139,229
01,Mitte,603,electoral_district,6,75,Berlin-West,1119,998,121,0,248,0,14,234,175,59,15,233,111,122
01,Mitte,604,electoral_district,6,75,Berlin-West,879,766,113,0,231,0,7,224,174,50,24,207,83,124
01,Mitte,605,electoral_district,6,75,Berlin-West,1128,1037,91,0,326,0,16,310,238,72,24,302,106,196
01,Mitte,606,electoral_district,6,75,Berlin-West,1063,973,90,0,311,0,12,299,231,68,25,286,111,175
01,Mitte,607,electoral_district,6,75,Berlin-West,981,890,91,0,285,0,6,279,233,46,15,270,143,127
01,Mitte,608,electoral_district,6,75,Berlin-West,872,773,99,0,240,0,8,232,153,79,19,221,105,116
01,Mitte,609,electoral_district,6,75,Berlin-West,773,717,56,0,140,0,10,130,101,29,11,129,50,79
01,Mitte,610,electoral_district,6,75,Berlin-West,995,909,86,0,318,0,8,310,264,46,27,291,83,208
01,Mitte,611,electoral_district,6,75,Berlin-West,839,773,66,0,189,0,1,188,163,25,6,183,37,146
01,Mitte,612,electoral_district,6,75,Berlin-West,985,908,77,0,244,0,10,234,184,50,20,224,64,160
01,Mitte,613,electoral_district,6,75,Berlin-West,1065,949,116,0,301,0,8,293,235,58,15,286,76,210
01,Mitte,614,electoral_district,6,75,Berlin-West,1268,1161,107,0,270,0,6,264,212,52,15,255,83,172
01,Mitte,615,electoral_district,6,75,Berlin-West,1134,1009,125,0,378,0,9,369,301,68,16,362,96,266
01,Mitte,616,electoral_district,6,75,Berlin-West,1337,1197,140,0,401,3,11,390,311,79,17,384,114,270
01,Mitte,617,electoral_district,6,75,Berlin-West,907,837,70,0,230,0,5,225,168,57,9,221,74,147
01,Mitte,618,electoral_district,6,75,Berlin-West,797,697,100,0,196,0,8,188,139,49,22,174,57,117
01,Mitte,619,electoral_district,6,75,Berlin-West,1026,954,72,0,273,1,15,258,209,49,26,247,93,154
01,Mitte,620,electoral_district,6,75,Berlin-West,1249,1128,121,0,305,0,16,289,255,34,66,239,44,195
01,Mitte,621,electoral_district,6,75,Berlin-West,695,619,76,0,126,1,7,119,84,35,11,115,45,70
01,Mitte,622,electoral_district,6,75,Berlin-West,906,805,101,0,224,0,10,214,159,55,27,197,119,78
01,Mitte,623,electoral_district,6,75,Berlin-West,909,819,90,0,241,0,12,229,153,76,26,215,105,110
01,Mitte,624,electoral_district,6,75,Berlin-West,902,855,47,0,191,0,3,188,6,182,54,137,30,107
01,Mitte,625,electoral_district,6,75,Berlin-West,985,917,68,0,199,0,10,189,126,63,23,176,79,97
01,Mitte,626,electoral_district,6,75,Berlin-West,1060,941,119,0,310,0,15,295,214,81,25,285,105,180
01,Mitte,627,electoral_district,6,75,Berlin-West,1036,957,79,0,309,0,14,295,229,66,25,284,109,175
01,Mitte,628,electoral_district,6,75,Berlin-West,1001,888,113,0,287,0,10,277,236,41,17,270,79,191
01,Mitte,629,electoral_district,6,75,Berlin-West,827,735,92,0,266,0,20,246,175,71,31,235,101,134
01,Mitte,630,electoral_district,6,75,Berlin-West,1008,949,59,0,217,0,7,210,151,59,16,201,83,118
01,Mitte,631,electoral_district,6,75,Berlin-West,820,766,54,0,192,0,12,180,140,40,17,175,74,101
01,Mitte,632,electoral_district,6,75,Berlin-West,1060,915,145,0,337,0,17,320,247,73,26,311,109,202
01,Mitte,633,electoral_district,6,75,Berlin-West,1267,1127,140,0,433,0,16,417,315,102,33,400,148,252
01,Mitte,634,electoral_district,6,75,Berlin-West,1434,1285,149,0,489,0,12,477,365,112,27,462,146,316
01,Mitte,635,electoral_district,6,75,Berlin-West,1450,1324,126,0,484,0,11,473,374,99,22,462,161,301
01,Mitte,6A,postal_voting_district,6,75,Berlin-West,0,0,0,0,503,503,32,471,359,112,40,463,174,289
01,Mitte,6B,postal_voting_district,6,75,Berlin-West,0,0,0,0,409,409,22,387,302,85,18,391,148,243
01,Mitte,6C,postal_voting_district,6,75,Berlin-West,0,0,0,0,529,529,21,508,367,141,24,505,215,290
01,Mitte,6D,postal_voting_district,6,75,Berlin-West,0,0,0,0,414,414,8,406,275,131,8,406,206,200
01,Mitte,6E,postal_voting_district,6,75,Berlin-West,0,0,0,0,624,624,18,606,443,163,33,591,234,357
01,Mitte,6F,postal_voting_district,6,75,Berlin-West,0,0,0,0,594,594,51,543,383,160,71,523,227,296
02,Friedrichshain-Kreuzberg,101,electoral_district,1,83,Berlin-West,1859,1662,197,0,494,4,15,479,332,147,32,462,165,297
02,Friedrichshain-Kreuzberg,102,electoral_district,1,83,Berlin-West,1651,1407,244,0,555,5,8,547,435,112,32,523,136,387
02,Friedrichshain-Kreuzberg,103,electoral_district,1,83,Berlin-West,1613,1477,136,0,411,5,17,394,305,89,41,370,138,232
02,Friedrichshain-Kreuzberg,104,electoral_district,1,83,Berlin-West,2032,1629,403,0,872,5,18,854,604,250,56,816,199,617
02,Friedrichshain-Kreuzberg,105,electoral_district,1,83,Berlin-West,1999,1653,346,0,975,5,15,960,818,142,55,920,130,790
02,Friedrichshain-Kreuzberg,106,electoral_district,1,83,Berlin-West,2015,1607,408,0,970,5,21,949,776,173,49,921,192,729
02,Friedrichshain-Kreuzberg,107,electoral_district,1,83,Berlin-West,1731,1417,314,0,829,6,13,816,651,165,44,785,172,613
02,Friedrichshain-Kreuzberg,108,electoral_district,1,83,Berlin-West,1831,1495,336,0,845,9,19,826,697,129,28,817,141,676
02,Friedrichshain-Kreuzberg,109,electoral_district,1,83,Berlin-West,2200,1700,500,0,1000,10,25,975,792,183,37,963,180,783
02,Friedrichshain-Kreuzberg,110,electoral_district,1,83,Berlin-West,1830,1459,371,0,880,3,14,866,754,112,52,828,130,698
02,Friedrichshain-Kreuzberg,111,electoral_district,1,83,Berlin-West,1952,1627,325,0,1041,5,18,1023,879,144,50,991,164,827
02,Friedrichshain-Kreuzberg,112,electoral_district,1,83,Berlin-West,2127,1762,365,0,1061,11,16,1045,935,110,59,1002,123,879
02,Friedrichshain-Kreuzberg,113,electoral_district,1,83,Berlin-West,1981,1633,348,0,977,8,22,955,830,125,44,933,144,789
02,Friedrichshain-Kreuzberg,114,electoral_district,1,83,Berlin-West,1878,1423,455,0,951,14,73,878,826,52,39,912,100,812
02,Friedrichshain-Kreuzberg,115,electoral_district,1,83,Berlin-West,1949,1542,407,0,1007,12,16,991,853,138,60,947,159,788
02,Friedrichshain-Kreuzberg,1A,postal_voting_district,1,83,Berlin-West,0,0,0,0,493,493,30,463,334,129,32,461,172,289
02,Friedrichshain-Kreuzberg,1B,postal_voting_district,1,83,Berlin-West,0,0,0,0,368,368,15,353,275,78,36,332,111,221
02,Friedrichshain-Kreuzberg,1C,postal_voting_district,1,83,Berlin-West,0,0,0,0,616,616,5,611,535,76,37,579,117,462
02,Friedrichshain-Kreuzberg,1D,postal_voting_district,1,83,Berlin-West,0,0,0,0,357,357,5,352,272,80,17,340,105,235
02,Friedrichshain-Kreuzberg,1E,postal_voting_district,1,83,Berlin-West,0,0,0,0,574,574,18,556,446,110,46,528,137,391
02,Friedrichshain-Kreuzberg,1F,postal_voting_district,1,83,Berlin-West,0,0,0,0,782,782,15,767,626,141,46,736,171,565
02,Friedrichshain-Kreuzberg,1G,postal_voting_district,1,83,Berlin-West,0,0,0,0,630,630,21,609,547,62,46,584,97,487
02,Friedrichshain-Kreuzberg,1H,postal_voting_district,1,83,Berlin-West,0,0,0,0,412,412,11,401,347,54,40,372,74,298
02,Friedrichshain-Kreuzberg,1I,postal_voting_district,1,83,Berlin-West,0,0,0,0,348,348,11,337,279,58,20,328,74,254
02,Friedrichshain-Kreuzberg,201,electoral_district,2,83,Berlin-West,1989,1517,472,0,999,15,19,980,838,142,54,945,129,816
02,Friedrichshain-Kreuzberg,202,electoral_district,2,83,Berlin-West,1986,1627,359,0,897,9,14,883,787,96,46,851,136,715
02,Friedrichshain-Kreuzberg,203,electoral_district,2,83,Berlin-West,1808,1531,277,0,778,10,16,762,685,77,41,737,112,625
02,Friedrichshain-Kreuzberg,204,electoral_district,2,83,Berlin-West,1899,1547,352,0,778,9,7,771,698,73,48,730,106,624
02,Friedrichshain-Kreuzberg,205,electoral_district,2,83,Berlin-West,1874,1557,317,0,894,10,14,880,766,114,57,837,148,689
02,Friedrichshain-Kreuzberg,206,electoral_district,2,83,Berlin-West,1906,1623,283,0,797,3,24,773,632,141,50,747,169,578
02,Friedrichshain-Kreuzberg,207,electoral_district,2,83,Berlin-West,1879,1581,298,0,754,11,16,738,647,91,40,714,140,574
02,Friedrichshain-Kreuzberg,208,electoral_district,2,83,Berlin-West,1770,1510,260,0,758,8,17,741,632,109,43,715,130,585
02,Friedrichshain-Kreuzberg,209,electoral_district,2,83,Berlin-West,1973,1674,299,0,860,11,22,838,727,111,48,812,163,649
02,Friedrichshain-Kreuzberg,210,electoral_district,2,83,Berlin-West,2009,1644,365,0,983,9,19,964,821,143,47,936,164,772
02,Friedrichshain-Kreuzberg,211,electoral_district,2,83,Berlin-West,1941,1699,242,0,851,7,22,829,711,118,57,794,148,646
02,Friedrichshain-Kreuzberg,212,electoral_district,2,83,Berlin-West,1912,1607,305,0,818,7,8,810,727,83,40,778,120,658
02,Friedrichshain-Kreuzberg,213,electoral_district,2,83,Berlin-West,1971,1651,320,0,866,12,13,853,757,96,44,822,112,710
02,Friedrichshain-Kreuzberg,214,electoral_district,2,83,Berlin-West,1748,1510,238,0,793,3,13,780,674,106,51,742,138,604
02,Friedrichshain-Kreuzberg,215,electoral_district,2,83,Berlin-West,2029,1734,295,0,995,12,24,971,854,117,52,943,169,774
02,Friedrichshain-Kreuzberg,2A,postal_voting_district,2,83,Berlin-West,0,0,0,0,429,429,18,411,342,69,31,398,96,302
02,Friedrichshain-Kreuzberg,2B,postal_voting_district,2,83,Berlin-West,0,0,0,0,602,602,14,588,507,81,32,570,118,452
02,Friedrichshain-Kreuzberg,2C,postal_voting_district,2,83,Berlin-West,0,0,0,0,533,533,7,526,454,72,23,510,91,419
02,Friedrichshain-Kreuzberg,2D,postal_voting_district,2,83,Berlin-West,0,0,0,0,509,509,20,489,418,71,45,464,107,357
02,Friedrichshain-Kreuzberg,2E,postal_voting_district,2,83,Berlin-West,0,0,0,0,490,490,21,469,393,76,45,445,103,342
02,Friedrichshain-Kreuzberg,2F,postal_voting_district,2,83,Berlin-West,0,0,0,0,556,556,24,532,453,79,47,509,100,409
02,Friedrichshain-Kreuzberg,2G,postal_voting_district,2,83,Berlin-West,0,0,0,0,524,524,5,519,441,78,28,496,116,380
02,Friedrichshain-Kreuzberg,2H,postal_voting_district,2,83,Berlin-West,0,0,0,0,441,441,6,435,364,71,30,411,94,317
02,Friedrichshain-Kreuzberg,301,electoral_district,3,83,Berlin-West,1792,1622,170,0,513,4,33,480,353,127,43,470,177,293
02,Friedrichshain-Kreuzberg,302,electoral_district,3,83,Berlin-West,1758,1558,200,0,567,3,23,544,428,116,28,539,177,362
02,Friedrichshain-Kreuzberg,303,electoral_district,3,83,Berlin-West,1955,1632,323,0,918,8,19,899,777,122,54,864,159,705
02,Friedrichshain-Kreuzberg,304,electoral_district,3,83,Berlin-West,1764,1485,279,0,791,4,17,774,651,123,59,732,146,586
02,Friedrichshain-Kreuzberg,305,electoral_district,3,83,Berlin-West,1953,1777,176,0,478,4,27,451,368,83,56,422,141,281
02,Friedrichshain-Kreuzberg,306,electoral_district,3,83,Berlin-West,2044,1841,203,0,493,1,33,460,359,101,36,457,164,293
02,Friedrichshain-Kreuzberg,307,electoral_district,3,83,Berlin-West,1802,1637,165,0,416,5,24,392,302,90,33,383,174,209
02,Friedrichshain-Kreuzberg,308,electoral_district,3,83,Berlin-West,1627,1505,122,0,446,4,13,433,363,70,42,404,125,279
02,Friedrichshain-Kreuzberg,309,electoral_district,3,83,Berlin-West,1669,1495,174,0,547,3,17,530,434,96,40,507,109,398
02,Friedrichshain-Kreuzberg,310,electoral_district,3,83,Berlin-West,1928,1649,279,0,781,10,18,763,666,97,56,725,118,607
02,Friedrichshain-Kreuzberg,311,electoral_district,3,83,Berlin-West,1641,1424,217,0,638,9,11,627,562,65,36,602,103,499
02,Friedrichshain-Kreuzberg,312,electoral_district,3,83,Berlin-West,1494,1323,171,0,518,2,3,515,452,63,33,485,81,404
02,Friedrichshain-Kreuzberg,313,electoral_district,3,83,Berlin-West,1775,1500,275,0,873,12,16,857,728,129,58,815,144,671
02,Friedrichshain-Kreuzberg,314,electoral_district,3,83,Berlin-West,1824,1593,231,0,657,9,26,631,525,106,35,622,166,456
02,Friedrichshain-Kreuzberg,315,electoral_district,3,83,Berlin-West,1702,1452,250,0,819,5,12,807,696,111,38,781,135,646
02,Friedrichshain-Kreuzberg,3A,postal_voting_district,3,83,Berlin-West,0,0,0,0,470,470,40,430,297,133,54,416,179,237
02,Friedrichshain-Kreuzberg,3B,postal_voting_district,3,83,Berlin-West,0,0,0,0,518,518,10,508,428,80,29,489,109,380
02,Friedrichshain-Kreuzberg,3C,postal_voting_district,3,83,Berlin-West,0,0,0,0,392,392,15,377,275,102,23,369,147,222
02,Friedrichshain-Kreuzberg,3D,postal_voting_district,3,83,Berlin-West,0,0,0,0,551,551,16,535,467,68,36,515,128,387
02,Friedrichshain-Kreuzberg,3E,postal_voting_district,3,83,Berlin-West,0,0,0,0,401,401,3,398,344,54,34,367,68,299
02,Friedrichshain-Kreuzberg,3F,postal_voting_district,3,83,Berlin-West,0,0,0,0,399,399,14,385,323,62,25,374,97,277
02,Friedrichshain-Kreuzberg,401,electoral_district,4,83,Berlin-Ost,2131,1840,291,0,630,2,57,573,348,225,58,572,310,262
02,Friedrichshain-Kreuzberg,402,electoral_district,4,83,Berlin-Ost,2015,1671,344,0,555,0,57,498,328,170,60,495,245,250
02,Friedrichshain-Kreuzberg,403,electoral_district,4,83,Berlin-Ost,2175,1845,330,0,759,5,33,726,498,228,45,714,312,402
02,Friedrichshain-Kreuzberg,404,electoral_district,4,83,Berlin-Ost,2131,1751,380,0,720,7,56,664,425,239,66,654,315,339
02,Friedrichshain-Kreuzberg,405,electoral_district,4,83,Berlin-Ost,1840,1593,247,0,645,2,45,600,399,201,60,585,301,284
02,Friedrichshain-Kreuzberg,406,electoral_district,4,83,Berlin-Ost,2228,1921,307,0,855,7,18,837,679,158,40,815,244,571
02,Friedrichshain-Kreuzberg,407,electoral_district,4,83,Berlin-Ost,2323,1970,353,0,1016,4,28,988,704,284,50,966,367,599
02,Friedrichshain-Kreuzberg,408,electoral_district,4,83,Berlin-Ost,2052,1705,347,0,899,10,19,880,643,237,50,849,298,551
02,Friedrichshain-Kreuzberg,409,electoral_district,4,83,Berlin-Ost,2188,1879,309,0,851,6,55,796,590,206,71,780,305,475
02,Friedrichshain-Kreuzberg,410,electoral_district,4,83,Berlin-Ost,2227,1863,364,0,701,1,27,674,491,183,35,666,229,437
02,Friedrichshain-Kreuzberg,411,electoral_district,4,83,Berlin-Ost,2232,1882,350,0,682,1,59,623,430,193,73,609,299,310
02,Friedrichshain-Kreuzberg,412,electoral_district,4,83,Berlin-Ost,2036,1711,325,0,615,1,54,561,331,230,60,555,296,259
02,Friedrichshain-Kreuzberg,413,electoral_district,4,83,Berlin-Ost,1823,1565,258,0,583,1,31,552,364,188,56,527,244,283
02,Friedrichshain-Kreuzberg,414,electoral_district,4,83,Berlin-Ost,1459,1255,204,0,401,3,20,381,252,129,19,382,181,201
02,Friedrichshain-Kreuzberg,415,electoral_district,4,83,Berlin-Ost,846,735,111,0,304,4,7,297,221,76,14,290,98,192
02,Friedrichshain-Kreuzberg,4A,postal_voting_district,4,83,Berlin-Ost,0,0,0,0,466,466,41,425,252,173,30,436,258,178
02,Friedrichshain-Kreuzberg,4B,postal_voting_district,4,83,Berlin-Ost,0,0,0,0,566,566,42,524,325,199,39,527,283,244
02,Friedrichshain-Kreuzberg,4C,postal_voting_district,4,83,Berlin-Ost,0,0,0,0,554,554,14,540,386,154,25,529,190,339
02,Friedrichshain-Kreuzberg,4D,postal_voting_district,4,83,Berlin-Ost,0,0,0,0,553,553,23,530,375,155,26,527,223,304
02,Friedrichshain-Kreuzberg,4E,postal_voting_district,4,83,Berlin-Ost,0,0,0,0,331,331,33,298,189,109,23,308,169,139
02,Friedrichshain-Kreuzberg,4F,postal_voting_district,4,83,Berlin-Ost,0,0,0,0,427,427,34,393,285,108,39,388,174,214
02,Friedrichshain-Kreuzberg,4G,postal_voting_district,4,83,Berlin-Ost,0,0,0,0,517,517,39,478,289,189,54,463,267,196
02,Friedrichshain-Kreuzberg,4H,postal_voting_district,4,83,Berlin-Ost,0,0,0,0,479,479,49,430,262,168,41,438,258,180
02,Friedrichshain-Kreuzberg,501,electoral_district,5,83,Berlin-Ost,1741,1511,230,0,717,2,20,697,573,124,33,684,208,476
02,Friedrichshain-Kreuzberg,502,electoral_district,5,83,Berlin-Ost,1831,1605,226,0,796,12,10,786,625,161,35,761,349,412
02,Friedrichshain-Kreuzberg,503,electoral_district,5,83,Berlin-Ost,2012,1735,277,0,896,3,33,863,708,155,46,850,232,618
02,Friedrichshain-Kreuzberg,504,electoral_district,5,83,Berlin-Ost,1851,1585,266,0,745,5,17,728,582,146,38,707,216,491
02,Friedrichshain-Kreuzberg,505,electoral_district,5,83,Berlin-Ost,1322,1107,215,0,636,3,10,626,516,110,36,600,161,439
02,Friedrichshain-Kreuzberg,506,electoral_district,5,83,Berlin-Ost,1649,1374,275,0,717,6,16,701,558,143,30,687,178,509
02,Friedrichshain-Kreuzberg,507,electoral_district,5,83,Berlin-Ost,1759,1459,300,0,750,4,15,735,580,155,43,707,178,529
02,Friedrichshain-Kreuzberg,508,electoral_district,5,83,Berlin-Ost,1486,1248,238,0,652,2,14,638,502,136,40,612,156,456
02,Friedrichshain-Kreuzberg,509,electoral_district,5,83,Berlin-Ost,1762,1508,254,0,714,4,17,697,539,158,29,685,200,485
02,Friedrichshain-Kreuzberg,510,electoral_district,5,83,Berlin-Ost,1832,1557,275,0,761,7,11,750,609,141,28,733,188,545
02,Friedrichshain-Kreuzberg,511,electoral_district,5,83,Berlin-Ost,2201,1880,321,0,1043,4,26,1017,798,219,52,991,289,702
02,Friedrichshain-Kreuzberg,512,electoral_district,5,83,Berlin-Ost,1928,1643,285,0,808,4,15,793,654,139,30,778,171,607
02,Friedrichshain-Kreuzberg,513,electoral_district,5,83,Berlin-Ost,1918,1620,298,0,746,3,19,727,580,147,39,707,193,514
02,Friedrichshain-Kreuzberg,514,electoral_district,5,83,Berlin-Ost,1768,1530,238,0,767,3,13,754,604,150,30,737,192,545
02,Friedrichshain-Kreuzberg,515,electoral_district,5,83,Berlin-Ost,2042,1739,303,0,863,5,21,842,658,184,45,818,242,576
02,Friedrichshain-Kreuzberg,516,electoral_district,5,83,Berlin-Ost,1860,1589,271,0,754,2,12,742,597,145,41,713,178,535
02,Friedrichshain-Kreuzberg,5A,postal_voting_district,5,83,Berlin-Ost,0,0,0,0,478,478,10,468,368,100,18,460,163,297
02,Friedrichshain-Kreuzberg,5B,postal_voting_district,5,83,Berlin-Ost,0,0,0,0,472,472,18,454,352,102,19,453,178,275
02,Friedrichshain-Kreuzberg,5C,postal_voting_district,5,83,Berlin-Ost,0,0,0,0,433,433,11,422,331,91,32,401,139,262
02,Friedrichshain-Kreuzberg,5D,postal_voting_district,5,83,Berlin-Ost,0,0,0,0,476,476,7,469,372,97,18,458,159,299
02,Friedrichshain-Kreuzberg,5E,postal_voting_district,5,83,Berlin-Ost,0,0,0,0,478,478,10,468,358,110,14,464,142,322
02,Friedrichshain-Kreuzberg,5F,postal_voting_district,5,83,Berlin-Ost,0,0,0,0,538,538,12,526,402,124,26,512,166,346
02,Friedrichshain-Kreuzberg,5G,postal_voting_district,5,83,Berlin-Ost,0,0,0,0,459,459,8,451,359,92,20,439,141,298
02,Friedrichshain-Kreuzberg,5H,postal_voting_district,5,83,Berlin-Ost,0,0,0,0,507,507,15,492,396,96,22,485,153,332
02,Friedrichshain-Kreuzberg,601,electoral_district,6,83,Berlin-Ost,1997,1659,338,0,760,4,41,719,508,211,51,709,284,425
02,Friedrichshain-Kreuzberg,602,electoral_district,6,83,Berlin-Ost,1964,1686,278,0,794,3,35,759,576,183,50,744,241,503
02,Friedrichshain-Kreuzberg,603,electoral_district,6,83,Berlin-Ost,2157,1776,381,0,933,5,25,908,667,241,30,903,314,589
02,Friedrichshain-Kreuzberg,604,electoral_district,6,83,Berlin-Ost,2267,1832,435,0,899,6,15,884,699,185,44,855,210,645
02,Friedrichshain-Kreuzberg,605,electoral_district,6,83,Berlin-Ost,2173,1789,384,0,864,7,14,850,673,177,52,812,200,612
02,Friedrichshain-Kreuzberg,606,electoral_district,6,83,Berlin-Ost,1896,1582,314,0,849,13,20,829,658,171,41,808,212,596
02,Friedrichshain-Kreuzberg,607,electoral_district,6,83,Berlin-Ost,2045,1695,350,0,928,5,21,907,734,173,18,910,220,690
02,Friedrichshain-Kreuzberg,608,electoral_district,6,83,Berlin-Ost,2043,1761,282,0,972,9,22,950,773,177,47,925,235,690
02,Friedrichshain-Kreuzberg,609,electoral_district,6,83,Berlin-Ost,1732,1496,236,0,696,4,19,677,550,127,50,646,187,459
02,Friedrichshain-Kreuzberg,610,electoral_district,6,83,Berlin-Ost,2121,1772,349,0,973,14,15,958,800,158,33,940,187,753
02,Friedrichshain-Kreuzberg,611,electoral_district,6,83,Berlin-Ost,2257,1909,348,0,1064,11,28,1036,818,218,88,976,266,710
02,Friedrichshain-Kreuzberg,612,electoral_district,6,83,Berlin-Ost,1459,1217,242,0,595,7,17,578,449,129,30,565,179,386
02,Friedrichshain-Kreuzberg,613,electoral_district,6,83,Berlin-Ost,1937,1690,247,0,642,4,16,626,492,134,39,603,203,400
02,Friedrichshain-Kreuzberg,614,electoral_district,6,83,Berlin-Ost,1433,1227,206,0,558,3,9,549,437,112,27,531,179,352
02,Friedrichshain-Kreuzberg,615,electoral_district,6,83,Berlin-Ost,1045,890,155,0,394,0,8,386,263,123,18,376,137,239
02,Friedrichshain-Kreuzberg,616,electoral_district,6,83,Berlin-Ost,1333,1150,183,0,605,4,33,572,341,231,43,562,287,275
02,Friedrichshain-Kreuzberg,6A,postal_voting_district,6,83,Berlin-Ost,0,0,0,0,535,535,28,507,331,176,26,509,233,276
02,Friedrichshain-Kreuzberg,6B,postal_voting_district,6,83,Berlin-Ost,0,0,0,0,556,556,42,514,385,129,55,501,193,308
02,Friedrichshain-Kreuzberg,6C,postal_voting_district,6,83,Berlin-Ost,0,0,0,0,420,420,19,401,309,92,38,382,110,272
02,Friedrichshain-Kreuzberg,6D,postal_voting_district,6,83,Berlin-Ost,0,0,0,0,588,588,11,577,466,111,25,563,161,402
02,Friedrichshain-Kreuzberg,6E,postal_voting_district,6,83,Berlin-Ost,0,0,0,0,561,561,9,552,437,115,27,534,169,365
02,Friedrichshain-Kreuzberg,6F,postal_voting_district,6,83,Berlin-Ost,0,0,0,0,503,503,8,495,380,115,22,481,163,318
02,Friedrichshain-Kreuzberg,6G,postal_voting_district,6,83,Berlin-Ost,0,0,0,0,527,527,19,508,390,118,33,494,230,264
02,Friedrichshain-Kreuzberg,6H,postal_voting_district,6,83,Berlin-Ost,0,0,0,0,463,463,18,445,304,141,24,439,202,237
03,Pankow,101,electoral_district,1,76,Berlin-Ost,1849,1565,284,0,573,1,44,529,340,189,49,524,266,258
03,Pankow,102,electoral_district,1,76,Berlin-Ost,1902,1641,261,0,471,3,34,437,270,167,48,423,231,192
03,Pankow,103,electoral_district,1,76,Berlin-Ost,1922,1740,182,0,462,0,54,408,282,126,62,400,260,140
03,Pankow,104,electoral_district,1,76,Berlin-Ost,1605,1422,183,0,523,1,64,459,288,171,55,468,295,173
03,Pankow,105,electoral_district,1,76,Berlin-Ost,2007,1869,138,0,394,2,35,359,256,103,43,351,195,156
03,Pankow,106,electoral_district,1,76,Berlin-Ost,1850,1680,170,0,530,2,60,470,313,157,85,445,285,160
03,Pankow,107,electoral_district,1,76,Berlin-Ost,1548,1455,93,0,366,0,30,336,212,124,29,337,193,144
03,Pankow,108,electoral_district,1,76,Berlin-Ost,1570,1414,156,0,470,2,43,427,228,199,36,434,273,161
03,Pankow,109,electoral_district,1,76,Berlin-Ost,1577,1474,103,0,394,2,32,362,209,153,34,360,224,136
03,Pankow,110,electoral_district,1,76,Berlin-Ost,1213,1081,132,0,375,0,27,348,172,176,16,359,224,135
03,Pankow,111,electoral_district,1,76,Berlin-Ost,1159,1011,148,0,457,3,36,421,219,202,47,410,222,188
03,Pankow,112,electoral_district,1,76,Berlin-Ost,1713,1427,286,0,666,2,36,630,336,294,42,624,374,250
03,Pankow,113,electoral_district,1,76,Berlin-Ost,1781,1577,204,0,689,2,38,651,359,292,47,642,345,297
03,Pankow,114,electoral_district,1,76,Berlin-Ost,1501,1269,232,0,537,2,42,495,288,207,48,489,273,216
03,Pankow,115,electoral_district,1,76,Berlin-Ost,1798,1609,189,0,564,2,35,529,309,220,34,530,297,233
03,Pankow,116,electoral_district,1,76,Berlin-Ost,1388,1251,137,0,427,0,34,393,242,151,39,388,233,155
03,Pankow,117,electoral_district,1,76,Berlin-Ost,1821,1603,218,0,528,2,60,468,300,168,44,484,265,219
03,Pankow,118,electoral_district,1,76,Berlin-Ost,1469,1308,161,0,417,1,23,394,223,171,33,384,224,160
03,Pankow,119,electoral_district,1,76,Berlin-Ost,1615,1477,138,0,507,0,45,462,290,172,48,459,268,191
03,Pankow,120,electoral_district,1,76,Berlin-Ost,1091,969,122,0,298,0,18,280,177,103,25,273,148,125
03,Pankow,121,electoral_district,1,76,Berlin-Ost,1806,1546,260,0,569,2,43,526,275,251,46,523,313,210
03,Pankow,1A,postal_voting_district,1,76,Berlin-Ost,0,0,0,0,757,757,59,698,404,294,59,698,448,250
03,Pankow,1B,postal_voting_district,1,76,Berlin-Ost,0,0,0,0,480,480,41,439,272,167,30,450,272,178
03,Pankow,1C,postal_voting_district,1,76,Berlin-Ost,0,0,0,0,462,462,39,423,234,189,28,434,266,168
03,Pankow,1D,postal_voting_district,1,76,Berlin-Ost,0,0,0,0,926,926,75,851,461,390,53,873,563,310
03,Pankow,1E,postal_voting_district,1,76,Berlin-Ost,0,0,0,0,651,651,35,616,334,282,43,608,379,229
03,Pankow,201,electoral_district,2,76,Berlin-Ost,650,596,54,0,208,0,28,180,123,57,24,184,116,68
03,Pankow,202,electoral_district,2,76,Berlin-Ost,825,761,64,0,246,3,27,219,148,71,37,209,111,98
03,Pankow,203,electoral_district,2,76,Berlin-Ost,1872,1703,169,0,520,3,47,473,274,199,40,480,296,184
03,Pankow,204,electoral_district,2,76,Berlin-Ost,1849,1705,144,0,495,1,37,458,260,198,40,455,251,204
03,Pankow,205,electoral_district,2,76,Berlin-Ost,1795,1590,205,0,437,1,29,408,249,159,42,395,215,180
03,Pankow,206,electoral_district,2,76,Berlin-Ost,1772,1503,269,0,610,2,42,568,297,271,46,564,332,232
03,Pankow,207,electoral_district,2,76,Berlin-Ost,1741,1578,163,0,501,0,40,461,282,179,50,451,233,218
03,Pankow,208,electoral_district,2,76,Berlin-Ost,1630,1385,245,0,505,0,38,467,291,176,47,458,232,226
03,Pankow,209,electoral_district,2,76,Berlin-Ost,1687,1455,232,0,542,4,42,500,306,194,44,498,244,254
03,Pankow,210,electoral_district,2,76,Berlin-Ost,1898,1659,239,0,691,4,35,656,411,245,43,648,312,336
03,Pankow,211,electoral_district,2,76,Berlin-Ost,1801,1482,319,0,686,0,33,653,361,292,43,643,338,305
03,Pankow,212,electoral_district,2,76,Berlin-Ost,1523,1249,274,0,519,3,36,483,298,185,35,484,237,247
03,Pankow,213,electoral_district,2,76,Berlin-Ost,1688,1424,264,0,642,4,26,616,392,224,52,590,273,317
03,Pankow,214,electoral_district,2,76,Berlin-Ost,1918,1636,282,0,732,1,40,692,414,278,45,687,342,345
03,Pankow,215,electoral_district,2,76,Berlin-Ost,1876,1639,237,0,644,3,40,604,346,258,46,598,318,280
03,Pankow,216,electoral_district,2,76,Berlin-Ost,1732,1474,258,0,597,0,34,563,352,211,46,551,253,298
03,Pankow,217,electoral_district,2,76,Berlin-Ost,1762,1530,232,0,587,0,31,556,317,239,35,552,300,252
03,Pankow,218,electoral_district,2,76,Berlin-Ost,1874,1643,231,0,446,1,6,440,270,170,6,440,243,197
03,Pankow,219,electoral_district,2,76,Berlin-Ost,1389,1215,174,0,473,2,27,446,267,179,51,422,222,200
03,Pankow,220,electoral_district,2,76,Berlin-Ost,1290,1076,214,0,525,4,36,489,301,188,35,490,246,244
03,Pankow,2A,postal_voting_district,2,76,Berlin-Ost,0,0,0,0,752,752,51,701,419,282,41,711,405,306
03,Pankow,2B,postal_voting_district,2,76,Berlin-Ost,0,0,0,0,734,734,50,684,371,313,50,684,443,241
03,Pankow,2C,postal_voting_district,2,76,Berlin-Ost,0,0,0,0,941,941,93,848,478,370,65,876,545,331
03,Pankow,2D,postal_voting_district,2,76,Berlin-Ost,0,0,0,0,842,842,58,784,430,354,51,791,472,319
03,Pankow,2E,postal_voting_district,2,76,Berlin-Ost,0,0,0,0,624,624,46,578,341,237,49,575,337,238
03,Pankow,301,electoral_district,3,76,Berlin-Ost,1681,1433,248,0,507,1,29,478,239,239,29,478,273,205
03,Pankow,302,electoral_district,3,76,Berlin-Ost,2005,1716,289,0,462,1,38,424,241,183,43,419,237,182
03,Pankow,303,electoral_district,3,76,Berlin-Ost,1700,1533,167,0,393,0,31,362,253,109,50,343,199,144
03,Pankow,304,electoral_district,3,76,Berlin-Ost,1391,1196,195,0,434,0,31,403,236,167,32,402,208,194
03,Pankow,305,electoral_district,3,76,Berlin-Ost,1499,1277,222,0,449,0,35,414,262,152,41,408,211,197
03,Pankow,306,electoral_district,3,76,Berlin-Ost,1798,1457,341,0,560,1,39,521,322,199,45,515,276,239
03,Pankow,307,electoral_district,3,76,Berlin-Ost,1864,1599,265,0,624,0,56,568,376,192,64,560,266,294
03,Pankow,308,electoral_district,3,76,Berlin-Ost,1669,1399,270,0,557,2,24,533,330,203,44,513,250,263
03,Pankow,309,electoral_district,3,76,Berlin-Ost,1913,1664,249,0,681,2,33,648,440,208,57,624,279,345
03,Pankow,310,electoral_district,3,76,Berlin-Ost,1600,1385,215,0,641,1,21,620,419,201,29,612,264,348
03,Pankow,311,electoral_district,3,76,Berlin-Ost,1654,1312,342,0,657,3,48,609,398,211,48,609,265,344
03,Pankow,312,electoral_district,3,76,Berlin-Ost,1695,1414,281,0,636,1,35,601,376,225,58,578,281,297
03,Pankow,313,electoral_district,3,76,Berlin-Ost,1852,1569,283,0,762,2,26,736,441,295,62,700,317,383
03,Pankow,314,electoral_district,3,76,Berlin-Ost,1793,1462,331,0,664,0,34,630,364,266,33,631,296,335
03,Pankow,315,electoral_district,3,76,Berlin-Ost,1599,1309,290,0,651,1,28,623,420,203,35,616,244,372
03,Pankow,316,electoral_district,3,76,Berlin-Ost,1577,1334,243,0,649,2,25,624,404,220,29,620,249,371
03,Pankow,317,electoral_district,3,76,Berlin-Ost,2095,1780,315,0,832,4,20,812,549,263,38,794,298,496
03,Pankow,318,electoral_district,3,76,Berlin-Ost,1198,1021,177,0,391,0,14,377,271,106,27,364,159,205
03,Pankow,319,electoral_district,3,76,Berlin-Ost,1754,1514,240,0,523,0,56,467,294,173,62,461,252,209
03,Pankow,3A,postal_voting_district,3,76,Berlin-Ost,0,0,0,0,801,801,89,712,374,338,69,732,482,250
03,Pankow,3B,postal_voting_district,3,76,Berlin-Ost,0,0,0,0,913,913,89,824,473,351,92,821,515,306
03,Pankow,3C,postal_voting_district,3,76,Berlin-Ost,0,0,0,0,1093,1093,61,1032,603,429,59,1034,595,439
03,Pankow,3D,postal_voting_district,3,76,Berlin-Ost,0,0,0,0,903,903,54,849,587,262,57,846,405,441
03,Pankow,3E,postal_voting_district,3,76,Berlin-Ost,0,0,0,0,626,626,39,587,393,194,52,574,304,270
03,Pankow,401,electoral_district,4,76,Berlin-Ost,1922,1765,157,0,473,2,34,439,282,157,47,426,226,200
03,Pankow,402,electoral_district,4,76,Berlin-Ost,1791,1616,175,0,519,5,36,483,313,170,51,468,252,216
03,Pankow,403,electoral_district,4,76,Berlin-Ost,1888,1627,261,0,624,0,50,574,362,212,65,559,293,266
03,Pankow,404,electoral_district,4,76,Berlin-Ost,1401,1189,212,0,454,2,31,423,276,147,37,417,193,224
03,Pankow,405,electoral_district,4,76,Berlin-Ost,1691,1534,157,0,389,0,25,364,259,105,33,356,165,191
03,Pankow,406,electoral_district,4,76,Berlin-Ost,1776,1559,217,0,514,2,38,476,306,170,56,458,231,227
03,Pankow,407,electoral_district,4,76,Berlin-Ost,1678,1496,182,0,392,0,40,352,230,122,32,360,197,163
03,Pankow,408,electoral_district,4,76,Berlin-Ost,1881,1705,176,0,476,0,50,426,261,165,50,426,239,187
03,Pankow,409,electoral_district,4,76,Berlin-Ost,1298,1121,177,0,321,2,32,289,167,122,30,291,168,123
03,Pankow,410,electoral_district,4,76,Berlin-Ost,1410,1264,146,0,379,2,20,359,283,76,25,354,137,217
03,Pankow,411,electoral_district,4,76,Berlin-Ost,1713,1499,214,0,476,2,22,454,237,217,24,452,248,204
03,Pankow,412,electoral_district,4,76,Berlin-Ost,1621,1418,203,0,462,3,38,424,227,197,40,422,246,176
03,Pankow,413,electoral_district,4,76,Berlin-Ost,2060,1726,334,0,554,6,35,519,292,227,44,510,296,214
03,Pankow,414,electoral_district,4,76,Berlin-Ost,1918,1574,344,0,642,6,44,598,375,223,58,584,293,291
03,Pankow,415,electoral_district,4,76,Berlin-Ost,1927,1679,248,0,508,0,37,471,291,180,43,465,140,325
03,Pankow,416,electoral_district,4,76,Berlin-Ost,1760,1505,255,0,468,0,5,463,270,193,5,463,223,240
03,Pankow,417,electoral_district,4,76,Berlin-Ost,1816,1586,230,0,403,5,46,357,195,162,39,364,234,130
03,Pankow,4A,postal_voting_district,4,76,Berlin-Ost,0,0,0,0,493,493,37,456,278,178,33,460,262,198
03,Pankow,4B,postal_voting_district,4,76,Berlin-Ost,0,0,0,0,708,708,44,664,409,255,43,665,376,289
03,Pankow,4C,postal_voting_district,4,76,Berlin-Ost,0,0,0,0,621,621,54,567,320,247,36,585,389,196
03,Pankow,4D,postal_voting_district,4,76,Berlin-Ost,0,0,0,0,472,472,49,423,251,172,43,429,262,167
03,Pankow,4E,postal_voting_district,4,76,Berlin-Ost,0,0,0,0,762,762,45,717,407,310,45,717,454,263
03,Pankow,501,electoral_district,5,76,Berlin-Ost,1733,1462,271,0,573,0,50,523,348,175,68,505,272,233
03,Pankow,502,electoral_district,5,76,Berlin-Ost,1306,1115,191,0,476,3,24,452,303,149,38,438,197,241
03,Pankow,503,electoral_district,5,76,Berlin-Ost,1630,1409,221,0,614,2,31,583,388,195,37,577,266,311
03,Pankow,504,electoral_district,5,76,Berlin-Ost,1455,1252,203,0,586,0,61,525,402,123,32,554,197,357
03,Pankow,505,electoral_district,5,76,Berlin-Ost,1321,1171,150,0,443,1,19,424,271,153,41,402,206,196
03,Pankow,506,electoral_district,5,76,Berlin-Ost,1458,1230,228,0,472,0,34,438,299,139,46,426,194,232
03,Pankow,507,electoral_district,5,76,Berlin-Ost,1568,1346,222,0,464,1,48,416,241,175,43,421,234,187
03,Pankow,508,electoral_district,5,76,Berlin-Ost,1521,1306,215,0,495,0,33,462,317,145,32,463,210,253
03,Pankow,509,electoral_district,5,76,Berlin-Ost,1678,1412,266,0,483,3,30,453,264,189,40,443,227,216
03,Pankow,510,electoral_district,5,76,Berlin-Ost,1461,1261,200,0,424,1,22,402,286,116,33,391,182,209
03,Pankow,511,electoral_district,5,76,Berlin-Ost,1632,1378,254,0,604,2,6,598,381,217,6,598,254,344
03,Pankow,512,electoral_district,5,76,Berlin-Ost,1607,1389,218,0,458,1,32,426,300,126,43,415,194,221
03,Pankow,513,electoral_district,5,76,Berlin-Ost,1743,1529,214,0,525,3,40,485,300,185,57,468,249,219
03,Pankow,514,electoral_district,5,76,Berlin-Ost,1608,1476,132,0,407,0,28,379,268,111,44,363,188,175
03,Pankow,515,electoral_district,5,76,Berlin-Ost,1145,1024,121,0,352,0,25,327,185,142,24,328,200,128
03,Pankow,516,electoral_district,5,76,Berlin-Ost,1824,1565,259,0,601,2,47,554,285,269,45,556,339,217
03,Pankow,517,electoral_district,5,76,Berlin-Ost,1239,1121,118,0,479,0,31,448,264,184,27,452,265,187
03,Pankow,518,electoral_district,5,76,Berlin-Ost,1483,1303,180,0,489,0,25,464,313,151,32,457,212,245
03,Pankow,519,electoral_district,5,76,Berlin-Ost,1391,1148,243,0,447,1,23,424,280,144,27,420,187,233
03,Pankow,520,electoral_district,5,76,Berlin-Ost,1554,1316,238,0,606,6,22,584,419,165,34,572,202,370
03,Pankow,5A,postal_voting_district,5,76,Berlin-Ost,0,0,0,0,786,786,60,726,467,259,68,718,381,337
03,Pankow,5B,postal_voting_district,5,76,Berlin-Ost,0,0,0,0,689,689,29,660,430,230,38,651,331,320
03,Pankow,5C,postal_voting_district,5,76,Berlin-Ost,0,0,0,0,798,798,52,746,498,248,61,737,403,334
03,Pankow,5D,postal_voting_district,5,76,Berlin-Ost,0,0,0,0,752,752,46,706,428,278,51,701,391,310
03,Pankow,5E,postal_voting_district,5,76,Berlin-Ost,0,0,0,0,544,544,46,498,267,231,37,507,327,180
03,Pankow,601,electoral_district,6,76,Berlin-Ost,1908,1693,215,0,724,7,15,709,529,180,42,682,234,448
03,Pankow,602,electoral_district,6,76,Berlin-Ost,1820,1521,299,0,690,6,17,673,513,160,42,648,204,444
03,Pankow,603,electoral_district,6,76,Berlin-Ost,1700,1444,256,0,692,5,31,661,499,162,48,644,223,421
03,Pankow,604,electoral_district,6,76,Berlin-Ost,1820,1527,293,0,833,6,17,816,596,220,53,780,286,494
03,Pankow,605,electoral_district,6,76,Berlin-Ost,1913,1633,280,0,835,8,28,807,597,210,40,795,271,524
03,Pankow,606,electoral_district,6,76,Berlin-Ost,1643,1354,289,0,723,2,35,688,494,194,50,673,248,425
03,Pankow,607,electoral_district,6,76,Berlin-Ost,1598,1314,284,0,701,13,3,698,506,192,3,698,214,484
03,Pankow,608,electoral_district,6,76,Berlin-Ost,1641,1398,243,0,734,5,27,707,523,184,42,692,235,457
03,Pankow,609,electoral_district,6,76,Berlin-Ost,1619,1344,275,0,673,6,12,661,508,153,40,633,234,399
03,Pankow,610,electoral_district,6,76,Berlin-Ost,1647,1372,275,0,693,6,33,660,481,179,56,637,241,396
03,Pankow,611,electoral_district,6,76,Berlin-Ost,1562,1274,288,0,615,6,15,600,453,147,29,586,180,406
03,Pankow,612,electoral_district,6,76,Berlin-Ost,1560,1258,302,0,704,10,38,666,494,172,59,645,197,448
03,Pankow,613,electoral_district,6,76,Berlin-Ost,1527,1254,273,0,604,8,14,590,411,179,38,566,199,367
03,Pankow,614,electoral_district,6,76,Berlin-Ost,1757,1431,326,0,738,13,20,718,539,179,44,694,218,476
03,Pankow,615,electoral_district,6,76,Berlin-Ost,944,745,199,0,425,5,15,410,332,78,41,384,114,270
03,Pankow,616,electoral_district,6,76,Berlin-Ost,808,674,134,0,349,4,9,340,259,81,23,326,95,231
03,Pankow,617,electoral_district,6,76,Berlin-Ost,1621,1356,265,0,716,10,21,695,537,158,48,668,214,454
03,Pankow,618,electoral_district,6,76,Berlin-Ost,1678,1351,327,0,693,5,10,683,518,165,34,659,214,445
03,Pankow,619,electoral_district,6,76,Berlin-Ost,1514,1234,280,0,530,5,10,520,389,131,28,502,76,426
03,Pankow,620,electoral_district,6,76,Berlin-Ost,1750,1458,292,0,744,13,18,726,524,202,48,696,224,472
03,Pankow,6A,postal_voting_district,6,76,Berlin-Ost,0,0,0,0,920,920,30,890,649,241,36,884,344,540
03,Pankow,6B,postal_voting_district,6,76,Berlin-Ost,0,0,0,0,896,896,21,875,635,240,46,850,315,535
03,Pankow,6C,postal_voting_district,6,76,Berlin-Ost,0,0,0,0,953,953,29,924,638,286,61,892,371,521
03,Pankow,6D,postal_voting_district,6,76,Berlin-Ost,0,0,0,0,777,777,23,754,549,205,52,725,291,434
03,Pankow,6E,postal_voting_district,6,76,Berlin-Ost,0,0,0,0,969,969,31,938,687,251,63,906,364,542
03,Pankow,701,electoral_district,7,76,Berlin-Ost,1516,1370,146,0,432,2,20,412,273,139,26,406,198,208
03,Pankow,702,electoral_district,7,76,Berlin-Ost,1379,1241,138,0,428,1,29,399,288,111,30,398,183,215
03,Pankow,703,electoral_district,7,76,Berlin-Ost,1661,1502,159,0,436,1,15,421,283,138,29,407,164,243
03,Pankow,704,electoral_district,7,76,Berlin-Ost,1364,1249,115,0,358,1,19,339,232,107,19,339,167,172
03,Pankow,705,electoral_district,7,76,Berlin-Ost,1693,1483,210,0,528,4,16,512,361,151,33,495,196,299
03,Pankow,706,electoral_district,7,83,Berlin-Ost,1600,1386,214,0,394,0,22,372,230,142,27,367,196,171
03,Pankow,707,electoral_district,7,83,Berlin-Ost,1451,1261,190,0,484,1,20,464,337,127,21,463,186,277
03,Pankow,708,electoral_district,7,83,Berlin-Ost,1628,1399,229,0,576,9,22,554,415,139,36,540,184,356
03,Pankow,709,electoral_district,7,83,Berlin-Ost,1711,1504,207,0,643,7,26,617,451,166,40,603,236,367
03,Pankow,710,electoral_district,7,83,Berlin-Ost,1880,1668,212,0,604,3,22,582,409,173,38,566,240,326
03,Pankow,711,electoral_district,7,83,Berlin-Ost,1976,1701,275,0,581,1,31,550,389,161,37,544,247,297
03,Pankow,712,electoral_district,7,76,Berlin-Ost,1593,1349,244,0,494,0,19,475,357,118,42,452,173,279
03,Pankow,713,electoral_district,7,76,Berlin-Ost,1611,1306,305,0,662,2,15,647,485,162,34,628,210,418
03,Pankow,714,electoral_district,7,76,Berlin-Ost,1294,1082,212,0,524,3,20,504,353,151,38,486,192,294
03,Pankow,715,electoral_district,7,76,Berlin-Ost,1721,1454,267,0,640,4,33,607,422,185,54,586,239,347
03,Pankow,716,electoral_district,7,76,Berlin-Ost,1502,1266,236,0,604,5,18,586,436,150,42,562,194,368
03,Pankow,717,electoral_district,7,76,Berlin-Ost,1408,1202,206,0,566,5,10,556,415,141,35,531,186,345
03,Pankow,718,electoral_district,7,76,Berlin-Ost,1116,974,142,0,386,2,17,369,242,127,25,361,165,196
03,Pankow,719,electoral_district,7,76,Berlin-Ost,1371,1221,150,0,450,2,11,439,337,102,28,422,139,283
03,Pankow,720,electoral_district,7,76,Berlin-Ost,1491,1241,250,0,597,2,29,568,422,146,52,545,192,353
03,Pankow,7A,postal_voting_district,7,76,Berlin-Ost,0,0,0,0,515,515,27,488,316,172,23,492,240,252
03,Pankow,7B,postal_voting_district,7,76,Berlin-Ost,0,0,0,0,400,400,15,385,264,121,20,380,181,199
03,Pankow,7C,postal_voting_district,7,83,Berlin-Ost,0,0,0,0,542,542,35,507,321,186,24,518,279,239
03,Pankow,7D,postal_voting_district,7,83,Berlin-Ost,0,0,0,0,598,598,36,562,377,185,41,557,273,284
03,Pankow,7E,postal_voting_district,7,83,Berlin-Ost,0,0,0,0,707,707,23,684,492,192,38,669,279,390
03,Pankow,7F,postal_voting_district,7,76,Berlin-Ost,0,0,0,0,749,749,35,714,506,208,47,702,320,382
03,Pankow,801,electoral_district,8,83,Berlin-Ost,1930,1671,259,0,546,1,26,520,334,186,12,534,296,238
03,Pankow,802,electoral_district,8,83,Berlin-Ost,1554,1298,256,0,665,9,21,644,493,151,31,634,217,417
03,Pankow,803,electoral_district,8,83,Berlin-Ost,1462,1211,251,0,573,8,20,553,404,149,39,534,195,339
03,Pankow,804,electoral_district,8,83,Berlin-Ost,1457,1244,213,0,702,9,29,673,486,187,53,649,222,427
03,Pankow,805,electoral_district,8,83,Berlin-Ost,1700,1399,301,0,721,8,29,692,503,189,44,677,226,451
03,Pankow,806,electoral_district,8,83,Berlin-Ost,1484,1172,312,0,603,7,22,581,422,159,36,567,376,191
03,Pankow,807,electoral_district,8,83,Berlin-Ost,1666,1312,354,0,716,6,26,690,473,217,40,676,266,410
03,Pankow,808,electoral_district,8,83,Berlin-Ost,1788,1515,273,0,617,3,44,573,373,200,45,572,278,294
03,Pankow,809,electoral_district,8,76,Berlin-Ost,1603,1300,303,0,685,9,32,653,480,173,51,634,220,414
03,Pankow,810,electoral_district,8,76,Berlin-Ost,1538,1217,321,0,652,14,34,618,437,181,56,596,227,369
03,Pankow,811,electoral_district,8,76,Berlin-Ost,1421,1110,311,0,567,1,16,551,393,158,33,534,202,332
03,Pankow,812,electoral_district,8,76,Berlin-Ost,1649,1268,381,0,722,3,30,692,487,205,49,673,248,425
03,Pankow,813,electoral_district,8,76,Berlin-Ost,1511,1227,284,0,656,3,25,631,442,189,39,617,137,480
03,Pankow,814,electoral_district,8,76,Berlin-Ost,1435,1168,267,0,636,3,21,615,493,122,37,599,198,401
03,Pankow,815,electoral_district,8,76,Berlin-Ost,1554,1278,276,0,693,9,21,672,469,203,38,655,217,438
03,Pankow,816,electoral_district,8,76,Berlin-Ost,1500,1256,244,0,620,10,17,603,466,137,56,564,192,372
03,Pankow,817,electoral_district,8,76,Berlin-Ost,1290,1065,225,0,475,5,10,465,365,100,20,455,132,323
03,Pankow,818,electoral_district,8,76,Berlin-Ost,1271,1006,265,0,510,8,19,491,329,162,31,479,181,298
03,Pankow,819,electoral_district,8,76,Berlin-Ost,993,802,191,0,428,4,9,419,326,93,33,395,102,293
03,Pankow,8A,postal_voting_district,8,83,Berlin-Ost,0,0,0,0,805,805,30,775,561,214,55,750,339,411
03,Pankow,8B,postal_voting_district,8,83,Berlin-Ost,0,0,0,0,1006,1006,56,950,639,311,68,938,449,489
03,Pankow,8C,postal_voting_district,8,83,Berlin-Ost,0,0,0,0,1103,1103,37,1066,703,363,66,1037,471,566
03,Pankow,8D,postal_voting_district,8,83,Berlin-Ost,0,0,0,0,716,716,23,693,485,208,47,669,277,392
03,Pankow,8E,postal_voting_district,8,76,Berlin-Ost,0,0,0,0,761,761,28,733,489,244,42,719,311,408
03,Pankow,901,electoral_district,9,76,Berlin-Ost,1413,1214,199,0,499,1,20,479,356,123,29,470,175,295
03,Pankow,902,electoral_district,9,76,Berlin-Ost,1598,1426,172,0,534,1,50,484,327,157,68,466,239,227
03,Pankow,903,electoral_district,9,76,Berlin-Ost,1826,1576,250,0,738,4,32,706,470,236,39,699,302,397
03,Pankow,904,electoral_district,9,76,Berlin-Ost,1610,1462,148,0,628,8,37,591,413,178,46,582,251,331
03,Pankow,905,electoral_district,9,83,Berlin-Ost,1449,1255,194,0,418,1,49,369,228,141,46,372,211,161
03,Pankow,906,electoral_district,9,83,Berlin-Ost,1189,997,192,0,316,3,41,275,180,95,36,280,155,125
03,Pankow,907,electoral_district,9,83,Berlin-Ost,1210,1060,150,0,320,1,38,282,191,91,40,280,156,124
03,Pankow,908,electoral_district,9,83,Berlin-Ost,1634,1428,206,0,409,0,52,357,232,125,50,359,211,148
03,Pankow,909,electoral_district,9,83,Berlin-Ost,1082,877,205,0,389,1,27,362,217,145,39,350,185,165
03,Pankow,910,electoral_district,9,83,Berlin-Ost,1292,1163,129,0,333,0,26,307,199,108,42,291,161,130
03,Pankow,911,electoral_district,9,83,Berlin-Ost,1509,1322,187,0,500,3,20,480,361,119,31,469,180,289
03,Pankow,912,electoral_district,9,83,Berlin-Ost,1388,1240,148,0,446,0,29,417,300,117,40,406,175,231
03,Pankow,913,electoral_district,9,83,Berlin-Ost,1601,1359,242,0,535,3,26,509,344,165,40,495,229,266
03,Pankow,914,electoral_district,9,83,Berlin-Ost,1027,857,170,0,421,6,17,404,308,96,22,399,133,266
03,Pankow,915,electoral_district,9,83,Berlin-Ost,1661,1456,205,0,595,3,31,564,407,157,48,547,179,368
03,Pankow,916,electoral_district,9,83,Berlin-Ost,1583,1269,314,0,669,6,3,666,493,173,3,666,246,420
03,Pankow,917,electoral_district,9,83,Berlin-Ost,1559,1237,322,0,659,5,19,640,439,201,50,609,220,389
03,Pankow,918,electoral_district,9,83,Berlin-Ost,1772,1452,320,0,802,7,25,777,559,218,49,753,298,455
03,Pankow,919,electoral_district,9,83,Berlin-Ost,1693,1373,320,0,740,1,25,715,489,226,45,695,268,427
03,Pankow,920,electoral_district,9,83,Berlin-Ost,1178,1024,154,0,308,0,24,284,174,110,29,279,167,112
03,Pankow,921,electoral_district,9,83,Berlin-Ost,1259,1093,166,0,389,2,26,363,250,113,38,351,180,171
03,Pankow,922,electoral_district,9,83,Berlin-Ost,1317,1099,218,0,651,2,31,620,373,247,45,606,285,321
03,Pankow,923,electoral_district,9,83,Berlin-Ost,663,590,73,0,146,1,18,128,83,45,30,116,86,30
03,Pankow,924,electoral_district,9,83,Berlin-Ost,1845,1573,272,0,788,2,32,756,547,209,45,743,310,433
03,Pankow,9A,postal_voting_district,9,76,Berlin-Ost,0,0,0,0,615,615,31,584,400,184,61,554,270,284
03,Pankow,9B,postal_voting_district,9,76,Berlin-Ost,0,0,0,0,490,490,53,437,225,212,47,443,306,137
03,Pankow,9C,postal_voting_district,9,83,Berlin-Ost,0,0,0,0,684,684,58,626,393,233,63,621,372,249
03,Pankow,9D,postal_voting_district,9,83,Berlin-Ost,0,0,0,0,454,454,28,426,264,162,18,436,235,201
03,Pankow,9E,postal_voting_district,9,83,Berlin-Ost,0,0,0,0,877,877,31,846,606,240,45,832,363,469
03,Pankow,9F,postal_voting_district,9,83,Berlin-Ost,0,0,0,0,1072,1072,48,1024,686,338,58,1014,486,528
04,Charlottenburg-Wilmersdorf,101,electoral_district,1,78,Berlin-West,1148,1037,111,0,258,2,18,240,163,77,36,222,105,117
04,Charlottenburg-Wilmersdorf,102,electoral_district,1,78,Berlin-West,1118,989,129,0,257,0,19,238,177,61,27,230,127,103
04,Charlottenburg-Wilmersdorf,103,electoral_district,1,78,Berlin-West,1083,935,148,0,332,0,17,315,214,101,47,285,164,121
04,Charlottenburg-Wilmersdorf,104,electoral_district,1,78,Berlin-West,1017,921,96,0,271,0,13,258,161,97,21,250,133,117
04,Charlottenburg-Wilmersdorf,105,electoral_district,1,78,Berlin-West,1066,957,109,0,227,1,22,205,152,53,36,191,100,91
04,Charlottenburg-Wilmersdorf,106,electoral_district,1,78,Berlin-West,1464,1347,117,0,358,0,25,333,238,95,44,314,175,139
04,Charlottenburg-Wilmersdorf,107,electoral_district,1,78,Berlin-West,1317,1186,131,0,335,0,27,308,195,113,38,297,174,123
04,Charlottenburg-Wilmersdorf,108,electoral_district,1,78,Berlin-West,856,765,91,0,222,2,19,203,140,63,29,193,108,85
04,Charlottenburg-Wilmersdorf,109,electoral_district,1,78,Berlin-West,945,822,123,0,203,1,15,188,139,49,20,183,99,84
04,Charlottenburg-Wilmersdorf,110,electoral_district,1,78,Berlin-West,1235,1082,153,0,315,0,28,287,190,97,33,282,165,117
04,Charlottenburg-Wilmersdorf,111,electoral_district,1,78,Berlin-West,1064,966,98,0,256,2,17,239,157,82,23,233,128,105
04,Charlottenburg-Wilmersdorf,112,electoral_district,1,78,Berlin-West,1280,1147,133,0,440,4,21,419,307,112,31,409,181,228
04,Charlottenburg-Wilmersdorf,113,electoral_district,1,78,Berlin-West,1410,1238,172,0,522,1,22,500,362,138,50,472,199,273
04,Charlottenburg-Wilmersdorf,114,electoral_district,1,78,Berlin-West,1298,1112,186,0,454,1,31,423,296,127,46,408,191,217
04,Charlottenburg-Wilmersdorf,115,electoral_district,1,78,Berlin-West,1422,1210,212,0,581,3,27,554,393,161,35,546,270,276
04,Charlottenburg-Wilmersdorf,116,electoral_district,1,78,Berlin-West,1297,1094,203,0,497,3,27,470,338,132,32,465,191,274
04,Charlottenburg-Wilmersdorf,117,electoral_district,1,78,Berlin-West,1576,1348,228,0,552,0,29,523,380,143,43,509,216,293
04,Charlottenburg-Wilmersdorf,118,electoral_district,1,78,Berlin-West,1548,1302,246,0,498,3,20,478,337,141,32,466,216,250
04,Charlottenburg-Wilmersdorf,1A,postal_voting_district,1,78,Berlin-West,0,0,0,0,334,334,18,316,194,122,30,304,186,118
04,Charlottenburg-Wilmersdorf,1B,postal_voting_district,1,78,Berlin-West,0,0,0,0,254,254,14,240,148,92,20,234,148,86
04,Charlottenburg-Wilmersdorf,1C,postal_voting_district,1,78,Berlin-West,0,0,0,0,309,309,20,289,170,119,20,289,195,94
04,Charlottenburg-Wilmersdorf,1D,postal_voting_district,1,78,Berlin-West,0,0,0,0,311,311,16,295,200,95,17,294,149,145
04,Charlottenburg-Wilmersdorf,1E,postal_voting_district,1,78,Berlin-West,0,0,0,0,536,536,19,517,362,155,42,494,241,253
04,Charlottenburg-Wilmersdorf,1F,postal_voting_district,1,78,Berlin-West,0,0,0,0,572,572,31,541,359,182,40,532,283,249
04,Charlottenburg-Wilmersdorf,201,electoral_district,2,80,Berlin-West,934,715,219,0,354,3,22,332,187,145,25,329,170,159
04,Charlottenburg-Wilmersdorf,202,electoral_district,2,80,Berlin-West,1154,905,249,0,471,3,28,443,264,179,46,425,208,217
04,Charlottenburg-Wilmersdorf,203,electoral_district,2,80,Berlin-West,1467,1171,296,0,591,0,34,557,304,253,49,542,298,244
04,Charlottenburg-Wilmersdorf,204,electoral_district,2,80,Berlin-West,1546,1247,299,0,556,0,54,502,266,236,57,499,300,199
04,Charlottenburg-Wilmersdorf,205,electoral_district,2,80,Berlin-West,1419,1117,302,0,584,8,36,548,290,258,56,528,314,214
04,Charlottenburg-Wilmersdorf,206,electoral_district,2,80,Berlin-West,1144,966,178,0,404,0,33,371,229,142,33,371,218,153
04,Charlottenburg-Wilmersdorf,207,electoral_district,2,80,Berlin-West,1164,963,201,0,413,0,17,396,250,146,29,384,181,203
04,Charlottenburg-Wilmersdorf,208,electoral_district,2,80,Berlin-West,1697,1513,184,0,448,4,37,411,299,112,50,398,182,216
04,Charlottenburg-Wilmersdorf,209,electoral_district,2,80,Berlin-West,1093,858,235,0,414,0,25,389,253,136,38,376,171,205
04,Charlottenburg-Wilmersdorf,210,electoral_district,2,80,Berlin-West,1228,969,259,0,467,3,32,435,261,174,50,417,216,201
04,Charlottenburg-Wilmersdorf,211,electoral_district,2,80,Berlin-West,1420,1175,245,0,644,2,47,597,343,254,58,586,300,286
04,Charlottenburg-Wilmersdorf,212,electoral_district,2,80,Berlin-West,1152,860,292,0,460,3,32,428,235,193,29,431,236,195
04,Charlottenburg-Wilmersdorf,213,electoral_district,2,80,Berlin-West,1638,1293,345,0,598,4,41,557,328,229,47,551,308,243
04,Charlottenburg-Wilmersdorf,214,electoral_district,2,80,Berlin-West,1175,988,187,0,395,3,19,376,267,109,33,362,143,219
04,Charlottenburg-Wilmersdorf,215,electoral_district,2,80,Berlin-West,1661,1442,219,0,560,6,26,534,377,157,38,522,216,306
04,Charlottenburg-Wilmersdorf,216,electoral_district,2,80,Berlin-West,1062,837,225,0,424,6,29,395,229,166,40,384,201,183
04,Charlottenburg-Wilmersdorf,217,electoral_district,2,80,Berlin-West,1442,1089,353,0,616,6,47,569,337,232,90,526,302,224
04,Charlottenburg-Wilmersdorf,218,electoral_district,2,80,Berlin-West,1461,1211,250,0,587,3,36,551,330,221,46,541,311,230
04,Charlottenburg-Wilmersdorf,219,electoral_district,2,80,Berlin-West,1186,951,235,0,434,2,35,399,233,166,48,386,208,178
04,Charlottenburg-Wilmersdorf,220,electoral_district,2,80,Berlin-West,1232,947,285,0,564,7,27,537,312,225,32,532,253,279
04,Charlottenburg-Wilmersdorf,221,electoral_district,2,80,Berlin-West,1232,972,260,0,463,2,18,445,275,170,49,414,210,204
04,Charlottenburg-Wilmersdorf,222,electoral_district,2,80,Berlin-West,829,712,117,0,344,2,19,325,226,99,24,320,151,169
04,Charlottenburg-Wilmersdorf,223,electoral_district,2,80,Berlin-West,1582,1353,229,0,639,4,39,600,402,198,159,480,251,229
04,Charlottenburg-Wilmersdorf,224,electoral_district,2,80,Berlin-West,1089,856,233,0,554,7,27,527,325,202,42,512,241,271
04,Charlottenburg-Wilmersdorf,2A,postal_voting_district,2,80,Berlin-West,0,0,0,0,664,664,4,660,364,296,3,661,391,270
04,Charlottenburg-Wilmersdorf,2B,postal_voting_district,2,80,Berlin-West,0,0,0,0,714,714,49,665,362,303,57,657,402,255
04,Charlottenburg-Wilmersdorf,2C,postal_voting_district,2,80,Berlin-West,0,0,0,0,495,495,28,467,283,184,45,450,247,203
04,Charlottenburg-Wilmersdorf,2D,postal_voting_district,2,80,Berlin-West,0,0,0,0,639,639,39,600,328,272,51,588,350,238
04,Charlottenburg-Wilmersdorf,2E,postal_voting_district,2,80,Berlin-West,0,0,0,0,757,757,66,691,379,312,47,710,442,268
04,Charlottenburg-Wilmersdorf,2F,postal_voting_district,2,80,Berlin-West,0,0,0,0,626,626,43,583,342,241,42,584,321,263
04,Charlottenburg-Wilmersdorf,2G,postal_voting_district,2,80,Berlin-West,0,0,0,0,607,607,39,568,312,256,42,565,323,242
04,Charlottenburg-Wilmersdorf,2H,postal_voting_district,2,80,Berlin-West,0,0,0,0,481,481,24,457,274,183,34,447,247,200
04,Charlottenburg-Wilmersdorf,301,electoral_district,3,80,Berlin-West,1252,1068,184,0,433,2,16,417,296,121,50,383,149,234
04,Charlottenburg-Wilmersdorf,302,electoral_district,3,80,Berlin-West,1100,940,160,0,466,3,35,431,281,150,37,429,217,212
04,Charlottenburg-Wilmersdorf,303,electoral_district,3,80,Berlin-West,1262,1087,175,0,536,0,14,522,360,162,50,486,221,265
04,Charlottenburg-Wilmersdorf,304,electoral_district,3,80,Berlin-West,1177,995,182,0,428,4,16,412,287,125,38,390,169,221
04,Charlottenburg-Wilmersdorf,305,electoral_district,3,80,Berlin-West,1487,1209,278,0,595,2,54,541,386,155,38,557,214,343
04,Charlottenburg-Wilmersdorf,306,electoral_district,3,80,Berlin-West,1088,942,146,0,484,4,13,471,348,123,45,439,155,284
04,Charlottenburg-Wilmersdorf,307,electoral_district,3,80,Berlin-West,1402,1184,218,0,581,7,14,567,427,140,38,543,200,343
04,Charlottenburg-Wilmersdorf,308,electoral_district,3,80,Berlin-West,1567,1306,261,0,631,3,31,600,406,194,61,570,230,340
04,Charlottenburg-Wilmersdorf,309,electoral_district,3,80,Berlin-West,1529,1259,270,0,579,1,35,544,350,194,38,541,262,279
04,Charlottenburg-Wilmersdorf,310,electoral_district,3,80,Berlin-West,1096,921,175,0,452,3,23,429,297,132,37,415,196,219
04,Charlottenburg-Wilmersdorf,311,electoral_district,3,80,Berlin-West,1415,1194,221,0,659,0,36,623,439,184,59,600,255,345
04,Charlottenburg-Wilmersdorf,312,electoral_district,3,80,Berlin-West,1189,986,203,0,455,4,34,421,272,149,31,424,220,204
04,Charlottenburg-Wilmersdorf,313,electoral_district,3,80,Berlin-West,1478,1158,320,0,520,3,34,486,321,165,48,472,214,258
04,Charlottenburg-Wilmersdorf,314,electoral_district,3,80,Berlin-West,1389,1147,242,0,593,0,37,556,369,187,43,550,254,296
04,Charlottenburg-Wilmersdorf,315,electoral_district,3,80,Berlin-West,1399,1126,273,0,600,0,34,566,390,176,50,550,215,335
04,Charlottenburg-Wilmersdorf,316,electoral_district,3,80,Berlin-West,1225,1025,200,0,532,5,35,497,312,185,51,481,235,246
04,Charlottenburg-Wilmersdorf,317,electoral_district,3,80,Berlin-West,1017,807,210,0,423,6,35,388,206,182,37,386,196,190
04,Charlottenburg-Wilmersdorf,318,electoral_district,3,80,Berlin-West,1163,942,221,0,535,6,32,503,344,159,39,496,204,292
04,Charlottenburg-Wilmersdorf,319,electoral_district,3,80,Berlin-West,901,739,162,0,430,3,29,401,282,119,36,394,163,231
04,Charlottenburg-Wilmersdorf,320,electoral_district,3,80,Berlin-West,1560,1301,259,0,533,1,17,516,370,146,41,492,188,304
04,Charlottenburg-Wilmersdorf,321,electoral_district,3,80,Berlin-West,1257,1048,209,0,420,4,27,393,270,123,38,382,185,197
04,Charlottenburg-Wilmersdorf,322,electoral_district,3,80,Berlin-West,1192,954,238,0,538,7,35,503,324,179,49,489,230,259
04,Charlottenburg-Wilmersdorf,323,electoral_district,3,80,Berlin-West,1520,1266,254,0,590,7,43,547,339,208,61,529,294,235
04,Charlottenburg-Wilmersdorf,324,electoral_district,3,80,Berlin-West,1052,852,200,0,391,2,24,367,247,120,42,349,184,165
04,Charlottenburg-Wilmersdorf,3A,postal_voting_district,3,80,Berlin-West,0,0,0,0,463,463,27,436,287,149,33,430,228,202
04,Charlottenburg-Wilmersdorf,3B,postal_voting_district,3,80,Berlin-West,0,0,0,0,504,504,20,484,338,146,24,480,214,266
04,Charlottenburg-Wilmersdorf,3C,postal_voting_district,3,80,Berlin-West,0,0,0,0,541,541,23,518,313,205,21,520,262,258
04,Charlottenburg-Wilmersdorf,3D,postal_voting_district,3,80,Berlin-West,0,0,0,0,560,560,30,530,332,198,30,530,309,221
04,Charlottenburg-Wilmersdorf,3E,postal_voting_district,3,80,Berlin-West,0,0,0,0,674,674,68,606,369,237,75,599,332,267
04,Charlottenburg-Wilmersdorf,3F,postal_voting_district,3,80,Berlin-West,0,0,0,0,574,574,37,537,354,183,56,518,268,250
04,Charlottenburg-Wilmersdorf,3G,postal_voting_district,3,80,Berlin-West,0,0,0,0,543,543,31,512,353,159,46,497,270,227
04,Charlottenburg-Wilmersdorf,3H,postal_voting_district,3,80,Berlin-West,0,0,0,0,583,583,36,547,331,216,36,547,303,244
04,Charlottenburg-Wilmersdorf,401,electoral_district,4,80,Berlin-West,1481,1232,249,0,581,3,29,552,395,157,37,544,224,320
04,Charlottenburg-Wilmersdorf,402,electoral_district,4,80,Berlin-West,1135,961,174,0,305,4,14,291,190,101,28,277,144,133
04,Charlottenburg-Wilmersdorf,403,electoral_district,4,80,Berlin-West,1447,1178,269,0,402,2,15,387,252,135,23,379,214,165
04,Charlottenburg-Wilmersdorf,404,electoral_district,4,80,Berlin-West,1021,879,142,0,443,1,38,405,277,128,47,396,215,181
04,Charlottenburg-Wilmersdorf,405,electoral_district,4,80,Berlin-West,1108,907,201,0,425,5,28,397,272,125,40,385,169,216
04,Charlottenburg-Wilmersdorf,406,electoral_district,4,80,Berlin-West,1063,916,147,0,358,5,25,333,224,109,36,322,169,153
04,Charlottenburg-Wilmersdorf,407,electoral_district,4,80,Berlin-West,1319,1135,184,0,447,5,19,428,299,129,41,406,162,244
04,Charlottenburg-Wilmersdorf,408,electoral_district,4,80,Berlin-West,1383,1158,225,0,448,3,42,406,268,138,49,399,208,191
04,Charlottenburg-Wilmersdorf,409,electoral_district,4,80,Berlin-West,1240,1002,238,0,488,0,23,465,302,163,40,448,217,231
04,Charlottenburg-Wilmersdorf,410,electoral_district,4,80,Berlin-West,1320,1165,155,0,515,7,18,497,363,134,46,469,195,274
04,Charlottenburg-Wilmersdorf,411,electoral_district,4,80,Berlin-West,1371,1166,205,0,565,3,28,537,365,172,42,523,236,287
04,Charlottenburg-Wilmersdorf,412,electoral_district,4,80,Berlin-West,1479,1244,235,0,561,2,24,537,364,173,41,520,238,282
04,Charlottenburg-Wilmersdorf,413,electoral_district,4,80,Berlin-West,1195,996,199,0,452,1,23,429,277,152,28,424,195,229
04,Charlottenburg-Wilmersdorf,414,electoral_district,4,80,Berlin-West,1405,1136,269,0,561,0,28,533,355,178,44,517,252,265
04,Charlottenburg-Wilmersdorf,415,electoral_district,4,80,Berlin-West,1545,1252,293,0,582,0,40,542,354,188,51,531,253,278
04,Charlottenburg-Wilmersdorf,416,electoral_district,4,80,Berlin-West,1453,1232,221,0,504,3,25,479,297,182,63,441,233,208
04,Charlottenburg-Wilmersdorf,417,electoral_district,4,80,Berlin-West,1086,892,194,0,417,5,22,395,272,123,43,374,172,202
04,Charlottenburg-Wilmersdorf,418,electoral_district,4,80,Berlin-West,1316,1100,216,0,569,3,39,530,344,186,56,513,226,287
04,Charlottenburg-Wilmersdorf,419,electoral_district,4,80,Berlin-West,1227,983,244,0,479,0,21,458,298,160,38,441,204,237
04,Charlottenburg-Wilmersdorf,420,electoral_district,4,80,Berlin-West,1249,1022,227,0,392,0,42,350,209,141,42,350,188,162
04,Charlottenburg-Wilmersdorf,421,electoral_district,4,80,Berlin-West,1101,912,189,0,363,6,17,346,207,139,28,335,158,177
04,Charlottenburg-Wilmersdorf,422,electoral_district,4,80,Berlin-West,909,691,218,0,361,3,25,336,199,137,49,312,161,151
04,Charlottenburg-Wilmersdorf,423,electoral_district,4,80,Berlin-West,1204,987,217,0,374,4,19,355,226,129,27,347,172,175
04,Charlottenburg-Wilmersdorf,424,electoral_district,4,80,Berlin-West,1256,1041,215,0,526,6,31,495,296,199,44,482,246,236
04,Charlottenburg-Wilmersdorf,425,electoral_district,4,80,Berlin-West,1552,1249,303,0,567,5,31,536,324,212,48,519,260,259
04,Charlottenburg-Wilmersdorf,4A,postal_voting_district,4,80,Berlin-West,0,0,0,0,514,514,43,471,317,154,66,448,244,204
04,Charlottenburg-Wilmersdorf,4B,postal_voting_district,4,80,Berlin-West,0,0,0,0,634,634,48,586,367,219,61,573,327,246
04,Charlottenburg-Wilmersdorf,4C,postal_voting_district,4,80,Berlin-West,0,0,0,0,485,485,19,466,294,172,38,447,226,221
04,Charlottenburg-Wilmersdorf,4D,postal_voting_district,4,80,Berlin-West,0,0,0,0,507,507,26,481,300,181,41,466,263,203
04,Charlottenburg-Wilmersdorf,4E,postal_voting_district,4,80,Berlin-West,0,0,0,0,636,636,33,603,358,245,40,596,365,231
04,Charlottenburg-Wilmersdorf,4F,postal_voting_district,4,80,Berlin-West,0,0,0,0,555,555,29,526,294,232,33,522,290,232
04,Charlottenburg-Wilmersdorf,4G,postal_voting_district,4,80,Berlin-West,0,0,0,0,762,762,48,714,397,317,64,698,420,278
04,Charlottenburg-Wilmersdorf,4H,postal_voting_district,4,80,Berlin-West,0,0,0,0,523,523,40,483,300,183,38,485,281,204
04,Charlottenburg-Wilmersdorf,501,electoral_district,5,80,Berlin-West,868,633,235,0,327,0,30,297,186,111,25,302,157,145
04,Charlottenburg-Wilmersdorf,502,electoral_district,5,80,Berlin-West,1135,841,294,0,404,0,33,371,237,134,42,362,189,173
04,Charlottenburg-Wilmersdorf,503,electoral_district,5,80,Berlin-West,939,755,184,0,307,3,30,277,149,128,30,277,178,99
04,Charlottenburg-Wilmersdorf,504,electoral_district,5,80,Berlin-West,1344,1124,220,0,399,0,21,378,243,135,33,366,192,174
04,Charlottenburg-Wilmersdorf,505,electoral_district,5,80,Berlin-West,1064,904,160,0,380,3,15,365,240,125,17,363,163,200
04,Charlottenburg-Wilmersdorf,506,electoral_district,5,80,Berlin-West,1509,1268,241,0,575,4,26,549,358,191,33,542,256,286
04,Charlottenburg-Wilmersdorf,507,electoral_district,5,80,Berlin-West,991,793,198,0,354,0,33,321,209,112,44,310,165,145
04,Charlottenburg-Wilmersdorf,508,electoral_district,5,80,Berlin-West,1187,1000,187,0,456,2,24,432,290,142,41,415,196,219
04,Charlottenburg-Wilmersdorf,509,electoral_district,5,80,Berlin-West,1375,1123,252,0,617,0,40,577,353,224,58,559,279,280
04,Charlottenburg-Wilmersdorf,510,electoral_district,5,80,Berlin-West,1455,1195,260,0,576,0,27,549,339,210,41,535,253,282
04,Charlottenburg-Wilmersdorf,511,electoral_district,5,80,Berlin-West,1224,1043,181,0,476,5,31,445,270,175,39,437,221,216
04,Charlottenburg-Wilmersdorf,512,electoral_district,5,80,Berlin-West,1034,887,147,0,329,0,12,317,240,77,35,294,134,160
04,Charlottenburg-Wilmersdorf,513,electoral_district,5,80,Berlin-West,1423,1115,308,0,463,3,29,434,267,167,41,422,235,187
04,Charlottenburg-Wilmersdorf,514,electoral_district,5,80,Berlin-West,1090,863,227,0,358,1,14,344,220,124,30,328,162,166
04,Charlottenburg-Wilmersdorf,515,electoral_district,5,80,Berlin-West,1172,958,214,0,420,2,24,396,243,153,33,387,206,181
04,Charlottenburg-Wilmersdorf,516,electoral_district,5,80,Berlin-West,1022,860,162,0,433,2,33,400,261,139,40,393,202,191
04,Charlottenburg-Wilmersdorf,517,electoral_district,5,80,Berlin-West,1552,1320,232,0,538,5,31,507,341,166,48,490,221,269
04,Charlottenburg-Wilmersdorf,518,electoral_district,5,80,Berlin-West,1292,1067,225,0,436,3,25,411,284,127,38,398,200,198
04,Charlottenburg-Wilmersdorf,519,electoral_district,5,80,Berlin-West,1288,1098,190,0,456,4,27,429,290,139,49,407,195,212
04,Charlottenburg-Wilmersdorf,520,electoral_district,5,80,Berlin-West,1374,1094,280,0,575,4,41,534,339,195,41,534,282,252
04,Charlottenburg-Wilmersdorf,521,electoral_district,5,80,Berlin-West,1039,806,233,0,371,5,19,352,215,137,32,339,186,153
04,Charlottenburg-Wilmersdorf,522,electoral_district,5,80,Berlin-West,1267,969,298,0,463,5,36,427,231,196,38,425,231,194
04,Charlottenburg-Wilmersdorf,523,electoral_district,5,80,Berlin-West,1085,863,222,0,461,2,45,416,249,167,52,409,203,206
04,Charlottenburg-Wilmersdorf,524,electoral_district,5,80,Berlin-West,1334,939,395,0,425,1,45,380,217,163,41,384,210,174
04,Charlottenburg-Wilmersdorf,525,electoral_district,5,80,Berlin-West,1135,836,299,0,431,2,41,390,195,195,38,393,224,169
04,Charlottenburg-Wilmersdorf,5A,postal_voting_district,5,80,Berlin-West,0,0,0,0,738,738,45,693,389,304,56,682,408,274
04,Charlottenburg-Wilmersdorf,5B,postal_voting_district,5,80,Berlin-West,0,0,0,0,482,482,24,458,289,169,26,456,249,207
04,Charlottenburg-Wilmersdorf,5C,postal_voting_district,5,80,Berlin-West,0,0,0,0,534,534,30,504,314,190,46,488,281,207
04,Charlottenburg-Wilmersdorf,5D,postal_voting_district,5,80,Berlin-West,0,0,0,0,601,601,33,568,343,225,43,558,315,243
04,Charlottenburg-Wilmersdorf,5E,postal_voting_district,5,80,Berlin-West,0,0,0,0,473,473,19,454,280,174,31,442,234,208
04,Charlottenburg-Wilmersdorf,5F,postal_voting_district,5,80,Berlin-West,0,0,0,0,585,585,34,551,336,215,15,570,317,253
04,Charlottenburg-Wilmersdorf,5G,postal_voting_district,5,80,Berlin-West,0,0,0,0,660,660,32,628,361,267,68,592,348,244
04,Charlottenburg-Wilmersdorf,5H,postal_voting_district,5,80,Berlin-West,0,0,0,0,704,704,36,668,380,288,55,649,390,259
04,Charlottenburg-Wilmersdorf,601,electoral_district,6,80,Berlin-West,1059,856,203,0,440,4,34,406,249,157,36,404,203,201
04,Charlottenburg-Wilmersdorf,602,electoral_district,6,80,Berlin-West,1072,886,186,0,447,4,43,404,260,144,47,400,190,210
04,Charlottenburg-Wilmersdorf,603,electoral_district,6,80,Berlin-West,1183,989,194,0,400,0,22,378,243,135,23,377,188,189
04,Charlottenburg-Wilmersdorf,604,electoral_district,6,80,Berlin-West,1109,909,200,0,351,2,27,324,206,118,42,309,156,153
04,Charlottenburg-Wilmersdorf,605,electoral_district,6,80,Berlin-West,1057,878,179,0,419,1,26,393,234,159,42,377,181,196
04,Charlottenburg-Wilmersdorf,606,electoral_district,6,80,Berlin-West,1291,1104,187,0,513,2,39,474,306,168,45,468,232,236
04,Charlottenburg-Wilmersdorf,607,electoral_district,6,80,Berlin-West,1128,899,229,0,418,2,32,386,246,140,41,377,180,197
04,Charlottenburg-Wilmersdorf,608,electoral_district,6,80,Berlin-West,1163,993,170,0,412,0,23,389,244,145,36,376,169,207
04,Charlottenburg-Wilmersdorf,609,electoral_district,6,80,Berlin-West,1153,971,182,0,469,8,28,441,281,160,57,412,215,197
04,Charlottenburg-Wilmersdorf,610,electoral_district,6,80,Berlin-West,1098,829,269,0,446,4,25,421,279,142,36,410,177,233
04,Charlottenburg-Wilmersdorf,611,electoral_district,6,80,Berlin-West,1018,841,177,0,465,1,37,428,261,167,47,418,203,215
04,Charlottenburg-Wilmersdorf,612,electoral_district,6,80,Berlin-West,1412,1203,209,0,564,2,45,519,347,172,45,519,257,262
04,Charlottenburg-Wilmersdorf,613,electoral_district,6,80,Berlin-West,1290,1020,270,0,500,0,21,479,329,150,50,450,184,266
04,Charlottenburg-Wilmersdorf,614,electoral_district,6,80,Berlin-West,1126,916,210,0,454,7,29,425,284,141,29,425,190,235
04,Charlottenburg-Wilmersdorf,615,electoral_district,6,80,Berlin-West,1179,979,200,0,518,3,26,492,319,173,39,479,90,389
04,Charlottenburg-Wilmersdorf,616,electoral_district,6,80,Berlin-West,1037,804,233,0,454,0,18,436,313,123,28,426,172,254
04,Charlottenburg-Wilmersdorf,617,electoral_district,6,80,Berlin-West,1279,1078,201,0,525,0,22,503,354,149,30,495,183,312
04,Charlottenburg-Wilmersdorf,618,electoral_district,6,80,Berlin-West,1137,944,193,0,458,3,28,430,287,143,33,425,195,230
04,Charlottenburg-Wilmersdorf,619,electoral_district,6,80,Berlin-West,1094,889,205,0,392,0,19,373,265,108,20,372,162,210
04,Charlottenburg-Wilmersdorf,620,electoral_district,6,80,Berlin-West,1559,1280,279,0,545,5,15,530,387,143,38,507,225,282
04,Charlottenburg-Wilmersdorf,621,electoral_district,6,80,Berlin-West,1491,1253,238,0,640,4,31,609,421,188,66,574,242,332
04,Charlottenburg-Wilmersdorf,622,electoral_district,6,80,Berlin-West,1586,1293,293,0,647,2,33,614,428,186,40,607,230,377
04,Charlottenburg-Wilmersdorf,623,electoral_district,6,80,Berlin-West,1109,902,207,0,478,2,38,440,288,152,58,420,208,212
04,Charlottenburg-Wilmersdorf,624,electoral_district,6,80,Berlin-West,1245,1002,243,0,574,2,22,552,376,176,44,530,331,199
04,Charlottenburg-Wilmersdorf,625,electoral_district,6,80,Berlin-West,1249,1054,195,0,546,2,21,525,358,167,48,498,287,211
04,Charlottenburg-Wilmersdorf,626,electoral_district,6,80,Berlin-West,1399,1155,244,0,513,1,10,503,355,148,39,474,181,293
04,Charlottenburg-Wilmersdorf,6A,postal_voting_district,6,80,Berlin-West,0,0,0,0,639,639,39,600,308,292,27,612,410,202
04,Charlottenburg-Wilmersdorf,6B,postal_voting_district,6,80,Berlin-West,0,0,0,0,645,645,31,614,384,230,57,588,313,275
04,Charlottenburg-Wilmersdorf,6C,postal_voting_district,6,80,Berlin-West,0,0,0,0,478,478,23,455,314,141,38,440,211,229
04,Charlottenburg-Wilmersdorf,6D,postal_voting_district,6,80,Berlin-West,0,0,0,0,553,553,28,525,322,203,44,509,279,230
04,Charlottenburg-Wilmersdorf,6E,postal_voting_district,6,80,Berlin-West,0,0,0,0,661,661,25,636,397,239,54,607,308,299
04,Charlottenburg-Wilmersdorf,6F,postal_voting_district,6,80,Berlin-West,0,0,0,0,513,513,24,489,318,171,55,458,243,215
04,Charlottenburg-Wilmersdorf,6G,postal_voting_district,6,80,Berlin-West,0,0,0,0,655,655,25,630,425,205,44,611,279,332
04,Charlottenburg-Wilmersdorf,6H,postal_voting_district,6,80,Berlin-West,0,0,0,0,562,562,26,536,363,173,38,524,250,274
04,Charlottenburg-Wilmersdorf,701,electoral_district,7,80,Berlin-West,1268,1061,207,0,439,0,26,413,259,154,41,398,174,224
04,Charlottenburg-Wilmersdorf,702,electoral_district,7,80,Berlin-West,1106,924,182,0,358,2,13,345,230,115,27,331,158,173
04,Charlottenburg-Wilmersdorf,703,electoral_district,7,80,Berlin-West,1159,981,178,0,454,1,14,440,305,135,24,430,185,245
04,Charlottenburg-Wilmersdorf,704,electoral_district,7,80,Berlin-West,1492,1271,221,0,635,3,33,602,426,176,46,589,242,347
04,Charlottenburg-Wilmersdorf,705,electoral_district,7,80,Berlin-West,1323,1087,236,0,580,6,23,557,394,163,39,541,229,312
04,Charlottenburg-Wilmersdorf,706,electoral_district,7,80,Berlin-West,1590,1369,221,0,786,4,34,752,495,257,110,676,248,428
04,Charlottenburg-Wilmersdorf,707,electoral_district,7,80,Berlin-West,1460,1234,226,0,590,10,29,561,403,158,53,537,215,322
04,Charlottenburg-Wilmersdorf,708,electoral_district,7,80,Berlin-West,1356,1141,215,0,604,3,38,566,399,167,46,558,233,325
04,Charlottenburg-Wilmersdorf,709,electoral_district,7,80,Berlin-West,1446,1200,246,0,533,0,33,500,323,177,41,492,241,251
04,Charlottenburg-Wilmersdorf,710,electoral_district,7,80,Berlin-West,1576,1292,284,0,802,3,50,752,500,252,58,744,329,415
04,Charlottenburg-Wilmersdorf,711,electoral_district,7,80,Berlin-West,1427,1024,403,0,625,0,35,590,364,226,52,573,286,287
04,Charlottenburg-Wilmersdorf,712,electoral_district,7,80,Berlin-West,1478,1137,341,0,663,5,40,623,390,233,42,621,288,333
04,Charlottenburg-Wilmersdorf,713,electoral_district,7,80,Berlin-West,1306,1050,256,0,609,4,34,575,395,180,41,568,248,320
04,Charlottenburg-Wilmersdorf,714,electoral_district,7,80,Berlin-West,1400,1164,236,0,636,0,28,608,427,181,55,581,241,340
04,Charlottenburg-Wilmersdorf,715,electoral_district,7,80,Berlin-West,1633,1360,273,0,640,2,43,597,379,218,49,591,303,288
04,Charlottenburg-Wilmersdorf,716,electoral_district,7,80,Berlin-West,1431,1180,251,0,638,5,30,608,442,166,64,574,234,340
04,Charlottenburg-Wilmersdorf,717,electoral_district,7,80,Berlin-West,1530,1199,331,0,683,4,34,649,435,214,52,631,294,337
04,Charlottenburg-Wilmersdorf,718,electoral_district,7,80,Berlin-West,1367,1055,312,0,642,9,38,604,393,211,52,590,208,382
04,Charlottenburg-Wilmersdorf,719,electoral_district,7,80,Berlin-West,901,757,144,0,380,2,28,352,228,124,51,329,181,148
04,Charlottenburg-Wilmersdorf,720,electoral_district,7,80,Berlin-West,1252,1017,235,0,462,7,32,430,250,180,48,414,212,202
04,Charlottenburg-Wilmersdorf,721,electoral_district,7,80,Berlin-West,1263,1016,247,0,570,0,14,556,347,209,24,546,260,286
04,Charlottenburg-Wilmersdorf,722,electoral_district,7,80,Berlin-West,932,747,185,0,426,0,29,397,240,157,21,405,189,216
04,Charlottenburg-Wilmersdorf,723,electoral_district,7,80,Berlin-West,1207,933,274,0,545,3,41,504,351,153,59,486,241,245
04,Charlottenburg-Wilmersdorf,724,electoral_district,7,80,Berlin-West,1505,1210,295,0,669,0,64,605,394,211,86,583,287,296
04,Charlottenburg-Wilmersdorf,7A,postal_voting_district,7,80,Berlin-West,0,0,0,0,525,525,23,502,337,165,47,478,247,231
04,Charlottenburg-Wilmersdorf,7B,postal_voting_district,7,80,Berlin-West,0,0,0,0,520,520,46,474,299,175,43,477,255,222
04,Charlottenburg-Wilmersdorf,7C,postal_voting_district,7,80,Berlin-West,0,0,0,0,583,583,18,565,369,196,45,538,251,287
04,Charlottenburg-Wilmersdorf,7D,postal_voting_district,7,80,Berlin-West,0,0,0,0,701,701,40,661,411,250,46,655,329,326
04,Charlottenburg-Wilmersdorf,7E,postal_voting_district,7,80,Berlin-West,0,0,0,0,821,821,51,770,487,283,64,757,414,343
04,Charlottenburg-Wilmersdorf,7F,postal_voting_district,7,80,Berlin-West,0,0,0,0,713,713,42,671,430,241,61,652,362,290
04,Charlottenburg-Wilmersdorf,7G,postal_voting_district,7,80,Berlin-West,0,0,0,0,711,711,71,640,430,210,63,648,313,335
04,Charlottenburg-Wilmersdorf,7H,postal_voting_district,7,80,Berlin-West,0,0,0,0,551,551,27,524,316,208,45,506,277,229
04,Charlottenburg-Wilmersdorf,801,electoral_district,1,80,Berlin-West,1356,1089,267,0,446,2,22,424,267,157,36,410,197,213
04,Charlottenburg-Wilmersdorf,802,electoral_district,1,80,Berlin-West,1141,920,221,0,419,1,28,391,267,124,40,379,160,219
04,Charlottenburg-Wilmersdorf,803,electoral_district,1,80,Berlin-West,1184,1033,151,0,452,4,48,404,292,112,60,392,222,170
04,Charlottenburg-Wilmersdorf,804,electoral_district,1,80,Berlin-West,1644,1415,229,0,548,5,25,523,357,166,35,513,230,283
04,Charlottenburg-Wilmersdorf,805,electoral_district,1,80,Berlin-West,1347,1152,195,0,459,4,37,422,302,120,50,409,189,220
04,Charlottenburg-Wilmersdorf,806,electoral_district,1,80,Berlin-West,1277,1034,243,0,442,3,14,428,299,129,36,406,184,222
04,Charlottenburg-Wilmersdorf,8A,postal_voting_district,1,80,Berlin-West,0,0,0,0,558,558,37,521,324,197,46,512,277,235
04,Charlottenburg-Wilmersdorf,8B,postal_voting_district,1,80,Berlin-West,0,0,0,0,567,567,26,541,375,166,34,533,257,276
05,Spandau,101,electoral_district,1,78,Berlin-West,881,735,146,0,264,3,31,233,161,72,44,220,121,99
05,Spandau,102,electoral_district,1,78,Berlin-West,941,793,148,0,247,1,21,226,126,100,19,228,146,82
05,Spandau,103,electoral_district,1,78,Berlin-West,1094,922,172,0,437,2,32,405,282,123,34,403,184,219
05,Spandau,104,electoral_district,1,78,Berlin-West,969,895,74,0,276,1,16,260,184,76,40,236,108,128
05,Spandau,105,electoral_district,1,78,Berlin-West,1111,892,219,0,424,0,32,392,237,155,35,389,192,197
05,Spandau,106,electoral_district,1,78,Berlin-West,1005,790,215,0,372,1,31,341,217,124,38,334,155,179
05,Spandau,107,electoral_district,1,78,Berlin-West,915,792,123,0,276,1,26,250,159,91,44,232,117,115
05,Spandau,108,electoral_district,1,78,Berlin-West,840,747,93,0,228,1,14,214,166,48,23,205,99,106
05,Spandau,109,electoral_district,1,78,Berlin-West,1622,1446,176,0,312,2,8,304,208,96,16,296,191,105
05,Spandau,110,electoral_district,1,78,Berlin-West,920,796,124,0,229,0,22,207,151,56,24,205,92,113
05,Spandau,111,electoral_district,1,78,Berlin-West,1237,1094,143,0,346,1,31,315,190,125,44,302,161,141
05,Spandau,112,electoral_district,1,78,Berlin-West,1047,884,163,0,317,1,21,296,213,83,25,292,128,164
05,Spandau,113,electoral_district,1,78,Berlin-West,1058,857,201,0,392,0,31,361,215,146,27,365,200,165
05,Spandau,114,electoral_district,1,78,Berlin-West,902,769,133,0,258,0,13,245,166,79,19,239,97,142
05,Spandau,115,electoral_district,1,78,Berlin-West,1116,1055,61,0,303,0,21,282,209,73,39,264,133,131
05,Spandau,116,electoral_district,1,78,Berlin-West,840,780,60,0,232,0,36,196,133,63,41,191,97,94
05,Spandau,117,electoral_district,1,78,Berlin-West,1068,966,102,0,255,0,21,234,154,80,38,217,124,93
05,Spandau,118,electoral_district,1,78,Berlin-West,939,889,50,0,214,0,14,200,145,55,24,190,102,88
05,Spandau,119,electoral_district,1,78,Berlin-West,1314,1119,195,0,295,1,30,265,183,82,43,252,128,124
05,Spandau,120,electoral_district,1,78,Berlin-West,885,819,66,0,253,1,23,230,147,83,36,217,123,94
05,Spandau,121,electoral_district,1,78,Berlin-West,1072,954,118,0,313,1,34,279,168,111,27,286,168,118
05,Spandau,122,electoral_district,1,78,Berlin-West,991,884,107,0,204,0,22,182,116,66,15,189,105,84
05,Spandau,123,electoral_district,1,78,Berlin-West,910,784,126,0,267,0,39,228,128,100,40,227,124,103
05,Spandau,124,electoral_district,1,78,Berlin-West,1030,878,152,0,249,0,9,240,151,89,29,220,106,114
05,Spandau,125,electoral_district,1,78,Berlin-West,917,848,69,0,211,1,17,194,149,45,20,191,94,97
05,Spandau,126,electoral_district,1,78,Berlin-West,857,796,61,0,135,0,11,124,83,41,16,119,67,52
05,Spandau,127,electoral_district,1,78,Berlin-West,909,854,55,0,171,0,17,154,102,52,29,142,94,48
05,Spandau,128,electoral_district,1,78,Berlin-West,876,808,68,0,182,0,28,154,98,56,29,153,101,52
05,Spandau,129,electoral_district,1,78,Berlin-West,1065,987,78,0,255,0,25,230,175,55,41,214,111,103
05,Spandau,130,electoral_district,1,78,Berlin-West,1088,1016,72,0,268,1,28,240,162,78,35,233,137,96
05,Spandau,131,electoral_district,1,78,Berlin-West,1223,1120,103,0,293,0,30,263,181,82,37,256,146,110
05,Spandau,132,electoral_district,1,78,Berlin-West,1370,1253,117,0,305,0,30,275,188,87,48,257,125,132
05,Spandau,133,electoral_district,1,78,Berlin-West,971,893,78,0,282,0,15,267,172,95,25,257,141,116
05,Spandau,1A,postal_voting_district,1,78,Berlin-West,0,0,0,0,463,463,46,417,254,163,41,422,252,170
05,Spandau,1B,postal_voting_district,1,78,Berlin-West,0,0,0,0,488,488,44,444,270,174,39,449,257,192
05,Spandau,1C,postal_voting_district,1,78,Berlin-West,0,0,0,0,595,595,36,559,354,205,36,559,323,236
05,Spandau,1D,postal_voting_district,1,78,Berlin-West,0,0,0,0,556,556,48,508,329,179,60,496,289,207
05,Spandau,1E,postal_voting_district,1,78,Berlin-West,0,0,0,0,501,501,29,472,267,205,35,466,277,189
05,Spandau,1F,postal_voting_district,1,78,Berlin-West,0,0,0,0,441,441,31,410,253,157,35,406,234,172
05,Spandau,1G,postal_voting_district,1,78,Berlin-West,0,0,0,0,377,377,36,341,197,144,39,338,199,139
05,Spandau,201,electoral_district,2,78,Berlin-West,1032,900,132,0,351,1,23,328,229,99,28,323,158,165
05,Spandau,202,electoral_district,2,78,Berlin-West,860,805,55,0,224,0,23,201,153,48,34,190,95,95
05,Spandau,203,electoral_district,2,78,Berlin-West,768,723,45,0,116,0,12,104,82,22,8,108,47,61
05,Spandau,204,electoral_district,2,78,Berlin-West,1015,941,74,0,192,1,10,182,141,41,16,176,72,104
05,Spandau,205,electoral_district,2,78,Berlin-West,1074,970,104,0,252,1,12,240,176,64,19,233,121,112
05,Spandau,206,electoral_district,2,78,Berlin-West,1399,1241,158,0,374,3,33,341,222,119,34,340,178,162
05,Spandau,207,electoral_district,2,78,Berlin-West,929,856,73,0,241,1,13,228,69,159,18,223,107,116
05,Spandau,208,electoral_district,2,78,Berlin-West,1208,1119,89,0,326,1,19,307,232,75,35,291,133,158
05,Spandau,209,electoral_district,2,78,Berlin-West,885,777,108,0,254,0,16,238,156,82,25,229,117,112
05,Spandau,210,electoral_district,2,78,Berlin-West,1268,1194,74,0,263,1,19,244,180,64,21,242,104,138
05,Spandau,211,electoral_district,2,78,Berlin-West,845,759,86,0,231,0,13,218,160,58,20,211,92,119
05,Spandau,212,electoral_district,2,78,Berlin-West,934,842,92,0,269,0,17,252,184,68,39,230,104,126
05,Spandau,213,electoral_district,2,78,Berlin-West,1056,906,150,0,395,0,34,361,219,142,35,360,172,188
05,Spandau,214,electoral_district,2,78,Berlin-West,827,761,66,0,156,0,28,128,88,40,24,132,81,51
05,Spandau,215,electoral_district,2,78,Berlin-West,1142,1075,67,0,205,0,14,191,143,48,17,188,102,86
05,Spandau,216,electoral_district,2,78,Berlin-West,875,769,106,0,210,1,13,197,139,58,23,187,103,84
05,Spandau,217,electoral_district,2,78,Berlin-West,852,750,102,0,221,0,18,203,144,59,17,204,100,104
05,Spandau,218,electoral_district,2,78,Berlin-West,998,896,102,0,312,0,15,297,197,100,34,278,125,153
05,Spandau,219,electoral_district,2,78,Berlin-West,1296,1172,124,0,381,1,29,352,236,116,57,324,149,175
05,Spandau,220,electoral_district,2,78,Berlin-West,1144,1012,132,0,284,2,17,267,182,85,26,258,120,138
05,Spandau,221,electoral_district,2,78,Berlin-West,833,737,96,0,275,0,11,264,180,84,29,246,114,132
05,Spandau,222,electoral_district,2,78,Berlin-West,862,773,89,0,261,1,19,242,168,74,21,240,108,132
05,Spandau,223,electoral_district,2,78,Berlin-West,1153,1033,120,0,296,1,25,271,193,78,31,265,130,135
05,Spandau,224,electoral_district,2,78,Berlin-West,991,916,75,0,207,1,11,196,132,64,25,182,84,98
05,Spandau,225,electoral_district,2,78,Berlin-West,1051,971,80,0,275,0,15,260,210,50,17,258,106,152
05,Spandau,226,electoral_district,2,78,Berlin-West,956,823,133,0,259,1,21,238,159,79,20,239,122,117
05,Spandau,227,electoral_district,2,78,Berlin-West,1215,1056,159,0,239,0,23,216,157,59,37,202,95,107
05,Spandau,228,electoral_district,2,78,Berlin-West,887,828,59,0,159,0,8,151,101,50,18,141,94,47
05,Spandau,229,electoral_district,2,78,Berlin-West,818,731,87,0,227,0,18,209,145,64,33,194,117,77
05,Spandau,230,electoral_district,2,78,Berlin-West,941,854,87,0,204,1,11,193,129,64,18,186,119,67
05,Spandau,231,electoral_district,2,78,Berlin-West,1115,987,128,0,199,1,17,182,132,50,27,172,89,83
05,Spandau,2A,postal_voting_district,2,78,Berlin-West,0,0,0,0,398,398,32,366,253,113,28,370,202,168
05,Spandau,2B,postal_voting_district,2,78,Berlin-West,0,0,0,0,465,465,50,415,280,135,52,413,218,195
05,Spandau,2C,postal_voting_district,2,78,Berlin-West,0,0,0,0,417,417,32,385,243,142,34,383,237,146
05,Spandau,2D,postal_voting_district,2,78,Berlin-West,0,0,0,0,374,374,32,342,214,128,28,346,200,146
05,Spandau,2E,postal_voting_district,2,78,Berlin-West,0,0,0,0,375,375,25,350,226,124,27,348,201,147
05,Spandau,2F,postal_voting_district,2,78,Berlin-West,0,0,0,0,387,387,38,349,191,158,35,352,227,125
05,Spandau,2G,postal_voting_district,2,78,Berlin-West,0,0,0,0,257,257,19,238,150,88,23,234,144,90
05,Spandau,301,electoral_district,3,78,Berlin-West,1052,902,150,0,286,1,31,255,136,119,35,251,141,110
05,Spandau,302,electoral_district,3,78,Berlin-West,1020,951,69,0,281,0,30,251,180,71,46,235,129,106
05,Spandau,303,electoral_district,3,78,Berlin-West,1002,791,211,0,315,6,24,291,200,91,30,285,127,158
05,Spandau,304,electoral_district,3,78,Berlin-West,1438,1223,215,0,426,0,24,402,234,168,28,398,213,185
05,Spandau,305,electoral_district,3,78,Berlin-West,1041,997,44,0,265,1,12,253,181,72,16,249,146,103
05,Spandau,306,electoral_district,3,78,Berlin-West,943,774,169,0,258,0,15,243,154,89,25,233,107,126
05,Spandau,307,electoral_district,3,78,Berlin-West,1372,1260,112,0,307,0,12,295,215,80,34,273,117,156
05,Spandau,308,electoral_district,3,78,Berlin-West,783,688,95,0,190,0,21,169,61,108,21,169,93,76
05,Spandau,309,electoral_district,3,78,Berlin-West,930,836,94,0,274,0,21,253,170,83,34,240,126,114
05,Spandau,310,electoral_district,3,78,Berlin-West,894,785,109,0,211,0,13,198,142,56,25,186,87,99
05,Spandau,311,electoral_district,3,78,Berlin-West,1087,982,105,0,323,0,15,308,222,86,35,288,123,165
05,Spandau,312,electoral_district,3,78,Berlin-West,931,852,79,0,239,1,18,221,133,88,33,206,116,90
05,Spandau,313,electoral_district,3,78,Berlin-West,1060,939,121,0,307,0,19,288,188,100,1,306,164,142
05,Spandau,314,electoral_district,3,78,Berlin-West,1235,1102,133,0,343,3,26,317,235,82,29,314,125,189
05,Spandau,315,electoral_district,3,78,Berlin-West,1135,935,200,0,450,2,22,428,270,158,31,419,197,222
05,Spandau,316,electoral_district,3,78,Berlin-West,870,797,73,0,216,1,13,203,148,55,21,195,80,115
05,Spandau,317,electoral_district,3,78,Berlin-West,1140,1049,91,0,236,0,15,221,156,65,28,208,98,110
05,Spandau,318,electoral_district,3,78,Berlin-West,1229,1067,162,0,363,2,17,346,231,115,33,330,151,179
05,Spandau,319,electoral_district,3,78,Berlin-West,737,697,40,0,201,0,18,183,114,69,32,169,92,77
05,Spandau,320,electoral_district,3,78,Berlin-West,1046,964,82,0,228,0,14,214,155,59,28,200,139,61
05,Spandau,321,electoral_district,3,78,Berlin-West,1127,989,138,0,270,0,23,247,173,74,29,241,108,133
05,Spandau,322,electoral_district,3,78,Berlin-West,1160,1035,125,0,312,1,16,296,219,77,28,284,146,138
05,Spandau,323,electoral_district,3,78,Berlin-West,934,809,125,0,219,0,9,210,146,64,19,200,94,106
05,Spandau,324,electoral_district,3,78,Berlin-West,900,819,81,0,285,1,24,261,165,96,27,258,137,121
05,Spandau,325,electoral_district,3,78,Berlin-West,881,761,120,0,287,0,28,259,168,91,19,268,133,135
05,Spandau,326,electoral_district,3,78,Berlin-West,910,803,107,0,282,2,17,265,183,82,33,249,125,124
05,Spandau,327,electoral_district,3,78,Berlin-West,926,817,109,0,268,2,17,251,169,82,29,239,120,119
05,Spandau,328,electoral_district,3,78,Berlin-West,841,741,100,0,254,0,15,239,161,78,20,234,127,107
05,Spandau,329,electoral_district,3,78,Berlin-West,1052,913,139,0,283,3,12,271,203,68,25,258,108,150
05,Spandau,330,electoral_district,3,78,Berlin-West,1006,892,114,0,297,0,18,279,189,90,39,258,130,128
05,Spandau,331,electoral_district,3,78,Berlin-West,1396,1250,146,0,356,1,31,325,218,107,28,328,168,160
05,Spandau,332,electoral_district,3,78,Berlin-West,1132,942,190,0,221,0,23,198,122,76,5,216,120,96
05,Spandau,3A,postal_voting_district,3,78,Berlin-West,0,0,0,0,531,531,40,491,339,152,48,483,262,221
05,Spandau,3B,postal_voting_district,3,78,Berlin-West,0,0,0,0,400,400,26,374,240,134,40,360,184,176
05,Spandau,3C,postal_voting_district,3,78,Berlin-West,0,0,0,0,515,515,57,458,201,257,47,468,328,140
05,Spandau,3D,postal_voting_district,3,78,Berlin-West,0,0,0,0,494,494,24,470,280,190,35,459,262,197
05,Spandau,3E,postal_voting_district,3,78,Berlin-West,0,0,0,0,486,486,41,445,249,196,29,457,286,171
05,Spandau,3F,postal_voting_district,3,78,Berlin-West,0,0,0,0,482,482,55,427,258,169,53,429,273,156
05,Spandau,3G,postal_voting_district,3,78,Berlin-West,0,0,0,0,486,486,39,447,273,174,37,449,262,187
05,Spandau,401,electoral_district,4,78,Berlin-West,1007,849,158,0,305,2,15,290,171,119,21,284,148,136
05,Spandau,402,electoral_district,4,78,Berlin-West,713,600,113,0,239,0,10,229,139,90,25,214,113,101
05,Spandau,403,electoral_district,4,78,Berlin-West,986,807,179,0,349,5,32,317,169,148,36,313,171,142
05,Spandau,404,electoral_district,4,78,Berlin-West,980,896,84,0,338,0,17,321,208,113,42,296,144,152
05,Spandau,405,electoral_district,4,78,Berlin-West,1091,929,162,0,369,2,24,345,197,148,38,331,156,175
05,Spandau,406,electoral_district,4,78,Berlin-West,1109,968,141,0,292,0,7,285,170,115,14,278,146,132
05,Spandau,407,electoral_district,4,78,Berlin-West,981,798,183,0,354,0,26,328,185,143,38,316,177,139
05,Spandau,408,electoral_district,4,78,Berlin-West,1046,967,79,0,229,0,17,212,145,67,36,193,110,83
05,Spandau,409,electoral_district,4,78,Berlin-West,1129,992,137,0,389,1,18,371,234,137,32,357,179,178
05,Spandau,410,electoral_district,4,78,Berlin-West,812,705,107,0,219,0,25,194,114,80,22,197,114,83
05,Spandau,411,electoral_district,4,78,Berlin-West,1068,976,92,0,325,1,20,305,213,92,27,298,158,140
05,Spandau,412,electoral_district,4,78,Berlin-West,883,783,100,0,253,0,30,223,153,70,34,219,123,96
05,Spandau,413,electoral_district,4,78,Berlin-West,990,849,141,0,319,0,32,287,179,108,43,276,143,133
05,Spandau,414,electoral_district,4,78,Berlin-West,906,838,68,0,235,0,27,208,139,69,33,202,103,99
05,Spandau,415,electoral_district,4,78,Berlin-West,1442,1327,115,0,278,0,24,254,170,84,40,238,120,118
05,Spandau,416,electoral_district,4,78,Berlin-West,1262,1040,222,0,359,0,18,341,206,135,29,330,168,162
05,Spandau,417,electoral_district,4,78,Berlin-West,1297,1109,188,0,390,1,15,375,216,159,29,361,178,183
05,Spandau,418,electoral_district,4,78,Berlin-West,922,834,88,0,213,2,16,197,142,55,40,173,94,79
05,Spandau,419,electoral_district,4,78,Berlin-West,1093,985,108,0,262,0,23,239,152,87,30,232,118,114
05,Spandau,420,electoral_district,4,78,Berlin-West,1069,958,111,0,263,0,27,236,166,70,29,234,131,103
05,Spandau,421,electoral_district,4,78,Berlin-West,1472,1372,100,0,301,2,24,277,202,75,15,286,140,146
05,Spandau,422,electoral_district,4,78,Berlin-West,1221,1145,76,0,261,0,29,232,175,57,28,233,129,104
05,Spandau,423,electoral_district,4,78,Berlin-West,968,856,112,0,271,0,7,264,155,109,9,262,153,109
05,Spandau,424,electoral_district,4,78,Berlin-West,1036,912,124,0,307,1,22,285,186,99,44,263,146,117
05,Spandau,425,electoral_district,4,78,Berlin-West,1265,1124,141,0,440,1,27,413,271,142,43,397,196,201
05,Spandau,426,electoral_district,4,78,Berlin-West,1085,961,124,0,347,1,39,308,174,134,37,310,189,121
05,Spandau,427,electoral_district,4,78,Berlin-West,972,904,68,0,205,0,21,184,122,62,18,187,108,79
05,Spandau,428,electoral_district,4,78,Berlin-West,1156,1022,134,0,429,0,39,390,261,129,67,362,168,194
05,Spandau,429,electoral_district,4,78,Berlin-West,968,825,143,0,345,0,14,331,206,125,40,305,135,170
05,Spandau,430,electoral_district,4,78,Berlin-West,1061,948,113,0,320,1,19,301,186,115,15,305,159,146
05,Spandau,431,electoral_district,4,78,Berlin-West,1100,906,194,0,425,1,22,403,261,142,44,381,197,184
05,Spandau,4A,postal_voting_district,4,78,Berlin-West,0,0,0,0,511,511,30,481,278,203,26,485,273,212
05,Spandau,4B,postal_voting_district,4,78,Berlin-West,0,0,0,0,394,394,25,369,205,164,31,363,211,152
05,Spandau,4C,postal_voting_district,4,78,Berlin-West,0,0,0,0,429,429,9,420,252,168,23,406,254,152
05,Spandau,4D,postal_voting_district,4,78,Berlin-West,0,0,0,0,405,405,28,377,247,130,29,376,200,176
05,Spandau,4E,postal_voting_district,4,78,Berlin-West,0,0,0,0,432,432,7,425,274,151,11,421,242,179
05,Spandau,4F,postal_voting_district,4,78,Berlin-West,0,0,0,0,412,412,25,387,207,180,31,381,236,145
05,Spandau,4G,postal_voting_district,4,78,Berlin-West,0,0,0,0,407,407,31,376,241,135,42,365,204,161
05,Spandau,4H,postal_voting_district,4,78,Berlin-West,0,0,0,0,402,402,27,375,242,133,57,345,218,127
05,Spandau,501,electoral_district,5,78,Berlin-West,1131,972,159,0,298,2,17,281,196,85,36,262,113,149
05,Spandau,502,electoral_district,5,78,Berlin-West,1228,1071,157,0,419,1,27,392,256,136,53,366,185,181
05,Spandau,503,electoral_district,5,78,Berlin-West,837,640,197,0,372,1,31,341,197,144,32,340,170,170
05,Spandau,504,electoral_district,5,78,Berlin-West,967,781,186,0,413,2,22,391,234,157,40,373,164,209
05,Spandau,505,electoral_district,5,78,Berlin-West,1123,819,304,0,377,0,30,347,183,164,41,336,189,147
05,Spandau,506,electoral_district,5,78,Berlin-West,1145,972,173,0,493,0,32,461,271,190,32,461,213,248
05,Spandau,507,electoral_district,5,78,Berlin-West,1060,902,158,0,481,2,37,444,255,189,35,446,225,221
05,Spandau,508,electoral_district,5,78,Berlin-West,938,731,207,0,422,2,33,389,234,155,42,380,161,219
05,Spandau,509,electoral_district,5,78,Berlin-West,917,743,174,0,268,0,18,250,161,89,17,251,114,137
05,Spandau,510,electoral_district,5,78,Berlin-West,985,809,176,0,418,4,34,384,234,150,37,381,191,190
05,Spandau,511,electoral_district,5,78,Berlin-West,953,719,234,0,380,6,28,352,219,133,35,345,153,192
05,Spandau,512,electoral_district,5,78,Berlin-West,952,730,222,0,364,0,7,357,194,163,7,357,175,182
05,Spandau,513,electoral_district,5,78,Berlin-West,1763,1554,209,0,865,1,41,824,463,361,62,803,423,380
05,Spandau,514,electoral_district,5,78,Berlin-West,1178,1069,109,0,211,1,16,195,124,71,30,181,112,69
05,Spandau,515,electoral_district,5,78,Berlin-West,1094,851,243,0,415,8,48,367,207,160,53,362,233,129
05,Spandau,516,electoral_district,5,78,Berlin-West,1181,979,202,0,508,3,46,462,300,162,51,457,219,238
05,Spandau,517,electoral_district,5,78,Berlin-West,1074,940,134,0,322,1,28,294,183,111,36,286,154,132
05,Spandau,518,electoral_district,5,78,Berlin-West,913,731,182,0,398,4,31,367,224,143,31,367,184,183
05,Spandau,519,electoral_district,5,78,Berlin-West,1105,953,152,0,329,0,42,287,170,117,40,289,165,124
05,Spandau,520,electoral_district,5,78,Berlin-West,1297,1141,156,0,346,3,37,309,213,96,27,319,176,143
05,Spandau,521,electoral_district,5,78,Berlin-West,818,768,50,0,125,0,13,112,81,31,18,107,67,40
05,Spandau,522,electoral_district,5,78,Berlin-West,1035,801,234,0,432,3,43,389,237,152,45,387,186,201
05,Spandau,523,electoral_district,5,78,Berlin-West,841,664,177,0,324,1,24,300,196,104,31,293,135,158
05,Spandau,524,electoral_district,5,78,Berlin-West,1030,784,246,0,480,5,37,443,257,186,39,441,226,215
05,Spandau,525,electoral_district,5,78,Berlin-West,862,669,193,0,393,2,29,364,220,144,34,359,183,176
05,Spandau,526,electoral_district,5,78,Berlin-West,1189,1027,162,0,390,0,32,358,210,148,29,361,198,163
05,Spandau,527,electoral_district,5,78,Berlin-West,785,723,62,0,80,0,8,72,53,19,13,67,37,30
05,Spandau,528,electoral_district,5,78,Berlin-West,941,772,169,0,395,4,36,359,240,119,42,353,154,199
05,Spandau,529,electoral_district,5,78,Berlin-West,914,697,217,0,360,1,24,336,199,137,29,331,156,175
05,Spandau,530,electoral_district,5,78,Berlin-West,1090,956,134,0,314,1,31,283,198,85,53,261,129,132
05,Spandau,531,electoral_district,5,78,Berlin-West,1309,1212,97,0,233,3,0,233,143,90,20,213,118,95
05,Spandau,5A,postal_voting_district,5,78,Berlin-West,0,0,0,0,514,514,47,467,294,173,60,454,253,201
05,Spandau,5B,postal_voting_district,5,78,Berlin-West,0,0,0,0,361,361,30,331,202,129,38,323,189,134
05,Spandau,5C,postal_voting_district,5,78,Berlin-West,0,0,0,0,503,503,47,456,294,162,62,441,241,200
05,Spandau,5D,postal_voting_district,5,78,Berlin-West,0,0,0,0,611,611,54,557,296,261,45,566,352,214
05,Spandau,5E,postal_voting_district,5,78,Berlin-West,0,0,0,0,380,380,8,372,199,173,9,371,203,168
05,Spandau,5F,postal_voting_district,5,78,Berlin-West,0,0,0,0,479,479,32,447,244,203,26,453,260,193
05,Spandau,5G,postal_voting_district,5,78,Berlin-West,0,0,0,0,492,492,33,459,238,221,36,456,283,173
05,Spandau,5H,postal_voting_district,5,78,Berlin-West,0,0,0,0,533,533,49,484,278,206,43,490,286,204
05,Spandau,5I,postal_voting_district,5,78,Berlin-West,0,0,0,0,401,401,28,373,195,178,21,380,213,167
05,Spandau,5J,postal_voting_district,5,78,Berlin-West,0,0,0,0,481,481,31,450,257,193,38,443,255,188
06,Steglitz-Zehlendorf,101,electoral_district,1,79,Berlin-West,1878,1380,498,0,778,11,38,740,465,275,50,728,312,416
06,Steglitz-Zehlendorf,102,electoral_district,1,79,Berlin-West,1781,1314,467,0,659,3,38,621,408,213,54,605,266,339
06,Steglitz-Zehlendorf,103,electoral_district,1,79,Berlin-West,1804,1513,291,0,655,4,34,621,450,171,50,605,233,372
06,Steglitz-Zehlendorf,104,electoral_district,1,79,Berlin-West,1944,1533,411,0,828,3,40,788,561,227,66,762,251,511
06,Steglitz-Zehlendorf,105,electoral_district,1,79,Berlin-West,1610,1334,276,0,578,2,29,549,395,154,44,534,191,343
06,Steglitz-Zehlendorf,106,electoral_district,1,79,Berlin-West,1693,1381,312,0,659,8,24,635,462,173,46,613,213,400
06,Steglitz-Zehlendorf,107,electoral_district,1,79,Berlin-West,1874,1556,318,0,735,2,32,703,505,198,81,654,245,409
06,Steglitz-Zehlendorf,108,electoral_district,1,79,Berlin-West,1898,1429,469,0,755,4,38,717,447,270,67,688,288,400
06,Steglitz-Zehlendorf,109,electoral_district,1,79,Berlin-West,1906,1457,449,0,735,5,28,707,484,223,48,687,449,238
06,Steglitz-Zehlendorf,110,electoral_district,1,79,Berlin-West,1879,1520,359,0,777,8,29,748,508,240,51,726,279,447
06,Steglitz-Zehlendorf,111,electoral_district,1,79,Berlin-West,1929,1665,264,0,741,2,32,709,527,182,76,665,273,392
06,Steglitz-Zehlendorf,112,electoral_district,1,79,Berlin-West,1672,1366,306,0,636,3,37,599,407,192,56,580,234,346
06,Steglitz-Zehlendorf,113,electoral_district,1,79,Berlin-West,1836,1535,301,0,517,4,28,489,355,134,40,477,173,304
06,Steglitz-Zehlendorf,114,electoral_district,1,79,Berlin-West,1872,1437,435,0,723,2,41,682,450,232,54,669,248,421
06,Steglitz-Zehlendorf,115,electoral_district,1,79,Berlin-West,1598,1299,299,0,541,5,38,503,360,143,45,496,188,308
06,Steglitz-Zehlendorf,116,electoral_district,1,79,Berlin-West,1968,1520,448,0,773,1,33,740,525,215,63,710,267,443
06,Steglitz-Zehlendorf,117,electoral_district,1,79,Berlin-West,1773,1310,463,0,614,1,15,599,401,198,38,576,234,342
06,Steglitz-Zehlendorf,118,electoral_district,1,79,Berlin-West,1772,1362,410,0,709,4,28,681,469,212,64,645,235,410
06,Steglitz-Zehlendorf,1A,postal_voting_district,1,79,Berlin-West,0,0,0,0,833,833,67,766,457,309,74,759,418,341
06,Steglitz-Zehlendorf,1B,postal_voting_district,1,79,Berlin-West,0,0,0,0,802,802,37,765,491,274,92,710,357,353
06,Steglitz-Zehlendorf,1C,postal_voting_district,1,79,Berlin-West,0,0,0,0,618,618,21,597,436,161,44,574,236,338
06,Steglitz-Zehlendorf,1D,postal_voting_district,1,79,Berlin-West,0,0,0,0,515,515,29,486,349,137,51,464,209,255
06,Steglitz-Zehlendorf,1E,postal_voting_district,1,79,Berlin-West,0,0,0,0,550,550,31,519,366,153,38,512,225,287
06,Steglitz-Zehlendorf,1F,postal_voting_district,1,79,Berlin-West,0,0,0,0,504,504,28,476,322,154,29,475,227,248
06,Steglitz-Zehlendorf,1G,postal_voting_district,1,79,Berlin-West,0,0,0,0,722,722,43,679,436,243,58,664,309,355
06,Steglitz-Zehlendorf,1H,postal_voting_district,1,79,Berlin-West,0,0,0,0,649,649,36,613,418,195,58,591,273,318
06,Steglitz-Zehlendorf,1I,postal_voting_district,1,79,Berlin-West,0,0,0,0,764,764,38,726,448,278,67,697,357,340
06,Steglitz-Zehlendorf,201,electoral_district,2,79,Berlin-West,1784,1493,291,0,761,5,33,728,540,188,53,708,247,461
06,Steglitz-Zehlendorf,202,electoral_district,2,79,Berlin-West,1729,1409,320,0,585,3,36,549,406,143,45,540,226,314
06,Steglitz-Zehlendorf,203,electoral_district,2,79,Berlin-West,1860,1540,320,0,647,4,33,614,431,183,53,594,210,384
06,Steglitz-Zehlendorf,204,electoral_district,2,79,Berlin-West,1638,1352,286,0,682,4,27,655,446,209,38,644,245,399
06,Steglitz-Zehlendorf,205,electoral_district,2,79,Berlin-West,1729,1426,303,0,578,6,25,553,400,153,51,527,202,325
06,Steglitz-Zehlendorf,206,electoral_district,2,79,Berlin-West,1621,1298,323,0,622,3,42,580,383,197,51,571,229,342
06,Steglitz-Zehlendorf,207,electoral_district,2,79,Berlin-West,1525,1254,271,0,430,3,19,411,311,100,40,390,142,248
06,Steglitz-Zehlendorf,208,electoral_district,2,79,Berlin-West,1558,1277,281,0,492,6,30,462,333,129,44,448,172,276
06,Steglitz-Zehlendorf,209,electoral_district,2,79,Berlin-West,1916,1467,449,0,621,4,28,593,394,199,45,576,242,334
06,Steglitz-Zehlendorf,210,electoral_district,2,79,Berlin-West,1732,1321,411,0,622,2,31,591,415,176,51,571,227,344
06,Steglitz-Zehlendorf,211,electoral_district,2,79,Berlin-West,1706,1263,443,0,552,0,35,517,372,145,54,498,182,316
06,Steglitz-Zehlendorf,212,electoral_district,2,79,Berlin-West,1890,1558,332,0,618,2,24,594,430,164,43,575,213,362
06,Steglitz-Zehlendorf,213,electoral_district,2,79,Berlin-West,2081,1743,338,0,715,2,20,695,524,171,47,668,235,433
06,Steglitz-Zehlendorf,214,electoral_district,2,79,Berlin-West,1956,1607,349,0,745,9,39,706,525,181,63,682,237,445
06,Steglitz-Zehlendorf,215,electoral_district,2,79,Berlin-West,1709,1422,287,0,582,0,35,547,391,156,41,541,206,335
06,Steglitz-Zehlendorf,216,electoral_district,2,79,Berlin-West,1680,1307,373,0,554,2,26,528,379,149,37,517,185,332
06,Steglitz-Zehlendorf,217,electoral_district,2,79,Berlin-West,1949,1616,333,0,887,2,35,852,586,266,56,831,311,520
06,Steglitz-Zehlendorf,218,electoral_district,2,79,Berlin-West,1632,1348,284,0,495,4,29,466,323,143,57,438,191,247
06,Steglitz-Zehlendorf,2A,postal_voting_district,2,79,Berlin-West,0,0,0,0,657,657,38,619,419,200,50,607,282,325
06,Steglitz-Zehlendorf,2B,postal_voting_district,2,79,Berlin-West,0,0,0,0,554,554,41,513,351,162,42,512,253,259
06,Steglitz-Zehlendorf,2C,postal_voting_district,2,79,Berlin-West,0,0,0,0,498,498,37,461,282,179,36,462,222,240
06,Steglitz-Zehlendorf,2D,postal_voting_district,2,79,Berlin-West,0,0,0,0,549,549,42,507,330,177,54,495,246,249
06,Steglitz-Zehlendorf,2E,postal_voting_district,2,79,Berlin-West,0,0,0,0,587,587,55,532,358,174,57,530,275,255
06,Steglitz-Zehlendorf,2F,postal_voting_district,2,79,Berlin-West,0,0,0,0,528,528,32,496,339,157,43,485,232,253
06,Steglitz-Zehlendorf,2G,postal_voting_district,2,79,Berlin-West,0,0,0,0,754,754,53,701,461,240,61,693,331,362
06,Steglitz-Zehlendorf,2H,postal_voting_district,2,79,Berlin-West,0,0,0,0,605,605,43,562,402,160,39,566,260,306
06,Steglitz-Zehlendorf,2I,postal_voting_district,2,79,Berlin-West,0,0,0,0,534,534,38,496,341,155,40,494,235,259
06,Steglitz-Zehlendorf,301,electoral_district,3,79,Berlin-West,1724,1316,408,0,731,7,29,702,467,235,65,666,278,388
06,Steglitz-Zehlendorf,302,electoral_district,3,79,Berlin-West,1744,1311,433,0,751,9,40,711,432,279,50,701,299,402
06,Steglitz-Zehlendorf,303,electoral_district,3,79,Berlin-West,1834,1523,311,0,747,6,44,703,477,226,47,700,283,417
06,Steglitz-Zehlendorf,304,electoral_district,3,79,Berlin-West,1859,1405,454,0,923,3,50,873,537,336,79,844,353,491
06,Steglitz-Zehlendorf,305,electoral_district,3,79,Berlin-West,1653,1235,418,0,697,6,35,662,444,218,54,643,242,401
06,Steglitz-Zehlendorf,306,electoral_district,3,79,Berlin-West,1878,1417,461,0,745,6,48,697,433,264,60,685,283,402
06,Steglitz-Zehlendorf,307,electoral_district,3,79,Berlin-West,1699,1288,411,0,597,0,50,547,343,204,59,538,259,279
06,Steglitz-Zehlendorf,308,electoral_district,3,79,Berlin-West,1778,1272,506,0,749,0,48,701,438,263,54,695,292,403
06,Steglitz-Zehlendorf,309,electoral_district,3,79,Berlin-West,1806,1368,438,0,769,3,57,712,457,255,61,708,327,381
06,Steglitz-Zehlendorf,310,electoral_district,3,79,Berlin-West,1753,1345,408,0,749,0,50,699,478,221,70,679,239,440
06,Steglitz-Zehlendorf,311,electoral_district,3,79,Berlin-West,1640,1324,316,0,624,4,47,577,389,188,50,574,243,331
06,Steglitz-Zehlendorf,312,electoral_district,3,79,Berlin-West,1905,1407,498,0,863,8,58,805,457,348,64,799,320,479
06,Steglitz-Zehlendorf,313,electoral_district,3,79,Berlin-West,1658,1258,400,0,607,0,30,577,357,220,39,568,264,304
06,Steglitz-Zehlendorf,314,electoral_district,3,79,Berlin-West,2101,1715,386,0,843,1,48,795,474,321,49,794,367,427
06,Steglitz-Zehlendorf,315,electoral_district,3,79,Berlin-West,1617,1179,438,0,668,2,36,632,398,234,55,613,258,355
06,Steglitz-Zehlendorf,316,electoral_district,3,79,Berlin-West,1962,1597,365,0,761,1,53,708,480,228,84,677,287,390
06,Steglitz-Zehlendorf,317,electoral_district,3,79,Berlin-West,1915,1643,272,0,587,3,25,562,381,181,52,535,239,296
06,Steglitz-Zehlendorf,318,electoral_district,3,79,Berlin-West,2084,1603,481,0,668,0,39,629,437,192,53,615,244,371
06,Steglitz-Zehlendorf,3A,postal_voting_district,3,79,Berlin-West,0,0,0,0,739,739,41,698,436,262,67,672,360,312
06,Steglitz-Zehlendorf,3B,postal_voting_district,3,79,Berlin-West,0,0,0,0,650,650,48,602,370,232,50,600,314,286
06,Steglitz-Zehlendorf,3C,postal_voting_district,3,79,Berlin-West,0,0,0,0,632,632,40,592,338,254,47,585,322,263
06,Steglitz-Zehlendorf,3D,postal_voting_district,3,79,Berlin-West,0,0,0,0,812,812,42,770,455,315,99,713,353,360
06,Steglitz-Zehlendorf,3E,postal_voting_district,3,79,Berlin-West,0,0,0,0,701,701,44,657,389,268,46,655,368,287
06,Steglitz-Zehlendorf,3F,postal_voting_district,3,79,Berlin-West,0,0,0,0,572,572,38,534,374,160,49,523,280,243
06,Steglitz-Zehlendorf,3G,postal_voting_district,3,79,Berlin-West,0,0,0,0,835,835,73,762,454,308,104,731,421,310
06,Steglitz-Zehlendorf,3H,postal_voting_district,3,79,Berlin-West,0,0,0,0,773,773,44,729,420,309,74,699,393,306
06,Steglitz-Zehlendorf,3I,postal_voting_district,3,79,Berlin-West,0,0,0,0,850,850,59,791,453,338,58,792,447,345
06,Steglitz-Zehlendorf,401,electoral_district,4,79,Berlin-West,2096,1677,419,0,876,2,52,824,524,300,80,796,364,432
06,Steglitz-Zehlendorf,402,electoral_district,4,79,Berlin-West,1531,1247,284,0,601,0,47,554,375,179,82,519,240,279
06,Steglitz-Zehlendorf,403,electoral_district,4,79,Berlin-West,1751,1405,346,0,580,2,42,538,359,179,61,519,209,310
06,Steglitz-Zehlendorf,404,electoral_district,4,79,Berlin-West,1941,1506,435,0,782,2,51,731,469,262,68,714,308,406
06,Steglitz-Zehlendorf,405,electoral_district,4,79,Berlin-West,1750,1397,353,0,788,5,47,741,467,274,66,722,319,403
06,Steglitz-Zehlendorf,406,electoral_district,4,79,Berlin-West,1902,1480,422,0,711,6,27,684,482,202,63,648,247,401
06,Steglitz-Zehlendorf,407,electoral_district,4,79,Berlin-West,1996,1631,365,0,677,2,48,629,443,186,72,605,250,355
06,Steglitz-Zehlendorf,408,electoral_district,4,79,Berlin-West,1782,1359,423,0,739,3,39,700,445,255,52,687,285,402
06,Steglitz-Zehlendorf,409,electoral_district,4,79,Berlin-West,1856,1445,411,0,520,3,15,505,341,164,44,476,198,278
06,Steglitz-Zehlendorf,410,electoral_district,4,79,Berlin-West,1696,1446,250,0,523,3,35,488,329,159,38,485,212,273
06,Steglitz-Zehlendorf,411,electoral_district,4,79,Berlin-West,1650,1338,312,0,574,1,36,538,352,186,60,514,232,282
06,Steglitz-Zehlendorf,412,electoral_district,4,79,Berlin-West,1610,1380,230,0,665,1,48,617,405,212,60,605,265,340
06,Steglitz-Zehlendorf,413,electoral_district,4,79,Berlin-West,1823,1464,359,0,561,2,46,515,332,183,57,504,251,253
06,Steglitz-Zehlendorf,414,electoral_district,4,79,Berlin-West,1662,1529,133,0,400,3,47,353,236,117,51,349,203,146
06,Steglitz-Zehlendorf,415,electoral_district,4,79,Berlin-West,1645,1399,246,0,441,2,26,415,288,127,48,393,188,205
06,Steglitz-Zehlendorf,416,electoral_district,4,79,Berlin-West,1793,1352,441,0,672,1,45,627,406,221,48,624,353,271
06,Steglitz-Zehlendorf,417,electoral_district,4,79,Berlin-West,1683,1286,397,0,706,6,32,674,423,251,54,652,290,362
06,Steglitz-Zehlendorf,4A,postal_voting_district,4,79,Berlin-West,0,0,0,0,594,594,44,550,334,216,49,545,297,248
06,Steglitz-Zehlendorf,4B,postal_voting_district,4,79,Berlin-West,0,0,0,0,640,640,49,591,382,209,46,594,290,304
06,Steglitz-Zehlendorf,4C,postal_voting_district,4,79,Berlin-West,0,0,0,0,687,687,51,636,408,228,46,641,335,306
06,Steglitz-Zehlendorf,4D,postal_voting_district,4,79,Berlin-West,0,0,0,0,583,583,42,541,333,208,43,540,291,249
06,Steglitz-Zehlendorf,4E,postal_voting_district,4,79,Berlin-West,0,0,0,0,705,705,55,650,387,263,35,670,367,303
06,Steglitz-Zehlendorf,4F,postal_voting_district,4,79,Berlin-West,0,0,0,0,629,629,57,572,332,240,70,559,302,257
06,Steglitz-Zehlendorf,4G,postal_voting_district,4,79,Berlin-West,0,0,0,0,633,633,43,590,381,209,64,569,295,274
06,Steglitz-Zehlendorf,4H,postal_voting_district,4,79,Berlin-West,0,0,0,0,610,610,43,567,342,225,43,567,310,257
06,Steglitz-Zehlendorf,501,electoral_district,5,79,Berlin-West,1712,1388,324,0,590,2,29,561,362,199,60,530,232,298
06,Steglitz-Zehlendorf,502,electoral_district,5,79,Berlin-West,1649,1448,201,0,569,7,38,531,378,153,63,506,211,295
06,Steglitz-Zehlendorf,503,electoral_district,5,79,Berlin-West,1378,1088,290,0,463,4,21,442,301,141,45,418,171,247
06,Steglitz-Zehlendorf,504,electoral_district,5,79,Berlin-West,1560,1227,333,0,577,5,38,539,335,204,46,531,250,281
06,Steglitz-Zehlendorf,505,electoral_district,5,79,Berlin-West,1911,1490,421,0,791,3,61,730,460,270,83,708,339,369
06,Steglitz-Zehlendorf,506,electoral_district,5,79,Berlin-West,1714,1408,306,0,506,2,20,486,337,149,40,466,178,288
06,Steglitz-Zehlendorf,507,electoral_district,5,79,Berlin-West,1671,1478,193,0,572,2,35,537,398,139,60,512,204,308
06,Steglitz-Zehlendorf,508,electoral_district,5,79,Berlin-West,1856,1515,341,0,542,1,35,507,383,124,47,495,190,305
06,Steglitz-Zehlendorf,509,electoral_district,5,79,Berlin-West,1788,1406,382,0,597,0,37,560,389,171,57,540,222,318
06,Steglitz-Zehlendorf,510,electoral_district,5,79,Berlin-West,1914,1635,279,0,717,3,31,686,495,191,59,658,248,410
06,Steglitz-Zehlendorf,511,electoral_district,5,79,Berlin-West,1578,1176,402,0,564,4,51,513,321,192,62,502,178,324
06,Steglitz-Zehlendorf,512,electoral_district,5,79,Berlin-West,1660,1462,198,0,448,2,24,424,323,101,40,408,236,172
06,Steglitz-Zehlendorf,513,electoral_district,5,79,Berlin-West,1994,1700,294,0,641,3,46,595,417,178,72,569,235,334
06,Steglitz-Zehlendorf,514,electoral_district,5,79,Berlin-West,1703,1286,417,0,722,2,41,681,459,222,50,672,285,387
06,Steglitz-Zehlendorf,515,electoral_district,5,79,Berlin-West,1629,1247,382,0,675,2,30,645,417,228,51,624,316,308
06,Steglitz-Zehlendorf,516,electoral_district,5,79,Berlin-West,1842,1607,235,0,390,3,19,371,281,90,39,351,129,222
06,Steglitz-Zehlendorf,517,electoral_district,5,79,Berlin-West,1705,1410,295,0,380,4,14,366,275,91,28,352,121,231
06,Steglitz-Zehlendorf,518,electoral_district,5,79,Berlin-West,1689,1465,224,0,479,2,40,439,307,132,45,434,194,240
06,Steglitz-Zehlendorf,5A,postal_voting_district,5,79,Berlin-West,0,0,0,0,574,574,31,543,336,207,48,526,273,253
06,Steglitz-Zehlendorf,5B,postal_voting_district,5,79,Berlin-West,0,0,0,0,709,709,58,651,384,267,63,646,353,293
06,Steglitz-Zehlendorf,5C,postal_voting_district,5,79,Berlin-West,0,0,0,0,414,414,17,397,276,121,38,376,192,184
06,Steglitz-Zehlendorf,5D,postal_voting_district,5,79,Berlin-West,0,0,0,0,626,626,39,587,415,172,52,574,293,281
06,Steglitz-Zehlendorf,5E,postal_voting_district,5,79,Berlin-West,0,0,0,0,578,578,23,555,360,195,48,530,256,274
06,Steglitz-Zehlendorf,5F,postal_voting_district,5,79,Berlin-West,0,0,0,0,406,406,25,381,273,108,38,368,216,152
06,Steglitz-Zehlendorf,5G,postal_voting_district,5,79,Berlin-West,0,0,0,0,538,538,42,496,368,128,60,478,239,239
06,Steglitz-Zehlendorf,5H,postal_voting_district,5,79,Berlin-West,0,0,0,0,603,603,36,567,361,206,49,554,315,239
06,Steglitz-Zehlendorf,5I,postal_voting_district,5,79,Berlin-West,0,0,0,0,360,360,21,339,221,118,24,336,175,161
06,Steglitz-Zehlendorf,601,electoral_district,6,79,Berlin-West,1397,1044,353,0,532,2,26,506,325,181,39,493,197,296
06,Steglitz-Zehlendorf,602,electoral_district,6,79,Berlin-West,1550,1222,328,0,696,6,35,661,467,194,75,621,246,375
06,Steglitz-Zehlendorf,603,electoral_district,6,79,Berlin-West,1495,1140,355,0,584,1,38,546,366,180,58,526,207,319
06,Steglitz-Zehlendorf,604,electoral_district,6,79,Berlin-West,1812,1336,476,0,823,5,45,778,547,231,80,743,246,497
06,Steglitz-Zehlendorf,605,electoral_district,6,79,Berlin-West,1504,1219,285,0,661,1,24,637,397,240,44,617,262,355
06,Steglitz-Zehlendorf,606,electoral_district,6,79,Berlin-West,1402,1033,369,0,510,5,30,480,288,192,42,468,234,234
06,Steglitz-Zehlendorf,607,electoral_district,6,79,Berlin-West,1573,1084,489,0,625,5,31,594,318,276,45,580,270,310
06,Steglitz-Zehlendorf,608,electoral_district,6,79,Berlin-West,1557,1216,341,0,560,5,33,527,339,188,41,519,224,295
06,Steglitz-Zehlendorf,609,electoral_district,6,79,Berlin-West,1752,1290,462,0,745,4,55,690,391,299,48,697,329,368
06,Steglitz-Zehlendorf,610,electoral_district,6,79,Berlin-West,1174,849,325,0,501,4,20,481,292,189,34,467,209,258
06,Steglitz-Zehlendorf,611,electoral_district,6,79,Berlin-West,1526,1135,391,0,601,3,33,568,371,197,61,540,232,308
06,Steglitz-Zehlendorf,612,electoral_district,6,79,Berlin-West,1829,1447,382,0,716,2,42,674,448,226,69,647,276,371
06,Steglitz-Zehlendorf,613,electoral_district,6,79,Berlin-West,1688,1142,546,0,778,7,47,731,435,296,48,730,298,432
06,Steglitz-Zehlendorf,614,electoral_district,6,79,Berlin-West,1787,1335,452,0,685,2,21,664,415,249,46,639,247,392
06,Steglitz-Zehlendorf,615,electoral_district,6,79,Berlin-West,1792,1390,402,0,579,1,30,549,398,151,51,528,192,336
06,Steglitz-Zehlendorf,616,electoral_district,6,79,Berlin-West,1675,1347,328,0,663,3,41,622,416,206,64,599,271,328
06,Steglitz-Zehlendorf,617,electoral_district,6,79,Berlin-West,1748,1447,301,0,740,2,64,676,443,233,105,635,345,290
06,Steglitz-Zehlendorf,618,electoral_district,6,79,Berlin-West,1732,1289,443,0,617,4,33,584,395,189,52,565,228,337
06,Steglitz-Zehlendorf,619,electoral_district,6,79,Berlin-West,1460,1198,262,0,620,3,26,594,405,189,54,566,218,348
06,Steglitz-Zehlendorf,6A,postal_voting_district,6,79,Berlin-West,0,0,0,0,649,649,54,595,362,233,60,589,309,280
06,Steglitz-Zehlendorf,6B,postal_voting_district,6,79,Berlin-West,0,0,0,0,602,602,48,554,350,204,67,535,265,270
06,Steglitz-Zehlendorf,6C,postal_voting_district,6,79,Berlin-West,0,0,0,0,696,696,43,653,411,242,68,628,320,308
06,Steglitz-Zehlendorf,6D,postal_voting_district,6,79,Berlin-West,0,0,0,0,761,761,91,670,414,256,90,671,373,298
06,Steglitz-Zehlendorf,6E,postal_voting_district,6,79,Berlin-West,0,0,0,0,696,696,45,651,417,234,72,624,321,303
06,Steglitz-Zehlendorf,6F,postal_voting_district,6,79,Berlin-West,0,0,0,0,756,756,57,699,441,258,70,686,361,325
06,Steglitz-Zehlendorf,6G,postal_voting_district,6,79,Berlin-West,0,0,0,0,592,592,50,542,350,192,66,526,258,268
06,Steglitz-Zehlendorf,6H,postal_voting_district,6,79,Berlin-West,0,0,0,0,701,701,54,647,410,237,66,635,327,308
06,Steglitz-Zehlendorf,6I,postal_voting_district,6,79,Berlin-West,0,0,0,0,1043,1043,70,973,527,446,73,970,569,401
06,Steglitz-Zehlendorf,701,electoral_district,7,79,Berlin-West,1597,1235,362,0,688,3,40,648,377,271,48,640,311,329
06,Steglitz-Zehlendorf,702,electoral_district,7,79,Berlin-West,1916,1456,460,0,753,7,57,696,449,247,79,674,313,361
06,Steglitz-Zehlendorf,703,electoral_district,7,79,Berlin-West,1285,1005,280,0,521,6,30,491,280,211,53,468,227,241
06,Steglitz-Zehlendorf,704,electoral_district,7,79,Berlin-West,1484,1108,376,0,570,2,42,528,303,225,45,525,272,253
06,Steglitz-Zehlendorf,705,electoral_district,7,79,Berlin-West,1491,1040,451,0,486,5,22,464,277,187,43,443,211,232
06,Steglitz-Zehlendorf,706,electoral_district,7,79,Berlin-West,1745,1263,482,0,736,6,46,690,383,307,62,674,322,352
06,Steglitz-Zehlendorf,707,electoral_district,7,79,Berlin-West,1758,1269,489,0,752,1,40,712,427,285,50,702,299,403
06,Steglitz-Zehlendorf,708,electoral_district,7,79,Berlin-West,1391,1058,333,0,565,3,41,524,355,169,54,511,217,294
06,Steglitz-Zehlendorf,709,electoral_district,7,79,Berlin-West,1759,1159,600,0,720,6,85,635,382,253,59,661,310,351
06,Steglitz-Zehlendorf,710,electoral_district,7,79,Berlin-West,1750,1256,494,0,587,6,30,557,335,222,62,525,238,287
06,Steglitz-Zehlendorf,711,electoral_district,7,79,Berlin-West,1660,1268,392,0,708,8,41,667,397,270,58,650,300,350
06,Steglitz-Zehlendorf,712,electoral_district,7,79,Berlin-West,1640,1304,336,0,744,3,42,702,436,266,61,683,298,385
06,Steglitz-Zehlendorf,713,electoral_district,7,79,Berlin-West,1585,1119,466,0,654,7,34,620,381,239,62,592,242,350
06,Steglitz-Zehlendorf,714,electoral_district,7,79,Berlin-West,1294,1025,269,0,522,0,23,499,317,182,42,480,216,264
06,Steglitz-Zehlendorf,715,electoral_district,7,79,Berlin-West,1480,1071,409,0,576,0,47,529,311,218,34,542,244,298
06,Steglitz-Zehlendorf,716,electoral_district,7,79,Berlin-West,1356,984,372,0,612,5,32,580,338,242,54,558,262,296
06,Steglitz-Zehlendorf,717,electoral_district,7,79,Berlin-West,1233,974,259,0,543,4,27,516,345,171,54,489,201,288
06,Steglitz-Zehlendorf,718,electoral_district,7,79,Berlin-West,1895,1493,402,0,765,1,59,706,444,262,73,692,304,388
06,Steglitz-Zehlendorf,719,electoral_district,7,79,Berlin-West,1713,1298,415,0,668,0,35,633,435,198,60,608,232,376
06,Steglitz-Zehlendorf,7A,postal_voting_district,7,79,Berlin-West,0,0,0,0,562,562,39,523,297,226,40,522,279,243
06,Steglitz-Zehlendorf,7B,postal_voting_district,7,79,Berlin-West,0,0,0,0,692,692,58,634,359,275,61,631,359,272
06,Steglitz-Zehlendorf,7C,postal_voting_district,7,79,Berlin-West,0,0,0,0,654,654,69,585,376,209,55,599,304,295
06,Steglitz-Zehlendorf,7D,postal_voting_district,7,79,Berlin-West,0,0,0,0,952,952,76,876,530,346,88,864,455,409
06,Steglitz-Zehlendorf,7E,postal_voting_district,7,79,Berlin-West,0,0,0,0,634,634,51,583,338,245,50,584,322,262
06,Steglitz-Zehlendorf,7F,postal_voting_district,7,79,Berlin-West,0,0,0,0,648,648,42,606,375,231,55,593,320,273
06,Steglitz-Zehlendorf,7G,postal_voting_district,7,79,Berlin-West,0,0,0,0,868,868,87,781,473,308,88,780,416,364
06,Steglitz-Zehlendorf,7H,postal_voting_district,7,79,Berlin-West,0,0,0,0,923,923,67,856,509,347,71,852,461,391
06,Steglitz-Zehlendorf,7I,postal_voting_district,7,79,Berlin-West,0,0,0,0,730,730,56,674,417,257,71,659,345,314
07,Tempelhof-Schöneberg,101,electoral_district,1,81,Berlin-West,1835,1511,324,0,497,0,41,456,285,171,54,443,214,229
07,Tempelhof-Schöneberg,102,electoral_district,1,81,Berlin-West,1888,1510,378,0,508,0,23,485,308,177,44,464,196,268
07,Tempelhof-Schöneberg,103,electoral_district,1,81,Berlin-West,1900,1635,265,0,662,4,42,620,465,155,64,598,203,395
07,Tempelhof-Schöneberg,104,electoral_district,1,81,Berlin-West,1801,1557,244,0,594,5,13,581,447,134,46,548,177,371
07,Tempelhof-Schöneberg,105,electoral_district,1,81,Berlin-West,1943,1594,349,0,716,4,42,674,412,262,54,662,309,353
07,Tempelhof-Schöneberg,106,electoral_district,1,81,Berlin-West,1688,1349,339,0,648,8,28,620,439,181,41,607,208,399
07,Tempelhof-Schöneberg,107,electoral_district,1,81,Berlin-West,1757,1335,422,0,757,0,34,723,526,197,56,701,226,475
07,Tempelhof-Schöneberg,108,electoral_district,1,81,Berlin-West,1726,1450,276,0,609,9,13,596,457,139,36,573,167,406
07,Tempelhof-Schöneberg,109,electoral_district,1,81,Berlin-West,1881,1436,445,0,782,5,43,739,458,281,57,725,320,405
07,Tempelhof-Schöneberg,110,electoral_district,1,81,Berlin-West,2097,1696,401,0,789,0,41,748,520,228,81,708,285,423
07,Tempelhof-Schöneberg,111,electoral_district,1,81,Berlin-West,1762,1435,327,0,764,2,29,735,515,220,50,714,255,459
07,Tempelhof-Schöneberg,112,electoral_district,1,81,Berlin-West,1937,1474,463,0,805,6,26,779,573,206,45,760,240,520
07,Tempelhof-Schöneberg,113,electoral_district,1,81,Berlin-West,1905,1541,364,0,769,6,28,741,547,194,47,722,233,489
07,Tempelhof-Schöneberg,114,electoral_district,1,81,Berlin-West,2053,1539,514,0,730,2,31,699,463,236,40,690,283,407
07,Tempelhof-Schöneberg,115,electoral_district,1,81,Berlin-West,1948,1586,362,0,690,4,29,661,471,190,51,639,239,400
07,Tempelhof-Schöneberg,1A,postal_voting_district,1,81,Berlin-West,0,0,0,0,616,616,31,585,337,248,42,574,327,247
07,Tempelhof-Schöneberg,1B,postal_voting_district,1,81,Berlin-West,0,0,0,0,451,451,15,436,309,127,37,414,172,242
07,Tempelhof-Schöneberg,1C,postal_voting_district,1,81,Berlin-West,0,0,0,0,578,578,19,559,405,154,41,537,226,311
07,Tempelhof-Schöneberg,1D,postal_voting_district,1,81,Berlin-West,0,0,0,0,656,656,64,592,401,191,76,580,263,317
07,Tempelhof-Schöneberg,1E,postal_voting_district,1,81,Berlin-West,0,0,0,0,689,689,32,657,359,298,49,640,348,292
07,Tempelhof-Schöneberg,1F,postal_voting_district,1,81,Berlin-West,0,0,0,0,820,820,44,776,478,298,64,756,364,392
07,Tempelhof-Schöneberg,1G,postal_voting_district,1,81,Berlin-West,0,0,0,0,603,603,27,576,384,192,42,561,251,310
07,Tempelhof-Schöneberg,1H,postal_voting_district,1,81,Berlin-West,0,0,0,0,447,447,20,427,300,127,26,421,161,260
07,Tempelhof-Schöneberg,201,electoral_district,2,81,Berlin-West,1913,1464,449,0,850,4,48,802,531,271,59,791,317,474
07,Tempelhof-Schöneberg,202,electoral_district,2,81,Berlin-West,2021,1561,460,0,937,3,25,912,669,243,65,872,235,637
07,Tempelhof-Schöneberg,203,electoral_district,2,81,Berlin-West,1931,1504,427,0,800,2,21,779,605,174,42,758,184,574
07,Tempelhof-Schöneberg,204,electoral_district,2,81,Berlin-West,1729,1458,271,0,672,5,27,645,489,156,54,618,190,428
07,Tempelhof-Schöneberg,205,electoral_district,2,81,Berlin-West,1772,1467,305,0,737,3,16,721,596,125,43,694,158,536
07,Tempelhof-Schöneberg,206,electoral_district,2,81,Berlin-West,1952,1579,373,0,772,9,22,750,557,193,58,714,249,465
07,Tempelhof-Schöneberg,207,electoral_district,2,81,Berlin-West,1927,1514,413,0,753,2,35,718,486,232,68,685,282,403
07,Tempelhof-Schöneberg,208,electoral_district,2,81,Berlin-West,1810,1448,362,0,641,2,31,610,434,176,41,600,204,396
07,Tempelhof-Schöneberg,209,electoral_district,2,81,Berlin-West,2038,1624,414,0,714,2,35,679,524,155,45,669,208,461
07,Tempelhof-Schöneberg,210,electoral_district,2,81,Berlin-West,1762,1441,321,0,680,9,13,667,537,130,44,636,150,486
07,Tempelhof-Schöneberg,211,electoral_district,2,81,Berlin-West,2084,1662,422,0,853,8,14,839,645,194,47,806,180,626
07,Tempelhof-Schöneberg,212,electoral_district,2,81,Berlin-West,2075,1672,403,0,932,8,32,900,736,164,52,880,186,694
07,Tempelhof-Schöneberg,213,electoral_district,2,81,Berlin-West,2073,1692,381,0,910,0,25,885,719,166,46,864,207,657
07,Tempelhof-Schöneberg,214,electoral_district,2,81,Berlin-West,2068,1760,308,0,749,4,25,724,563,161,55,694,195,499
07,Tempelhof-Schöneberg,215,electoral_district,2,81,Berlin-West,1442,1139,303,0,682,4,17,665,549,116,28,654,129,525
07,Tempelhof-Schöneberg,2A,postal_voting_district,2,81,Berlin-West,0,0,0,0,812,812,33,779,557,222,50,762,282,480
07,Tempelhof-Schöneberg,2B,postal_voting_district,2,81,Berlin-West,0,0,0,0,725,725,16,709,531,178,57,668,238,430
07,Tempelhof-Schöneberg,2C,postal_voting_district,2,81,Berlin-West,0,0,0,0,497,497,17,480,357,123,49,448,160,288
07,Tempelhof-Schöneberg,2D,postal_voting_district,2,81,Berlin-West,0,0,0,0,735,735,19,716,571,145,47,688,181,507
07,Tempelhof-Schöneberg,2E,postal_voting_district,2,81,Berlin-West,0,0,0,0,559,559,20,539,416,123,29,530,159,371
07,Tempelhof-Schöneberg,2F,postal_voting_district,2,81,Berlin-West,0,0,0,0,712,712,49,663,439,224,73,639,285,354
07,Tempelhof-Schöneberg,2G,postal_voting_district,2,81,Berlin-West,0,0,0,0,661,661,31,630,468,162,38,623,236,387
07,Tempelhof-Schöneberg,2H,postal_voting_district,2,81,Berlin-West,0,0,0,0,288,288,8,280,219,61,20,268,83,185
07,Tempelhof-Schöneberg,301,electoral_district,3,81,Berlin-West,2013,1586,427,0,917,7,34,883,663,220,85,832,252,580
07,Tempelhof-Schöneberg,302,electoral_district,3,81,Berlin-West,1789,1454,335,0,898,4,21,877,603,274,49,849,269,580
07,Tempelhof-Schöneberg,303,electoral_district,3,81,Berlin-West,1730,1359,371,0,783,3,34,749,504,245,62,721,254,467
07,Tempelhof-Schöneberg,304,electoral_district,3,81,Berlin-West,1971,1620,351,0,759,6,40,719,527,192,68,691,237,454
07,Tempelhof-Schöneberg,305,electoral_district,3,81,Berlin-West,1830,1378,452,0,822,1,27,795,565,230,61,761,235,526
07,Tempelhof-Schöneberg,306,electoral_district,3,81,Berlin-West,1736,1349,387,0,801,1,38,763,493,270,54,747,282,465
07,Tempelhof-Schöneberg,307,electoral_district,3,81,Berlin-West,1876,1429,447,0,798,5,33,765,501,264,54,744,273,471
07,Tempelhof-Schöneberg,308,electoral_district,3,81,Berlin-West,1709,1291,418,0,741,6,33,708,486,222,56,685,241,444
07,Tempelhof-Schöneberg,309,electoral_district,3,81,Berlin-West,1646,1295,351,0,809,7,47,762,555,207,70,739,267,472
07,Tempelhof-Schöneberg,310,electoral_district,3,81,Berlin-West,1841,1383,458,0,798,2,22,776,546,230,54,744,251,493
07,Tempelhof-Schöneberg,311,electoral_district,3,81,Berlin-West,1707,1367,340,0,794,6,28,766,559,207,53,741,233,508
07,Tempelhof-Schöneberg,312,electoral_district,3,81,Berlin-West,1836,1468,368,0,774,1,22,752,544,208,44,730,246,484
07,Tempelhof-Schöneberg,313,electoral_district,3,81,Berlin-West,1819,1420,399,0,819,8,26,793,463,330,53,766,269,497
07,Tempelhof-Schöneberg,314,electoral_district,3,81,Berlin-West,1690,1396,294,0,756,0,47,709,510,199,58,698,242,456
07,Tempelhof-Schöneberg,315,electoral_district,3,81,Berlin-West,2149,1727,422,0,923,9,33,890,663,227,71,852,263,589
07,Tempelhof-Schöneberg,316,electoral_district,3,81,Berlin-West,2070,1811,259,0,696,5,39,657,498,159,56,640,218,422
07,Tempelhof-Schöneberg,3A,postal_voting_district,3,81,Berlin-West,0,0,0,0,673,673,29,644,439,205,57,616,260,356
07,Tempelhof-Schöneberg,3B,postal_voting_district,3,81,Berlin-West,0,0,0,0,633,633,28,605,425,180,43,590,262,328
07,Tempelhof-Schöneberg,3C,postal_voting_district,3,81,Berlin-West,0,0,0,0,744,744,32,712,477,235,68,676,295,381
07,Tempelhof-Schöneberg,3D,postal_voting_district,3,81,Berlin-West,0,0,0,0,735,735,39,696,487,209,63,672,311,361
07,Tempelhof-Schöneberg,3E,postal_voting_district,3,81,Berlin-West,0,0,0,0,722,722,44,678,435,243,67,655,303,352
07,Tempelhof-Schöneberg,3F,postal_voting_district,3,81,Berlin-West,0,0,0,0,617,617,22,595,434,161,44,573,214,359
07,Tempelhof-Schöneberg,3G,postal_voting_district,3,81,Berlin-West,0,0,0,0,624,624,35,589,422,167,48,576,239,337
07,Tempelhof-Schöneberg,3H,postal_voting_district,3,81,Berlin-West,0,0,0,0,603,603,29,574,427,147,51,552,212,340
07,Tempelhof-Schöneberg,401,electoral_district,4,81,Berlin-West,1979,1676,303,0,595,2,24,571,436,135,45,550,205,345
07,Tempelhof-Schöneberg,402,electoral_district,4,81,Berlin-West,1749,1413,336,0,772,6,20,752,616,136,37,735,166,569
07,Tempelhof-Schöneberg,403,electoral_district,4,81,Berlin-West,1662,1338,324,0,761,6,23,738,600,138,42,719,556,163
07,Tempelhof-Schöneberg,404,electoral_district,4,81,Berlin-West,1614,1352,262,0,638,0,24,614,505,109,48,590,141,449
07,Tempelhof-Schöneberg,405,electoral_district,4,81,Berlin-West,2054,1725,329,0,891,5,16,875,729,146,45,846,159,687
07,Tempelhof-Schöneberg,406,electoral_district,4,81,Berlin-West,2064,1631,433,0,829,8,32,797,637,160,47,782,193,589
07,Tempelhof-Schöneberg,407,electoral_district,4,81,Berlin-West,2176,1613,563,0,1033,3,16,1017,868,149,32,1001,153,848
07,Tempelhof-Schöneberg,408,electoral_district,4,81,Berlin-West,1976,1658,318,0,778,3,19,759,608,151,60,718,170,548
07,Tempelhof-Schöneberg,409,electoral_district,4,81,Berlin-West,1821,1347,474,0,856,5,15,841,757,84,49,807,78,729
07,Tempelhof-Schöneberg,410,electoral_district,4,81,Berlin-West,2289,1961,328,0,759,2,43,716,546,170,70,689,239,450
07,Tempelhof-Schöneberg,411,electoral_district,4,81,Berlin-West,1717,1427,290,0,533,2,11,522,445,77,42,491,96,395
07,Tempelhof-Schöneberg,412,electoral_district,4,81,Berlin-West,1858,1576,282,0,641,0,22,619,530,89,51,590,116,474
07,Tempelhof-Schöneberg,413,electoral_district,4,81,Berlin-West,1825,1458,367,0,864,3,19,845,688,157,52,812,177,635
07,Tempelhof-Schöneberg,414,electoral_district,4,81,Berlin-West,1984,1563,421,0,750,5,31,719,569,150,40,710,169,541
07,Tempelhof-Schöneberg,415,electoral_district,4,81,Berlin-West,2086,1719,367,0,728,0,25,703,566,137,44,684,204,480
07,Tempelhof-Schöneberg,416,electoral_district,4,81,Berlin-West,2184,1728,456,0,618,6,19,599,496,103,43,575,144,431
07,Tempelhof-Schöneberg,4A,postal_voting_district,4,81,Berlin-West,0,0,0,0,566,566,37,529,404,125,54,512,187,325
07,Tempelhof-Schöneberg,4B,postal_voting_district,4,81,Berlin-West,0,0,0,0,510,510,1,509,410,99,12,498,146,352
07,Tempelhof-Schöneberg,4C,postal_voting_district,4,81,Berlin-West,0,0,0,0,671,671,30,641,502,139,45,626,191,435
07,Tempelhof-Schöneberg,4D,postal_voting_district,4,81,Berlin-West,0,0,0,0,930,930,17,913,761,152,61,869,184,685
07,Tempelhof-Schöneberg,4E,postal_voting_district,4,81,Berlin-West,0,0,0,0,549,549,20,529,441,88,55,494,125,369
07,Tempelhof-Schöneberg,4F,postal_voting_district,4,81,Berlin-West,0,0,0,0,541,541,31,510,370,140,44,497,197,300
07,Tempelhof-Schöneberg,4G,postal_voting_district,4,81,Berlin-West,0,0,0,0,710,710,29,681,518,163,58,652,535,117
07,Tempelhof-Schöneberg,4H,postal_voting_district,4,81,Berlin-West,0,0,0,0,742,742,38,704,533,171,76,666,244,422
07,Tempelhof-Schöneberg,501,electoral_district,5,81,Berlin-West,1681,1287,394,0,597,1,26,571,445,126,40,557,163,394
07,Tempelhof-Schöneberg,502,electoral_district,5,81,Berlin-West,2296,1820,476,0,825,1,36,789,646,143,74,751,203,548
07,Tempelhof-Schöneberg,503,electoral_district,5,81,Berlin-West,1931,1620,311,0,750,4,34,716,577,139,60,690,175,515
07,Tempelhof-Schöneberg,504,electoral_district,5,81,Berlin-West,2082,1815,267,0,816,0,28,788,649,139,62,754,179,575
07,Tempelhof-Schöneberg,505,electoral_district,5,81,Berlin-West,1859,1492,367,0,807,3,26,781,664,117,54,753,90,663
07,Tempelhof-Schöneberg,506,electoral_district,5,81,Berlin-West,2034,1746,288,0,766,1,23,743,619,124,65,701,140,561
07,Tempelhof-Schöneberg,507,electoral_district,5,81,Berlin-West,2118,1709,409,0,736,3,31,705,568,137,63,673,165,508
07,Tempelhof-Schöneberg,508,electoral_district,5,81,Berlin-West,2306,2085,221,0,677,1,18,659,562,97,51,626,148,478
07,Tempelhof-Schöneberg,509,electoral_district,5,81,Berlin-West,1994,1617,377,0,805,4,14,791,650,141,41,764,154,610
07,Tempelhof-Schöneberg,510,electoral_district,5,81,Berlin-West,2054,1758,296,0,689,1,34,655,507,148,66,623,203,420
07,Tempelhof-Schöneberg,511,electoral_district,5,81,Berlin-West,2188,1903,285,0,651,2,22,629,474,155,57,594,193,401
07,Tempelhof-Schöneberg,512,electoral_district,5,81,Berlin-West,1942,1586,356,0,734,1,35,699,517,182,64,670,214,456
07,Tempelhof-Schöneberg,513,electoral_district,5,81,Berlin-West,2022,1746,276,0,708,8,27,681,534,147,69,639,177,462
07,Tempelhof-Schöneberg,514,electoral_district,5,81,Berlin-West,2131,1783,348,0,728,1,43,685,539,146,73,655,208,447
07,Tempelhof-Schöneberg,515,electoral_district,5,81,Berlin-West,1850,1634,216,0,544,0,42,502,361,141,68,476,182,294
07,Tempelhof-Schöneberg,5A,postal_voting_district,5,81,Berlin-West,0,0,0,0,778,778,39,739,528,211,79,699,269,430
07,Tempelhof-Schöneberg,5B,postal_voting_district,5,81,Berlin-West,0,0,0,0,539,539,34,505,393,112,63,476,162,314
07,Tempelhof-Schöneberg,5C,postal_voting_district,5,81,Berlin-West,0,0,0,0,694,694,18,676,512,164,36,658,460,198
07,Tempelhof-Schöneberg,5D,postal_voting_district,5,81,Berlin-West,0,0,0,0,628,628,19,609,469,140,61,567,184,383
07,Tempelhof-Schöneberg,5E,postal_voting_district,5,81,Berlin-West,0,0,0,0,533,533,26,507,400,107,39,494,166,328
07,Tempelhof-Schöneberg,5F,postal_voting_district,5,81,Berlin-West,0,0,0,0,491,491,23,468,335,133,25,466,195,271
07,Tempelhof-Schöneberg,5G,postal_voting_district,5,81,Berlin-West,0,0,0,0,506,506,26,480,326,154,41,465,213,252
07,Tempelhof-Schöneberg,5H,postal_voting_district,5,81,Berlin-West,0,0,0,0,242,242,17,225,172,53,24,218,85,133
07,Tempelhof-Schöneberg,601,electoral_district,6,81,Berlin-West,1951,1620,331,0,548,3,33,515,404,111,58,490,147,343
07,Tempelhof-Schöneberg,602,electoral_district,6,81,Berlin-West,2274,1904,370,0,706,3,41,665,506,159,76,630,246,384
07,Tempelhof-Schöneberg,603,electoral_district,6,81,Berlin-West,2131,1856,275,0,792,3,16,776,602,174,49,743,239,504
07,Tempelhof-Schöneberg,604,electoral_district,6,81,Berlin-West,2201,1813,388,0,689,0,24,665,513,152,56,633,189,444
07,Tempelhof-Schöneberg,605,electoral_district,6,81,Berlin-West,1897,1531,366,0,539,4,33,506,408,98,47,492,138,354
07,Tempelhof-Schöneberg,606,electoral_district,6,81,Berlin-West,2181,1843,338,0,729,0,36,693,509,184,60,669,234,435
07,Tempelhof-Schöneberg,607,electoral_district,6,81,Berlin-West,1985,1756,229,0,524,1,28,496,367,129,46,478,185,293
07,Tempelhof-Schöneberg,608,electoral_district,6,81,Berlin-West,1984,1636,348,0,791,4,32,759,536,223,70,721,261,460
07,Tempelhof-Schöneberg,609,electoral_district,6,81,Berlin-West,1892,1592,300,0,642,2,37,605,425,180,58,584,220,364
07,Tempelhof-Schöneberg,610,electoral_district,6,81,Berlin-West,2104,1780,324,0,839,1,89,750,504,246,122,717,320,397
07,Tempelhof-Schöneberg,611,electoral_district,6,81,Berlin-West,2148,1770,378,0,872,6,85,787,542,245,94,778,328,450
07,Tempelhof-Schöneberg,612,electoral_district,6,81,Berlin-West,1753,1397,356,0,584,7,18,566,409,157,48,536,181,355
07,Tempelhof-Schöneberg,613,electoral_district,6,81,Berlin-West,2028,1729,299,0,741,1,35,706,495,211,69,672,293,379
07,Tempelhof-Schöneberg,614,electoral_district,6,81,Berlin-West,1676,1338,338,0,663,2,45,618,428,190,53,610,220,390
07,Tempelhof-Schöneberg,615,electoral_district,6,81,Berlin-West,1843,1483,360,0,726,0,30,696,486,210,49,677,233,444
07,Tempelhof-Schöneberg,6A,postal_voting_district,6,81,Berlin-West,0,0,0,0,572,572,26,546,387,159,41,531,229,302
07,Tempelhof-Schöneberg,6B,postal_voting_district,6,81,Berlin-West,0,0,0,0,633,633,30,603,428,175,66,567,253,314
07,Tempelhof-Schöneberg,6C,postal_voting_district,6,81,Berlin-West,0,0,0,0,608,608,35,573,390,183,41,567,249,318
07,Tempelhof-Schöneberg,6D,postal_voting_district,6,81,Berlin-West,0,0,0,0,481,481,24,457,303,154,36,445,219,226
07,Tempelhof-Schöneberg,6E,postal_voting_district,6,81,Berlin-West,0,0,0,0,678,678,93,585,377,208,109,569,293,276
07,Tempelhof-Schöneberg,6F,postal_voting_district,6,81,Berlin-West,0,0,0,0,635,635,27,608,406,202,61,574,263,311
07,Tempelhof-Schöneberg,6G,postal_voting_district,6,81,Berlin-West,0,0,0,0,572,572,45,527,351,176,41,531,266,265
07,Tempelhof-Schöneberg,6H,postal_voting_district,6,81,Berlin-West,0,0,0,0,351,351,27,324,241,83,33,318,135,183
07,Tempelhof-Schöneberg,701,electoral_district,7,81,Berlin-West,1814,1571,243,0,564,0,46,518,371,147,47,517,241,276
07,Tempelhof-Schöneberg,702,electoral_district,7,81,Berlin-West,1768,1478,290,0,809,2,41,768,497,271,63,746,301,445
07,Tempelhof-Schöneberg,703,electoral_district,7,81,Berlin-West,1954,1700,254,0,605,1,41,564,395,169,63,542,232,310
07,Tempelhof-Schöneberg,704,electoral_district,7,81,Berlin-West,1383,1145,238,0,360,4,24,336,251,85,57,303,126,177
07,Tempelhof-Schöneberg,705,electoral_district,7,81,Berlin-West,2043,1684,359,0,502,0,39,463,321,142,56,446,193,253
07,Tempelhof-Schöneberg,706,electoral_district,7,81,Berlin-West,1808,1597,211,0,544,0,45,499,360,139,81,463,206,257
07,Tempelhof-Schöneberg,707,electoral_district,7,81,Berlin-West,1544,1384,160,0,367,1,18,349,231,118,46,321,161,160
07,Tempelhof-Schöneberg,708,electoral_district,7,81,Berlin-West,2130,1922,208,0,476,1,33,443,334,109,61,415,202,213
07,Tempelhof-Schöneberg,709,electoral_district,7,81,Berlin-West,2242,1915,327,0,568,3,47,521,351,170,71,497,227,270
07,Tempelhof-Schöneberg,710,electoral_district,7,81,Berlin-West,1826,1468,358,0,589,3,33,556,391,165,57,532,208,324
07,Tempelhof-Schöneberg,711,electoral_district,7,81,Berlin-West,1991,1592,399,0,821,0,56,765,511,254,63,758,308,450
07,Tempelhof-Schöneberg,712,electoral_district,7,81,Berlin-West,1984,1623,361,0,889,0,63,826,564,262,90,799,299,500
07,Tempelhof-Schöneberg,713,electoral_district,7,81,Berlin-West,2036,1635,401,0,803,2,41,762,507,255,68,735,285,450
07,Tempelhof-Schöneberg,714,electoral_district,7,81,Berlin-West,2137,1787,350,0,860,6,44,816,566,250,80,780,303,477
07,Tempelhof-Schöneberg,715,electoral_district,7,81,Berlin-West,1969,1635,334,0,617,0,34,583,418,165,52,565,231,334
07,Tempelhof-Schöneberg,7A,postal_voting_district,7,81,Berlin-West,0,0,0,0,506,506,38,468,282,186,38,468,267,201
07,Tempelhof-Schöneberg,7B,postal_voting_district,7,81,Berlin-West,0,0,0,0,392,392,24,368,219,149,34,358,190,168
07,Tempelhof-Schöneberg,7C,postal_voting_district,7,81,Berlin-West,0,0,0,0,332,332,35,297,202,95,51,281,144,137
07,Tempelhof-Schöneberg,7D,postal_voting_district,7,81,Berlin-West,0,0,0,0,585,585,40,545,339,206,29,556,295,261
07,Tempelhof-Schöneberg,7E,postal_voting_district,7,81,Berlin-West,0,0,0,0,482,482,33,449,305,144,36,446,219,227
07,Tempelhof-Schöneberg,7F,postal_voting_district,7,81,Berlin-West,0,0,0,0,656,656,42,614,419,195,62,594,269,325
07,Tempelhof-Schöneberg,7G,postal_voting_district,7,81,Berlin-West,0,0,0,0,648,648,29,619,416,203,45,603,283,320
07,Tempelhof-Schöneberg,7H,postal_voting_district,7,81,Berlin-West,0,0,0,0,295,295,20,275,171,104,19,276,128,148
07,Tempelhof-Schöneberg,801,electoral_district,8,81,Berlin-West,1936,1518,418,0,817,3,32,785,520,265,64,753,282,471
07,Tempelhof-Schöneberg,802,electoral_district,8,81,Berlin-West,1850,1499,351,0,751,11,37,714,516,198,70,681,232,449
07,Tempelhof-Schöneberg,803,electoral_district,8,81,Berlin-West,1843,1531,312,0,412,0,29,383,266,117,42,370,151,219
07,Tempelhof-Schöneberg,804,electoral_district,8,81,Berlin-West,1810,1529,281,0,459,0,29,430,313,117,44,415,174,241
07,Tempelhof-Schöneberg,805,electoral_district,8,81,Berlin-West,2125,1785,340,0,744,4,30,714,519,195,68,676,261,415
07,Tempelhof-Schöneberg,806,electoral_district,8,81,Berlin-West,1815,1474,341,0,609,1,24,585,387,198,54,555,209,346
07,Tempelhof-Schöneberg,807,electoral_district,8,81,Berlin-West,2017,1597,420,0,703,2,51,652,433,219,63,640,252,388
07,Tempelhof-Schöneberg,808,electoral_district,8,81,Berlin-West,2171,1903,268,0,629,0,46,583,427,156,77,552,254,298
07,Tempelhof-Schöneberg,809,electoral_district,8,81,Berlin-West,1915,1554,361,0,579,2,49,530,348,182,44,535,237,298
07,Tempelhof-Schöneberg,810,electoral_district,8,81,Berlin-West,1767,1451,316,0,552,3,29,523,381,142,47,505,191,314
07,Tempelhof-Schöneberg,811,electoral_district,8,81,Berlin-West,1781,1508,273,0,524,3,36,488,329,159,57,467,190,277
07,Tempelhof-Schöneberg,812,electoral_district,8,81,Berlin-West,1739,1460,279,0,698,0,30,668,455,213,57,641,236,405
07,Tempelhof-Schöneberg,813,electoral_district,8,81,Berlin-West,1734,1373,361,0,636,1,38,598,424,174,53,583,207,376
07,Tempelhof-Schöneberg,814,electoral_district,8,81,Berlin-West,1582,1325,257,0,510,5,28,482,332,150,52,458,204,254
07,Tempelhof-Schöneberg,815,electoral_district,8,81,Berlin-West,1507,1166,341,0,636,0,44,592,438,154,48,588,219,369
07,Tempelhof-Schöneberg,8A,postal_voting_district,8,81,Berlin-West,0,0,0,0,690,690,46,644,426,218,58,632,308,324
07,Tempelhof-Schöneberg,8B,postal_voting_district,8,81,Berlin-West,0,0,0,0,583,583,54,529,335,194,73,510,270,240
07,Tempelhof-Schöneberg,8C,postal_voting_district,8,81,Berlin-West,0,0,0,0,616,616,36,580,371,209,69,547,298,249
07,Tempelhof-Schöneberg,8D,postal_voting_district,8,81,Berlin-West,0,0,0,0,586,586,33,553,375,178,43,543,285,258
07,Tempelhof-Schöneberg,8E,postal_voting_district,8,81,Berlin-West,0,0,0,0,542,542,41,501,312,189,35,507,262,245
07,Tempelhof-Schöneberg,8F,postal_voting_district,8,81,Berlin-West,0,0,0,0,512,512,40,472,289,183,32,480,234,246
07,Tempelhof-Schöneberg,8G,postal_voting_district,8,81,Berlin-West,0,0,0,0,580,580,32,548,364,184,48,532,283,249
07,Tempelhof-Schöneberg,8H,postal_voting_district,8,81,Berlin-West,0,0,0,0,301,301,20,281,177,104,39,262,137,125
08,Neukölln,101,electoral_district,1,82,Berlin-West,1382,1102,280,0,543,4,18,525,456,69,28,515,87,428
08,Neukölln,102,electoral_district,1,82,Berlin-West,1374,1093,281,0,593,7,13,580,505,75,34,559,117,442
08,Neukölln,103,electoral_district,1,82,Berlin-West,1205,979,226,0,535,9,8,527,459,68,31,504,77,427
08,Neukölln,104,electoral_district,1,82,Berlin-West,1525,1241,284,0,697,4,17,680,591,89,26,671,107,564
08,Neukölln,105,electoral_district,1,82,Berlin-West,1348,1150,198,0,546,5,14,532,484,48,25,521,80,441
08,Neukölln,106,electoral_district,1,82,Berlin-West,1314,1069,245,0,511,8,8,503,425,78,29,482,85,397
08,Neukölln,107,electoral_district,1,82,Berlin-West,1205,962,242,1,497,6,10,487,419,68,22,475,83,392
08,Neukölln,108,electoral_district,1,82,Berlin-West,1482,1259,223,0,659,4,20,639,573,66,34,625,97,528
08,Neukölln,109,electoral_district,1,82,Berlin-West,1369,1178,191,0,587,4,10,577,496,81,43,544,109,435
08,Neukölln,110,electoral_district,1,82,Berlin-West,1517,1257,260,0,582,2,6,576,509,67,33,549,94,455
08,Neukölln,111,electoral_district,1,82,Berlin-West,1357,1108,249,0,523,1,18,505,440,65,42,481,75,406
08,Neukölln,112,electoral_district,1,82,Berlin-West,1721,1441,280,0,535,3,13,522,431,91,43,492,110,382
08,Neukölln,113,electoral_district,1,82,Berlin-West,1284,1100,184,0,531,10,5,526,466,60,21,510,75,435
08,Neukölln,114,electoral_district,1,82,Berlin-West,1733,1454,279,0,504,2,27,477,379,98,40,464,142,322
08,Neukölln,115,electoral_district,1,82,Berlin-West,1621,1347,274,0,577,3,19,558,479,79,42,535,108,427
08,Neukölln,116,electoral_district,1,82,Berlin-West,1211,1036,175,0,525,8,2,523,463,60,13,512,89,423
08,Neukölln,117,electoral_district,1,82,Berlin-West,1472,1236,236,0,593,1,12,581,510,71,55,538,80,458
08,Neukölln,118,electoral_district,1,82,Berlin-West,1150,989,161,0,412,3,10,402,357,45,37,375,66,309
08,Neukölln,119,electoral_district,1,82,Berlin-West,1122,1026,96,0,291,3,6,285,233,52,23,268,80,188
08,Neukölln,120,electoral_district,1,82,Berlin-West,1468,1219,249,0,535,1,17,518,442,76,35,500,103,397
08,Neukölln,121,electoral_district,1,82,Berlin-West,1496,1304,192,0,550,2,17,533,450,83,24,526,109,417
08,Neukölln,122,electoral_district,1,82,Berlin-West,1114,953,161,0,434,7,10,424,374,50,24,410,82,328
08,Neukölln,123,electoral_district,1,82,Berlin-West,1517,1299,218,0,549,3,9,540,482,58,39,510,89,421
08,Neukölln,124,electoral_district,1,82,Berlin-West,1627,1329,298,0,667,5,17,650,577,73,38,629,97,532
08,Neukölln,125,electoral_district,1,82,Berlin-West,1470,1276,194,0,541,4,7,534,470,64,34,507,88,419
08,Neukölln,126,electoral_district,1,82,Berlin-West,1453,1237,216,0,533,3,9,524,457,67,17,516,78,438
08,Neukölln,127,electoral_district,1,82,Berlin-West,1214,1063,151,0,427,7,7,420,353,67,25,402,88,314
08,Neukölln,1A,postal_voting_district,1,82,Berlin-West,0,0,0,0,947,947,36,911,804,107,71,876,178,698
08,Neukölln,1B,postal_voting_district,1,82,Berlin-West,0,0,0,0,951,951,19,932,833,99,40,911,189,722
08,Neukölln,1C,postal_voting_district,1,82,Berlin-West,0,0,0,0,1141,1141,55,1086,897,189,89,1052,399,653
08,Neukölln,1D,postal_voting_district,1,82,Berlin-West,0,0,0,0,775,775,58,717,596,121,93,682,187,495
08,Neukölln,1E,postal_voting_district,1,82,Berlin-West,0,0,0,0,813,813,27,786,668,118,48,765,199,566
08,Neukölln,1F,postal_voting_district,1,82,Berlin-West,0,0,0,0,740,740,22,718,645,73,56,684,133,551
08,Neukölln,201,electoral_district,2,82,Berlin-West,1487,1208,279,0,627,7,4,623,546,77,27,600,79,521
08,Neukölln,202,electoral_district,2,82,Berlin-West,1220,994,226,0,513,11,9,504,470,34,18,495,47,448
08,Neukölln,203,electoral_district,2,82,Berlin-West,1488,1285,203,0,577,4,6,571,525,46,29,548,64,484
08,Neukölln,204,electoral_district,2,82,Berlin-West,1338,1126,212,0,602,3,5,597,538,59,18,584,70,514
08,Neukölln,205,electoral_district,2,82,Berlin-West,1502,1243,259,0,544,0,6,538,480,58,36,508,67,441
08,Neukölln,206,electoral_district,2,82,Berlin-West,1648,1388,260,0,697,0,3,694,640,54,17,680,90,590
08,Neukölln,207,electoral_district,2,82,Berlin-West,1236,1031,205,0,469,2,10,459,408,51,22,447,68,379
08,Neukölln,208,electoral_district,2,82,Berlin-West,1234,1021,213,0,487,1,6,481,424,57,20,467,67,400
08,Neukölln,209,electoral_district,2,82,Berlin-West,1631,1349,282,0,685,3,11,674,610,64,35,650,87,563
08,Neukölln,210,electoral_district,2,82,Berlin-West,1264,1025,239,0,607,5,7,600,555,45,21,586,44,542
08,Neukölln,211,electoral_district,2,82,Berlin-West,1334,1158,176,0,628,4,4,624,583,41,24,604,51,553
08,Neukölln,212,electoral_district,2,82,Berlin-West,1270,1109,161,0,661,5,7,654,620,34,33,628,62,566
08,Neukölln,213,electoral_district,2,82,Berlin-West,1177,1000,177,0,624,5,3,621,575,46,21,603,48,555
08,Neukölln,214,electoral_district,2,82,Berlin-West,1381,1278,103,0,339,2,11,328,278,50,24,315,75,240
08,Neukölln,215,electoral_district,2,82,Berlin-West,1120,973,147,0,292,2,9,283,236,47,19,273,91,182
08,Neukölln,216,electoral_district,2,82,Berlin-West,1397,1139,258,0,486,3,4,482,431,51,19,467,71,396
08,Neukölln,217,electoral_district,2,82,Berlin-West,1579,1355,224,0,638,4,9,629,573,56,30,608,74,534
08,Neukölln,218,electoral_district,2,82,Berlin-West,1474,1238,236,0,507,2,14,493,437,56,35,472,80,392
08,Neukölln,219,electoral_district,2,82,Berlin-West,1543,1279,264,0,660,8,16,644,578,66,36,624,68,556
08,Neukölln,220,electoral_district,2,82,Berlin-West,1379,1204,175,0,395,0,11,384,351,33,30,365,54,311
08,Neukölln,221,electoral_district,2,82,Berlin-West,1444,1218,226,0,572,8,5,567,527,40,35,537,55,482
08,Neukölln,222,electoral_district,2,82,Berlin-West,1258,1066,192,0,618,3,4,614,572,42,25,593,59,534
08,Neukölln,223,electoral_district,2,82,Berlin-West,1038,842,196,0,445,6,4,441,418,23,21,424,39,385
08,Neukölln,224,electoral_district,2,82,Berlin-West,1603,1308,295,0,596,5,3,593,563,30,29,567,47,520
08,Neukölln,225,electoral_district,2,82,Berlin-West,1068,916,152,0,353,2,5,348,310,38,9,344,41,303
08,Neukölln,226,electoral_district,2,82,Berlin-West,1635,1379,256,0,611,6,5,606,550,56,30,581,95,486
08,Neukölln,227,electoral_district,2,82,Berlin-West,1643,1399,243,1,688,10,10,678,603,75,28,660,91,569
08,Neukölln,2A,postal_voting_district,2,82,Berlin-West,0,0,0,0,1048,1048,16,1032,926,106,41,1007,139,868
08,Neukölln,2B,postal_voting_district,2,82,Berlin-West,0,0,0,0,1096,1096,3,1093,950,143,32,1064,214,850
08,Neukölln,2C,postal_voting_district,2,82,Berlin-West,0,0,0,0,895,895,25,870,787,83,58,837,136,701
08,Neukölln,2D,postal_voting_district,2,82,Berlin-West,0,0,0,0,1238,1238,31,1207,1077,130,73,1165,214,951
08,Neukölln,2E,postal_voting_district,2,82,Berlin-West,0,0,0,0,1003,1003,12,991,891,100,34,969,139,830
08,Neukölln,301,electoral_district,3,82,Berlin-West,1223,1163,60,0,258,1,14,244,193,51,37,221,101,120
08,Neukölln,302,electoral_district,3,82,Berlin-West,1289,1194,95,0,387,3,25,362,275,87,48,339,131,208
08,Neukölln,303,electoral_district,3,82,Berlin-West,1420,1265,155,0,428,1,7,421,375,46,22,406,80,326
08,Neukölln,304,electoral_district,3,82,Berlin-West,1361,1189,172,0,343,3,7,336,298,38,20,323,75,248
08,Neukölln,305,electoral_district,3,82,Berlin-West,1293,1158,135,0,421,0,23,398,326,72,37,384,119,265
08,Neukölln,306,electoral_district,3,82,Berlin-West,1199,1044,155,0,398,3,6,392,340,52,32,366,75,291
08,Neukölln,307,electoral_district,3,82,Berlin-West,1456,1248,208,0,397,4,16,381,330,51,22,375,294,81
08,Neukölln,308,electoral_district,3,82,Berlin-West,1333,1186,147,0,350,0,17,333,269,64,33,317,106,211
08,Neukölln,309,electoral_district,3,82,Berlin-West,1253,1113,140,0,291,0,5,286,248,38,21,270,61,209
08,Neukölln,310,electoral_district,3,82,Berlin-West,1420,1329,91,0,277,1,11,266,218,48,38,239,71,168
08,Neukölln,311,electoral_district,3,82,Berlin-West,1520,1404,116,0,363,0,20,343,240,103,37,326,133,193
08,Neukölln,312,electoral_district,3,82,Berlin-West,1619,1513,106,0,223,0,16,207,146,61,21,202,92,110
08,Neukölln,313,electoral_district,3,82,Berlin-West,1340,1138,202,0,363,1,14,349,286,63,29,334,103,231
08,Neukölln,314,electoral_district,3,82,Berlin-West,1082,965,117,0,255,1,12,243,202,41,28,227,66,161
08,Neukölln,315,electoral_district,3,82,Berlin-West,1188,1090,98,0,277,3,16,261,193,68,26,251,94,157
08,Neukölln,316,electoral_district,3,82,Berlin-West,1466,1311,155,0,334,5,31,303,241,62,40,294,112,182
08,Neukölln,317,electoral_district,3,82,Berlin-West,1582,1335,247,0,625,0,33,592,449,143,76,549,176,373
08,Neukölln,318,electoral_district,3,82,Berlin-West,1659,1419,240,0,470,4,32,438,332,106,47,423,132,291
08,Neukölln,319,electoral_district,3,82,Berlin-West,1100,981,119,0,335,1,24,311,233,78,39,296,103,193
08,Neukölln,320,electoral_district,3,82,Berlin-West,1296,1135,161,0,244,0,11,233,175,58,34,210,72,138
08,Neukölln,321,electoral_district,3,82,Berlin-West,1530,1227,303,0,506,1,24,482,349,133,48,458,148,310
08,Neukölln,322,electoral_district,3,82,Berlin-West,1453,1139,314,0,602,1,22,580,457,123,41,561,162,399
08,Neukölln,323,electoral_district,3,82,Berlin-West,1444,1199,245,0,377,3,17,360,270,90,40,337,109,228
08,Neukölln,3A,postal_voting_district,3,82,Berlin-West,0,0,0,0,706,706,33,673,520,153,52,654,267,387
08,Neukölln,3B,postal_voting_district,3,82,Berlin-West,0,0,0,0,825,825,51,774,634,140,80,745,255,490
08,Neukölln,3C,postal_voting_district,3,82,Berlin-West,0,0,0,0,573,573,33,540,381,159,56,517,239,278
08,Neukölln,3D,postal_voting_district,3,82,Berlin-West,0,0,0,0,467,467,30,437,297,140,42,425,202,223
08,Neukölln,3E,postal_voting_district,3,82,Berlin-West,0,0,0,0,749,749,39,710,496,214,60,689,285,404
08,Neukölln,401,electoral_district,4,82,Berlin-West,1327,1074,253,0,637,0,25,612,416,196,41,596,203,393
08,Neukölln,402,electoral_district,4,82,Berlin-West,1387,1179,208,0,462,2,13,449,324,125,34,428,227,201
08,Neukölln,403,electoral_district,4,82,Berlin-West,1415,1208,207,0,359,1,23,336,248,88,35,324,132,192
08,Neukölln,404,electoral_district,4,82,Berlin-West,1429,1215,214,0,269,0,4,265,183,82,4,265,105,160
08,Neukölln,405,electoral_district,4,82,Berlin-West,1071,872,199,0,343,1,22,321,251,70,41,302,113,189
08,Neukölln,406,electoral_district,4,82,Berlin-West,1182,1019,163,0,357,1,27,330,238,92,41,316,128,188
08,Neukölln,407,electoral_district,4,82,Berlin-West,1300,1186,114,0,363,1,27,336,265,71,48,315,128,187
08,Neukölln,408,electoral_district,4,82,Berlin-West,1140,980,160,0,331,1,25,306,223,83,41,290,116,174
08,Neukölln,409,electoral_district,4,82,Berlin-West,1376,1167,209,0,394,1,32,362,284,78,54,340,135,205
08,Neukölln,410,electoral_district,4,82,Berlin-West,1565,1329,236,0,568,3,38,530,381,149,58,510,213,297
08,Neukölln,411,electoral_district,4,82,Berlin-West,1511,1221,290,0,586,1,30,556,368,188,43,543,218,325
08,Neukölln,412,electoral_district,4,82,Berlin-West,1490,1142,348,0,451,1,16,435,271,164,45,406,195,211
08,Neukölln,413,electoral_district,4,82,Berlin-West,1411,1135,276,0,421,1,25,396,289,107,46,375,138,237
08,Neukölln,414,electoral_district,4,82,Berlin-West,1397,1177,220,0,513,0,34,479,326,153,39,474,201,273
08,Neukölln,415,electoral_district,4,82,Berlin-West,1379,1241,138,0,374,0,23,351,267,84,43,331,132,199
08,Neukölln,416,electoral_district,4,82,Berlin-West,1235,1013,222,0,428,3,23,405,279,126,30,398,146,252
08,Neukölln,417,electoral_district,4,82,Berlin-West,1411,1133,278,0,499,2,21,478,319,159,34,465,184,281
08,Neukölln,418,electoral_district,4,82,Berlin-West,1425,1179,246,0,580,3,24,556,365,191,52,528,202,326
08,Neukölln,419,electoral_district,4,82,Berlin-West,1382,1205,177,0,413,1,28,385,274,111,47,366,156,210
08,Neukölln,420,electoral_district,4,82,Berlin-West,1026,894,132,0,334,4,12,322,215,107,29,305,118,187
08,Neukölln,421,electoral_district,4,82,Berlin-West,1314,1153,161,0,384,0,29,355,265,90,40,344,142,202
08,Neukölln,422,electoral_district,4,82,Berlin-West,1570,1346,224,0,456,1,38,418,283,135,52,404,182,222
08,Neukölln,423,electoral_district,4,82,Berlin-West,1447,1240,207,0,317,1,25,292,200,92,38,279,109,170
08,Neukölln,424,electoral_district,4,82,Berlin-West,1489,1288,201,0,540,2,27,513,342,171,37,503,213,290
08,Neukölln,4A,postal_voting_district,4,82,Berlin-West,0,0,0,0,591,591,43,548,375,173,67,524,226,298
08,Neukölln,4B,postal_voting_district,4,82,Berlin-West,0,0,0,0,459,459,33,426,311,115,58,401,169,232
08,Neukölln,4C,postal_voting_district,4,82,Berlin-West,0,0,0,0,507,507,58,449,290,159,80,427,226,201
08,Neukölln,4D,postal_voting_district,4,82,Berlin-West,0,0,0,0,514,514,54,460,305,155,47,467,224,243
08,Neukölln,4E,postal_voting_district,4,82,Berlin-West,0,0,0,0,628,628,59,569,367,202,44,584,317,267
08,Neukölln,4F,postal_voting_district,4,82,Berlin-West,0,0,0,0,631,631,50,581,376,205,44,587,295,292
08,Neukölln,4G,postal_voting_district,4,82,Berlin-West,0,0,0,0,547,547,76,471,303,168,75,472,253,219
08,Neukölln,4H,postal_voting_district,4,82,Berlin-West,0,0,0,0,629,629,49,580,384,196,51,578,291,287
08,Neukölln,501,electoral_district,5,82,Berlin-West,1156,906,250,0,401,3,31,370,224,146,45,356,173,183
08,Neukölln,502,electoral_district,5,82,Berlin-West,1087,878,209,0,311,2,27,284,180,104,39,272,131,141
08,Neukölln,503,electoral_district,5,82,Berlin-West,1282,1073,209,0,279,0,17,262,182,80,26,253,103,150
08,Neukölln,504,electoral_district,5,82,Berlin-West,1155,920,235,0,427,1,31,396,274,122,36,391,139,252
08,Neukölln,505,electoral_district,5,82,Berlin-West,1171,965,206,0,320,1,18,302,207,95,25,295,106,189
08,Neukölln,506,electoral_district,5,82,Berlin-West,1293,1015,278,0,332,0,21,311,220,91,37,295,113,182
08,Neukölln,507,electoral_district,5,82,Berlin-West,1121,943,178,0,299,1,22,277,183,94,31,268,131,137
08,Neukölln,508,electoral_district,5,82,Berlin-West,1225,1033,192,0,347,1,36,311,201,110,49,298,143,155
08,Neukölln,509,electoral_district,5,82,Berlin-West,1380,1198,182,0,365,1,31,334,229,105,45,320,147,173
08,Neukölln,510,electoral_district,5,82,Berlin-West,1446,1249,197,0,408,0,20,388,280,108,57,351,148,203
08,Neukölln,511,electoral_district,5,82,Berlin-West,1470,1288,182,0,349,0,34,315,209,106,46,303,153,150
08,Neukölln,512,electoral_district,5,82,Berlin-West,1205,1016,189,0,314,0,23,291,185,106,31,283,150,133
08,Neukölln,513,electoral_district,5,82,Berlin-West,1549,1324,225,0,324,0,30,294,206,88,47,277,125,152
08,Neukölln,514,electoral_district,5,82,Berlin-West,1614,1356,258,0,452,0,32,420,250,170,41,411,198,213
08,Neukölln,515,electoral_district,5,82,Berlin-West,1628,1396,232,0,299,2,38,261,193,68,37,262,124,138
08,Neukölln,516,electoral_district,5,82,Berlin-West,1272,1170,102,0,219,0,14,205,151,54,27,192,98,94
08,Neukölln,517,electoral_district,5,82,Berlin-West,1303,1112,191,0,359,0,23,336,236,100,41,318,135,183
08,Neukölln,518,electoral_district,5,82,Berlin-West,1549,1220,329,0,547,2,41,506,348,158,33,514,199,315
08,Neukölln,519,electoral_district,5,82,Berlin-West,1588,1253,335,0,562,0,43,519,346,173,51,511,205,306
08,Neukölln,520,electoral_district,5,82,Berlin-West,1061,842,219,0,365,0,23,342,218,124,26,339,140,199
08,Neukölln,521,electoral_district,5,82,Berlin-West,1380,1212,168,0,245,1,17,228,170,58,37,208,89,119
08,Neukölln,522,electoral_district,5,82,Berlin-West,1363,1106,257,0,428,3,34,394,254,140,52,376,203,173
08,Neukölln,523,electoral_district,5,82,Berlin-West,1435,1284,151,0,374,0,31,343,237,106,48,326,146,180
08,Neukölln,524,electoral_district,5,82,Berlin-West,1400,1214,186,0,306,3,28,278,193,85,36,270,123,147
08,Neukölln,525,electoral_district,5,82,Berlin-West,1340,1233,107,0,284,0,26,258,203,55,43,241,103,138
08,Neukölln,5A,postal_voting_district,5,82,Berlin-West,0,0,0,0,745,745,45,700,449,251,49,696,346,350
08,Neukölln,5B,postal_voting_district,5,82,Berlin-West,0,0,0,0,795,795,92,703,445,258,93,702,370,332
08,Neukölln,5C,postal_voting_district,5,82,Berlin-West,0,0,0,0,559,559,63,496,343,153,46,513,267,246
08,Neukölln,5D,postal_voting_district,5,82,Berlin-West,0,0,0,0,579,579,53,526,340,186,67,512,280,232
08,Neukölln,5E,postal_voting_district,5,82,Berlin-West,0,0,0,0,605,605,58,547,329,218,65,540,323,217
08,Neukölln,5F,postal_voting_district,5,82,Berlin-West,0,0,0,0,766,766,64,702,441,261,72,694,396,298
08,Neukölln,5G,postal_voting_district,5,82,Berlin-West,0,0,0,0,612,612,46,566,352,214,40,572,302,270
08,Neukölln,601,electoral_district,6,82,Berlin-West,1136,1046,90,0,205,0,19,186,141,45,33,172,84,88
08,Neukölln,602,electoral_district,6,82,Berlin-West,1028,949,79,0,184,1,14,170,124,46,23,161,73,88
08,Neukölln,603,electoral_district,6,82,Berlin-West,928,807,121,0,225,0,21,204,145,59,35,190,87,103
08,Neukölln,604,electoral_district,6,82,Berlin-West,1132,1063,69,0,297,2,20,277,196,81,41,256,122,134
08,Neukölln,605,electoral_district,6,82,Berlin-West,1106,931,175,0,382,0,17,365,244,121,35,347,149,198
08,Neukölln,606,electoral_district,6,82,Berlin-West,1203,994,209,0,392,2,28,364,252,112,43,349,153,196
08,Neukölln,607,electoral_district,6,82,Berlin-West,1605,1277,328,0,542,3,31,511,325,186,46,496,212,284
08,Neukölln,608,electoral_district,6,82,Berlin-West,1472,1270,202,0,500,0,43,457,302,155,66,434,184,250
08,Neukölln,609,electoral_district,6,82,Berlin-West,1010,923,87,0,297,0,28,269,187,82,28,269,134,135
08,Neukölln,610,electoral_district,6,82,Berlin-West,1531,1269,262,0,408,3,29,379,261,118,50,358,156,202
08,Neukölln,611,electoral_district,6,82,Berlin-West,1313,1104,209,0,540,0,22,518,336,182,47,493,196,297
08,Neukölln,612,electoral_district,6,82,Berlin-West,1377,1170,207,0,418,0,39,379,244,135,44,374,167,207
08,Neukölln,613,electoral_district,6,82,Berlin-West,1441,1190,251,0,603,0,41,562,379,183,46,557,218,339
08,Neukölln,614,electoral_district,6,82,Berlin-West,1364,1139,225,0,588,2,22,566,372,194,53,535,207,328
08,Neukölln,615,electoral_district,6,82,Berlin-West,1503,1199,304,0,490,4,29,461,333,128,41,449,168,281
08,Neukölln,616,electoral_district,6,82,Berlin-West,1187,925,262,0,420,7,28,392,283,109,32,388,156,232
08,Neukölln,617,electoral_district,6,82,Berlin-West,1056,805,251,0,351,0,18,333,207,126,26,325,147,178
08,Neukölln,618,electoral_district,6,82,Berlin-West,1091,918,173,0,380,0,24,356,234,122,39,341,161,180
08,Neukölln,619,electoral_district,6,82,Berlin-West,1041,917,124,0,319,3,15,304,193,111,28,291,135,156
08,Neukölln,620,electoral_district,6,82,Berlin-West,1387,1218,169,0,398,0,27,371,283,88,43,355,140,215
08,Neukölln,621,electoral_district,6,82,Berlin-West,914,689,225,0,265,2,28,237,168,69,37,228,103,125
08,Neukölln,622,electoral_district,6,82,Berlin-West,1258,1113,145,0,372,2,23,349,236,113,44,328,147,181
08,Neukölln,623,electoral_district,6,82,Berlin-West,1112,981,131,0,425,0,6,419,284,135,8,417,175,242
08,Neukölln,624,electoral_district,6,82,Berlin-West,1104,975,129,0,364,0,24,340,242,98,30,334,122,212
08,Neukölln,625,electoral_district,6,82,Berlin-West,1151,970,181,0,439,3,36,403,262,141,38,401,170,231
08,Neukölln,626,electoral_district,6,82,Berlin-West,1363,1262,101,0,428,1,20,408,298,110,38,390,158,232
08,Neukölln,6A,postal_voting_district,6,82,Berlin-West,0,0,0,0,551,551,41,510,341,169,62,489,248,241
08,Neukölln,6B,postal_voting_district,6,82,Berlin-West,0,0,0,0,645,645,63,582,348,234,61,584,320,264
08,Neukölln,6C,postal_voting_district,6,82,Berlin-West,0,0,0,0,582,582,38,544,355,189,49,533,260,273
08,Neukölln,6D,postal_voting_district,6,82,Berlin-West,0,0,0,0,525,525,31,494,298,196,35,490,266,224
08,Neukölln,6E,postal_voting_district,6,82,Berlin-West,0,0,0,0,810,810,7,803,495,308,16,794,395,399
08,Neukölln,6F,postal_voting_district,6,82,Berlin-West,0,0,0,0,664,664,47,617,378,239,43,621,345,276
08,Neukölln,6G,postal_voting_district,6,82,Berlin-West,0,0,0,0,430,430,31,399,251,148,37,393,205,188
09,Treptow-Köpenick,101,electoral_district,1,84,Berlin-Ost,1398,1179,219,0,575,4,18,557,483,74,36,539,120,419
09,Treptow-Köpenick,102,electoral_district,1,84,Berlin-Ost,1944,1592,352,0,734,8,25,709,557,152,51,683,236,447
09,Treptow-Köpenick,103,electoral_district,1,84,Berlin-Ost,1973,1698,275,0,879,12,23,856,723,133,66,813,162,651
09,Treptow-Köpenick,104,electoral_district,1,84,Berlin-Ost,1148,994,154,0,503,4,7,496,396,100,25,478,140,338
09,Treptow-Köpenick,105,electoral_district,1,84,Berlin-Ost,1372,1145,227,0,498,4,20,478,374,104,26,472,137,335
09,Treptow-Köpenick,106,electoral_district,1,84,Berlin-Ost,2036,1578,458,0,774,4,31,743,542,201,55,719,239,480
09,Treptow-Köpenick,107,electoral_district,1,84,Berlin-Ost,2130,1817,313,0,625,6,51,574,428,146,57,568,229,339
09,Treptow-Köpenick,108,electoral_district,1,84,Berlin-Ost,2103,1784,319,0,582,6,26,556,415,141,58,524,189,335
09,Treptow-Köpenick,109,electoral_district,1,84,Berlin-Ost,1966,1720,246,0,602,7,35,567,384,183,58,544,249,295
09,Treptow-Köpenick,110,electoral_district,1,84,Berlin-Ost,2144,1863,281,0,472,1,30,442,317,125,52,420,191,229
09,Treptow-Köpenick,111,electoral_district,1,84,Berlin-Ost,1983,1714,269,0,569,2,26,543,422,121,50,519,164,355
09,Treptow-Köpenick,112,electoral_district,1,84,Berlin-Ost,2272,1946,326,0,767,2,70,697,422,275,75,692,385,307
09,Treptow-Köpenick,113,electoral_district,1,84,Berlin-Ost,1050,897,153,0,359,0,19,340,245,95,27,332,134,198
09,Treptow-Köpenick,114,electoral_district,1,84,Berlin-Ost,2037,1748,289,0,744,7,33,711,514,197,47,697,264,433
09,Treptow-Köpenick,115,electoral_district,1,84,Berlin-Ost,1716,1487,229,0,601,3,43,558,382,176,59,542,256,286
09,Treptow-Köpenick,116,electoral_district,1,84,Berlin-Ost,2025,1744,281,0,595,2,35,560,401,159,48,547,228,319
09,Treptow-Köpenick,117,electoral_district,1,84,Berlin-Ost,1932,1593,339,0,617,3,27,590,392,198,52,565,246,319
09,Treptow-Köpenick,118,electoral_district,1,84,Berlin-Ost,1115,1009,106,0,372,4,7,365,287,78,19,353,126,227
09,Treptow-Köpenick,119,electoral_district,1,84,Berlin-Ost,1228,1061,167,0,414,1,18,396,297,99,33,381,151,230
09,Treptow-Köpenick,1A,postal_voting_district,1,84,Berlin-Ost,0,0,0,0,838,838,38,800,611,189,41,797,243,554
09,Treptow-Köpenick,1B,postal_voting_district,1,84,Berlin-Ost,0,0,0,0,1121,1121,59,1062,726,336,56,1065,539,526
09,Treptow-Köpenick,1C,postal_voting_district,1,84,Berlin-Ost,0,0,0,0,657,657,41,616,410,206,48,609,306,303
09,Treptow-Köpenick,1D,postal_voting_district,1,84,Berlin-Ost,0,0,0,0,795,795,81,714,455,259,77,718,410,308
09,Treptow-Köpenick,1E,postal_voting_district,1,84,Berlin-Ost,0,0,0,0,857,857,63,794,502,292,42,815,434,381
09,Treptow-Köpenick,201,electoral_district,2,84,Berlin-Ost,1966,1663,303,0,638,3,40,598,397,201,52,586,277,309
09,Treptow-Köpenick,202,electoral_district,2,84,Berlin-Ost,2124,1855,269,0,709,3,49,660,470,190,63,646,285,361
09,Treptow-Köpenick,203,electoral_district,2,84,Berlin-Ost,1881,1645,236,0,665,0,43,622,418,204,64,601,294,307
09,Treptow-Köpenick,204,electoral_district,2,84,Berlin-Ost,2157,1874,283,0,679,7,23,656,446,210,43,636,287,349
09,Treptow-Köpenick,205,electoral_district,2,84,Berlin-Ost,1519,1351,168,0,451,2,17,434,306,128,32,419,190,229
09,Treptow-Köpenick,206,electoral_district,2,84,Berlin-Ost,1761,1535,226,0,487,1,50,437,294,143,45,442,236,206
09,Treptow-Köpenick,207,electoral_district,2,84,Berlin-Ost,1510,1291,219,0,446,0,47,399,242,157,53,393,217,176
09,Treptow-Köpenick,208,electoral_district,2,84,Berlin-Ost,1385,1152,233,0,494,3,21,473,295,178,30,464,219,245
09,Treptow-Köpenick,209,electoral_district,2,84,Berlin-Ost,1343,1154,189,0,449,2,41,408,249,159,42,407,225,182
09,Treptow-Köpenick,210,electoral_district,2,84,Berlin-Ost,1815,1622,193,0,529,1,28,501,380,121,53,476,187,289
09,Treptow-Köpenick,211,electoral_district,2,84,Berlin-Ost,2135,1801,334,0,683,4,43,640,402,238,63,620,309,311
09,Treptow-Köpenick,212,electoral_district,2,84,Berlin-Ost,2085,1723,362,0,479,1,31,448,322,126,54,425,189,236
09,Treptow-Köpenick,213,electoral_district,2,84,Berlin-Ost,2340,2172,168,0,624,4,25,599,455,144,47,577,262,315
09,Treptow-Köpenick,214,electoral_district,2,84,Berlin-Ost,2154,1976,178,0,605,4,27,578,438,140,35,570,219,351
09,Treptow-Köpenick,215,electoral_district,2,84,Berlin-Ost,1350,1236,114,0,402,1,15,387,282,105,20,382,151,231
09,Treptow-Köpenick,216,electoral_district,2,84,Berlin-Ost,1501,1353,148,0,528,2,28,500,449,51,56,472,199,273
09,Treptow-Köpenick,217,electoral_district,2,84,Berlin-Ost,2090,1865,225,0,656,1,36,620,447,173,33,623,238,385
09,Treptow-Köpenick,218,electoral_district,2,84,Berlin-Ost,1208,1056,152,0,383,2,7,376,292,84,20,363,132,231
09,Treptow-Köpenick,219,electoral_district,2,84,Berlin-Ost,1292,1195,97,0,353,0,26,327,228,99,37,316,159,157
09,Treptow-Köpenick,220,electoral_district,2,84,Berlin-Ost,1764,1610,154,0,576,3,23,553,398,155,48,528,220,308
09,Treptow-Köpenick,221,electoral_district,2,84,Berlin-Ost,1911,1681,230,0,482,1,37,445,327,118,69,413,147,266
09,Treptow-Köpenick,2A,postal_voting_district,2,84,Berlin-Ost,0,0,0,0,813,813,44,769,484,285,48,765,394,371
09,Treptow-Köpenick,2B,postal_voting_district,2,84,Berlin-Ost,0,0,0,0,751,751,58,693,470,223,70,681,350,331
09,Treptow-Köpenick,2C,postal_voting_district,2,84,Berlin-Ost,0,0,0,0,533,533,24,509,314,195,30,503,255,248
09,Treptow-Köpenick,2D,postal_voting_district,2,84,Berlin-Ost,0,0,0,0,385,385,8,377,290,87,19,366,153,213
09,Treptow-Köpenick,2E,postal_voting_district,2,84,Berlin-Ost,0,0,0,0,568,568,28,540,329,211,33,535,247,288
09,Treptow-Köpenick,2F,postal_voting_district,2,84,Berlin-Ost,0,0,0,0,791,791,52,739,470,269,67,724,417,307
09,Treptow-Köpenick,301,electoral_district,3,84,Berlin-Ost,1741,1527,214,0,629,1,35,594,415,179,63,566,231,335
09,Treptow-Köpenick,302,electoral_district,3,84,Berlin-Ost,1948,1603,345,0,651,0,56,595,381,214,83,568,273,295
09,Treptow-Köpenick,303,electoral_district,3,84,Berlin-Ost,1993,1772,221,0,621,3,28,593,421,172,51,570,227,343
09,Treptow-Köpenick,304,electoral_district,3,84,Berlin-Ost,1789,1609,180,0,593,2,36,557,373,184,47,546,253,293
09,Treptow-Köpenick,305,electoral_district,3,84,Berlin-Ost,1952,1689,263,0,555,1,49,506,346,160,34,521,220,301
09,Treptow-Köpenick,306,electoral_district,3,84,Berlin-Ost,1881,1674,207,0,618,2,41,577,418,159,46,572,228,344
09,Treptow-Köpenick,307,electoral_district,3,84,Berlin-Ost,1695,1527,168,0,460,3,17,443,300,143,17,443,213,230
09,Treptow-Köpenick,308,electoral_district,3,84,Berlin-Ost,1739,1527,212,0,504,3,26,478,308,170,41,463,217,246
09,Treptow-Köpenick,309,electoral_district,3,84,Berlin-Ost,1373,1216,157,0,473,1,38,435,290,145,44,429,200,229
09,Treptow-Köpenick,310,electoral_district,3,84,Berlin-Ost,1615,1362,253,0,645,4,46,599,383,216,55,590,277,313
09,Treptow-Köpenick,311,electoral_district,3,84,Berlin-Ost,1902,1646,256,0,753,4,43,710,439,271,53,700,332,368
09,Treptow-Köpenick,312,electoral_district,3,84,Berlin-Ost,1454,1316,138,0,529,0,22,507,346,161,54,475,211,264
09,Treptow-Köpenick,313,electoral_district,3,84,Berlin-Ost,1943,1792,151,0,539,0,32,507,352,155,43,496,228,268
09,Treptow-Köpenick,314,electoral_district,3,84,Berlin-Ost,1963,1802,161,0,479,0,24,455,325,130,47,432,211,221
09,Treptow-Köpenick,315,electoral_district,3,84,Berlin-Ost,1479,1312,167,0,546,2,29,517,313,204,39,507,254,253
09,Treptow-Köpenick,316,electoral_district,3,84,Berlin-Ost,1730,1530,200,0,566,1,48,518,371,147,57,509,238,271
09,Treptow-Köpenick,317,electoral_district,3,84,Berlin-Ost,1108,947,161,0,330,1,25,305,219,86,34,296,131,165
09,Treptow-Köpenick,318,electoral_district,3,84,Berlin-Ost,1930,1811,119,0,308,0,16,292,210,82,26,282,151,131
09,Treptow-Köpenick,319,electoral_district,3,84,Berlin-Ost,883,779,104,0,276,0,11,265,163,102,21,255,120,135
09,Treptow-Köpenick,320,electoral_district,3,84,Berlin-Ost,1989,1854,135,0,488,2,45,443,319,124,57,431,206,225
09,Treptow-Köpenick,3A,postal_voting_district,3,84,Berlin-Ost,0,0,0,0,890,890,113,777,524,253,94,796,400,396
09,Treptow-Köpenick,3B,postal_voting_district,3,84,Berlin-Ost,0,0,0,0,644,644,37,607,382,225,37,607,324,283
09,Treptow-Köpenick,3C,postal_voting_district,3,84,Berlin-Ost,0,0,0,0,771,771,55,716,464,252,59,712,384,328
09,Treptow-Köpenick,3D,postal_voting_district,3,84,Berlin-Ost,0,0,0,0,458,458,24,434,298,136,37,421,200,221
09,Treptow-Köpenick,3E,postal_voting_district,3,84,Berlin-Ost,0,0,0,0,519,519,27,492,371,121,50,469,224,245
09,Treptow-Köpenick,401,electoral_district,4,84,Berlin-Ost,2000,1757,243,0,599,0,42,557,373,184,59,540,237,303
09,Treptow-Köpenick,402,electoral_district,4,84,Berlin-Ost,1668,1443,225,0,460,5,26,434,301,133,49,411,186,225
09,Treptow-Köpenick,403,electoral_district,4,84,Berlin-Ost,1966,1609,357,0,665,3,47,618,383,235,57,608,309,299
09,Treptow-Köpenick,404,electoral_district,4,84,Berlin-Ost,1612,1415,197,0,573,0,44,529,374,155,66,507,244,263
09,Treptow-Köpenick,405,electoral_district,4,84,Berlin-Ost,1885,1570,315,0,545,1,26,519,381,138,58,487,185,302
09,Treptow-Köpenick,406,electoral_district,4,84,Berlin-Ost,1959,1737,222,0,602,5,34,568,390,178,55,547,179,368
09,Treptow-Köpenick,407,electoral_district,4,84,Berlin-Ost,1521,1367,154,0,477,3,22,455,344,111,36,441,182,259
09,Treptow-Köpenick,408,electoral_district,4,84,Berlin-Ost,1104,968,136,0,283,0,17,266,179,87,22,261,124,137
09,Treptow-Köpenick,409,electoral_district,4,84,Berlin-Ost,1738,1495,243,0,435,2,33,402,269,133,60,375,194,181
09,Treptow-Köpenick,410,electoral_district,4,84,Berlin-Ost,1633,1560,73,0,303,1,5,298,250,48,29,274,128,146
09,Treptow-Köpenick,411,electoral_district,4,84,Berlin-Ost,1248,1074,174,0,424,1,46,378,242,136,52,372,194,178
09,Treptow-Köpenick,412,electoral_district,4,84,Berlin-Ost,2098,1839,259,0,739,2,43,696,468,228,72,667,321,346
09,Treptow-Köpenick,413,electoral_district,4,84,Berlin-Ost,1315,1117,198,0,506,5,44,462,307,155,43,463,214,249
09,Treptow-Köpenick,414,electoral_district,4,84,Berlin-Ost,1481,1229,252,0,554,0,3,551,367,184,32,522,245,277
09,Treptow-Köpenick,415,electoral_district,4,84,Berlin-Ost,786,638,148,0,297,0,19,278,196,82,29,268,119,149
09,Treptow-Köpenick,416,electoral_district,4,84,Berlin-Ost,727,624,103,0,259,1,18,241,165,76,31,228,108,120
09,Treptow-Köpenick,417,electoral_district,4,84,Berlin-Ost,367,312,55,0,177,1,11,166,98,68,17,160,70,90
09,Treptow-Köpenick,418,electoral_district,4,84,Berlin-Ost,2076,1796,280,0,744,0,48,696,465,231,65,679,334,345
09,Treptow-Köpenick,419,electoral_district,4,84,Berlin-Ost,1529,1372,157,0,533,2,22,511,365,146,53,480,208,272
09,Treptow-Köpenick,420,electoral_district,4,84,Berlin-Ost,1160,1043,117,0,310,2,14,296,227,69,26,284,109,175
09,Treptow-Köpenick,421,electoral_district,4,84,Berlin-Ost,1856,1637,219,0,592,3,19,573,413,160,33,559,224,335
09,Treptow-Köpenick,422,electoral_district,4,84,Berlin-Ost,1612,1335,277,0,525,2,55,470,253,217,42,483,301,182
09,Treptow-Köpenick,4A,postal_voting_district,4,84,Berlin-Ost,0,0,0,0,851,851,45,806,541,265,56,795,382,413
09,Treptow-Köpenick,4B,postal_voting_district,4,84,Berlin-Ost,0,0,0,0,668,668,73,595,381,214,53,615,366,249
09,Treptow-Köpenick,4C,postal_voting_district,4,84,Berlin-Ost,0,0,0,0,669,669,53,616,398,218,50,619,336,283
09,Treptow-Köpenick,4D,postal_voting_district,4,84,Berlin-Ost,0,0,0,0,678,678,49,629,370,259,61,617,376,241
09,Treptow-Köpenick,4E,postal_voting_district,4,84,Berlin-Ost,0,0,0,0,961,961,59,902,597,305,51,910,447,463
09,Treptow-Köpenick,501,electoral_district,5,84,Berlin-Ost,1539,1389,150,0,513,0,24,489,339,150,35,478,208,270
09,Treptow-Köpenick,502,electoral_district,5,84,Berlin-Ost,1874,1705,169,0,483,4,27,456,306,150,38,445,214,231
09,Treptow-Köpenick,503,electoral_district,5,84,Berlin-Ost,1271,1074,197,0,357,2,30,327,204,123,46,311,182,129
09,Treptow-Köpenick,504,electoral_district,5,84,Berlin-Ost,1924,1661,263,0,594,0,59,535,356,179,70,524,280,244
09,Treptow-Köpenick,505,electoral_district,5,84,Berlin-Ost,1268,1113,155,0,453,1,35,418,281,137,40,413,198,215
09,Treptow-Köpenick,506,electoral_district,5,84,Berlin-Ost,1355,1214,141,0,339,0,19,320,220,100,45,294,159,135
09,Treptow-Köpenick,507,electoral_district,5,84,Berlin-Ost,898,821,77,0,292,1,29,263,190,73,58,234,114,120
09,Treptow-Köpenick,508,electoral_district,5,84,Berlin-Ost,1469,1336,133,0,399,0,33,366,250,116,37,362,179,183
09,Treptow-Köpenick,509,electoral_district,5,84,Berlin-Ost,1515,1335,180,0,379,0,16,363,264,99,45,334,155,179
09,Treptow-Köpenick,510,electoral_district,5,84,Berlin-Ost,1349,1257,92,0,306,0,8,298,211,87,25,281,137,144
09,Treptow-Köpenick,511,electoral_district,5,84,Berlin-Ost,1654,1403,251,0,593,1,40,553,365,188,49,544,256,288
09,Treptow-Köpenick,512,electoral_district,5,84,Berlin-Ost,2045,1750,295,0,616,0,44,572,389,183,54,562,259,303
09,Treptow-Köpenick,513,electoral_district,5,84,Berlin-Ost,2125,1849,276,0,661,1,56,605,387,218,61,600,313,287
09,Treptow-Köpenick,514,electoral_district,5,84,Berlin-Ost,2107,1874,233,0,615,1,58,557,364,193,78,537,274,263
09,Treptow-Köpenick,515,electoral_district,5,84,Berlin-Ost,1925,1615,310,0,695,2,54,641,376,265,46,649,331,318
09,Treptow-Köpenick,516,electoral_district,5,84,Berlin-Ost,1983,1763,220,0,690,2,45,645,476,169,77,613,270,343
09,Treptow-Köpenick,517,electoral_district,5,84,Berlin-Ost,1989,1748,241,0,692,4,45,647,446,201,90,602,269,333
09,Treptow-Köpenick,518,electoral_district,5,84,Berlin-Ost,1592,1393,199,0,538,0,52,486,341,145,58,480,210,270
09,Treptow-Köpenick,5A,postal_voting_district,5,84,Berlin-Ost,0,0,0,0,629,629,36,593,370,223,44,585,323,262
09,Treptow-Köpenick,5B,postal_voting_district,5,84,Berlin-Ost,0,0,0,0,685,685,74,611,390,221,72,613,373,240
09,Treptow-Köpenick,5C,postal_voting_district,5,84,Berlin-Ost,0,0,0,0,583,583,35,548,337,211,41,542,296,246
09,Treptow-Köpenick,5D,postal_voting_district,5,84,Berlin-Ost,0,0,0,0,714,714,71,643,371,272,65,649,412,237
09,Treptow-Köpenick,5E,postal_voting_district,5,84,Berlin-Ost,0,0,0,0,590,590,57,533,368,165,93,497,233,264
09,Treptow-Köpenick,601,electoral_district,6,84,Berlin-Ost,1938,1695,243,0,751,3,51,700,476,224,81,670,295,375
09,Treptow-Köpenick,602,electoral_district,6,84,Berlin-Ost,1419,1219,200,0,625,8,36,589,419,170,45,580,229,351
09,Treptow-Köpenick,603,electoral_district,6,84,Berlin-Ost,1463,1268,195,0,567,2,44,523,382,141,73,494,208,286
09,Treptow-Köpenick,604,electoral_district,6,84,Berlin-Ost,1878,1586,292,0,763,2,56,707,509,198,62,701,283,418
09,Treptow-Köpenick,605,electoral_district,6,84,Berlin-Ost,2215,1892,323,0,762,7,56,706,503,203,72,690,345,345
09,Treptow-Köpenick,606,electoral_district,6,84,Berlin-Ost,1960,1664,296,0,712,4,57,655,418,237,87,625,312,313
09,Treptow-Köpenick,607,electoral_district,6,84,Berlin-Ost,1662,1439,223,0,528,3,30,498,358,140,57,471,202,269
09,Treptow-Köpenick,608,electoral_district,6,84,Berlin-Ost,2258,1910,348,0,786,3,59,727,510,217,59,727,283,444
09,Treptow-Köpenick,609,electoral_district,6,84,Berlin-Ost,1457,1208,249,0,530,2,44,486,317,169,48,482,244,238
09,Treptow-Köpenick,610,electoral_district,6,84,Berlin-Ost,1235,1068,167,0,502,2,39,463,303,160,47,455,211,244
09,Treptow-Köpenick,611,electoral_district,6,84,Berlin-Ost,1695,1430,265,0,568,0,50,518,368,150,65,503,220,283
09,Treptow-Köpenick,612,electoral_district,6,84,Berlin-Ost,2111,1817,294,0,750,1,28,722,440,282,77,673,344,329
09,Treptow-Köpenick,613,electoral_district,6,84,Berlin-Ost,1352,1187,165,0,380,0,42,338,212,126,36,344,188,156
09,Treptow-Köpenick,614,electoral_district,6,84,Berlin-Ost,2671,2318,353,0,949,3,82,867,530,337,118,831,467,364
09,Treptow-Köpenick,615,electoral_district,6,84,Berlin-Ost,1216,966,250,0,468,5,43,425,256,169,43,425,211,214
09,Treptow-Köpenick,616,electoral_district,6,84,Berlin-Ost,1554,1315,239,0,595,8,18,577,356,221,18,577,260,317
09,Treptow-Köpenick,617,electoral_district,6,84,Berlin-Ost,1850,1553,297,0,631,8,38,593,400,193,55,576,257,319
09,Treptow-Köpenick,618,electoral_district,6,84,Berlin-Ost,1499,1290,209,0,557,8,51,506,335,171,59,498,247,251
09,Treptow-Köpenick,619,electoral_district,6,84,Berlin-Ost,1333,1168,165,0,557,15,31,526,338,188,75,482,230,252
09,Treptow-Köpenick,6A,postal_voting_district,6,84,Berlin-Ost,0,0,0,0,782,782,43,739,491,248,54,728,351,377
09,Treptow-Köpenick,6B,postal_voting_district,6,84,Berlin-Ost,0,0,0,0,809,809,60,749,476,273,71,738,241,497
09,Treptow-Köpenick,6C,postal_voting_district,6,84,Berlin-Ost,0,0,0,0,784,784,63,721,445,276,66,718,416,302
09,Treptow-Köpenick,6D,postal_voting_district,6,84,Berlin-Ost,0,0,0,0,749,749,85,664,401,263,84,665,408,257
09,Treptow-Köpenick,6E,postal_voting_district,6,84,Berlin-Ost,0,0,0,0,923,923,69,854,554,300,58,865,411,454
10,Marzahn-Hellersdorf,101,electoral_district,1,85,Berlin-Ost,1811,1733,78,0,304,0,13,291,210,81,26,278,146,132
10,Marzahn-Hellersdorf,102,electoral_district,1,85,Berlin-Ost,1105,1036,69,0,290,0,26,264,167,97,32,258,147,111
10,Marzahn-Hellersdorf,103,electoral_district,1,85,Berlin-Ost,1301,1235,66,0,195,4,13,182,120,62,12,183,87,96
10,Marzahn-Hellersdorf,104,electoral_district,1,85,Berlin-Ost,1444,1371,73,0,238,0,16,222,162,60,25,213,111,102
10,Marzahn-Hellersdorf,105,electoral_district,1,85,Berlin-Ost,1401,1318,83,0,236,2,18,218,150,68,16,220,121,99
10,Marzahn-Hellersdorf,106,electoral_district,1,85,Berlin-Ost,1331,1264,67,0,208,0,18,190,130,60,24,184,97,87
10,Marzahn-Hellersdorf,107,electoral_district,1,85,Berlin-Ost,1804,1672,132,0,391,1,28,363,267,96,40,351,173,178
10,Marzahn-Hellersdorf,108,electoral_district,1,85,Berlin-Ost,1593,1512,81,0,257,0,19,238,159,79,29,228,127,101
10,Marzahn-Hellersdorf,109,electoral_district,1,85,Berlin-Ost,1690,1608,82,0,242,0,13,229,167,62,23,219,112,107
10,Marzahn-Hellersdorf,110,electoral_district,1,85,Berlin-Ost,1757,1671,86,0,298,0,15,283,200,83,27,271,145,126
10,Marzahn-Hellersdorf,111,electoral_district,1,85,Berlin-Ost,1948,1800,148,0,380,3,28,352,260,92,47,333,162,171
10,Marzahn-Hellersdorf,112,electoral_district,1,85,Berlin-Ost,1828,1744,84,0,347,0,29,318,225,93,44,303,159,144
10,Marzahn-Hellersdorf,113,electoral_district,1,85,Berlin-Ost,1597,1502,95,0,263,1,24,239,152,87,20,243,143,100
10,Marzahn-Hellersdorf,114,electoral_district,1,85,Berlin-Ost,1978,1830,148,0,378,0,34,344,218,126,31,347,196,151
10,Marzahn-Hellersdorf,115,electoral_district,1,85,Berlin-Ost,2062,1885,177,0,518,0,75,443,324,119,55,463,247,216
10,Marzahn-Hellersdorf,116,electoral_district,1,85,Berlin-Ost,1865,1726,139,0,296,3,24,272,193,79,29,267,138,129
10,Marzahn-Hellersdorf,117,electoral_district,1,85,Berlin-Ost,1879,1759,120,0,407,0,25,382,254,128,36,371,209,162
10,Marzahn-Hellersdorf,118,electoral_district,1,85,Berlin-Ost,1843,1752,91,0,340,0,22,318,223,95,40,300,160,140
10,Marzahn-Hellersdorf,119,electoral_district,1,85,Berlin-Ost,1585,1467,118,0,416,0,33,383,246,137,26,390,199,191
10,Marzahn-Hellersdorf,120,electoral_district,1,85,Berlin-Ost,1070,973,97,0,159,3,14,145,105,40,20,139,74,65
10,Marzahn-Hellersdorf,1A,postal_voting_district,1,85,Berlin-Ost,0,0,0,0,477,477,34,443,285,158,40,437,296,141
10,Marzahn-Hellersdorf,1B,postal_voting_district,1,85,Berlin-Ost,0,0,0,0,477,477,20,457,306,151,34,443,285,158
10,Marzahn-Hellersdorf,1C,postal_voting_district,1,85,Berlin-Ost,0,0,0,0,395,395,28,367,228,139,31,364,230,134
10,Marzahn-Hellersdorf,1D,postal_voting_district,1,85,Berlin-Ost,0,0,0,0,363,363,24,339,229,110,31,332,184,148
10,Marzahn-Hellersdorf,201,electoral_district,2,85,Berlin-Ost,1865,1682,183,0,402,1,40,362,219,143,36,366,225,141
10,Marzahn-Hellersdorf,202,electoral_district,2,85,Berlin-Ost,1975,1793,182,0,334,1,25,309,203,106,31,303,167,136
10,Marzahn-Hellersdorf,203,electoral_district,2,85,Berlin-Ost,1992,1817,175,0,395,2,42,353,226,127,53,342,204,138
10,Marzahn-Hellersdorf,204,electoral_district,2,85,Berlin-Ost,2191,1948,243,0,472,0,51,421,248,173,43,429,262,167
10,Marzahn-Hellersdorf,205,electoral_district,2,85,Berlin-Ost,1967,1823,144,0,358,0,16,342,226,116,46,312,187,125
10,Marzahn-Hellersdorf,206,electoral_district,2,85,Berlin-Ost,1776,1621,155,0,379,2,27,352,219,133,50,329,184,145
10,Marzahn-Hellersdorf,207,electoral_district,2,85,Berlin-Ost,1594,1422,172,0,376,0,42,334,211,123,37,339,195,144
10,Marzahn-Hellersdorf,208,electoral_district,2,85,Berlin-Ost,1711,1557,154,0,366,1,29,337,218,119,32,334,194,140
10,Marzahn-Hellersdorf,209,electoral_district,2,85,Berlin-Ost,1646,1535,111,0,377,1,37,340,213,127,46,331,199,132
10,Marzahn-Hellersdorf,210,electoral_district,2,85,Berlin-Ost,1887,1692,195,0,390,0,33,357,222,135,35,355,211,144
10,Marzahn-Hellersdorf,211,electoral_district,2,85,Berlin-Ost,1740,1612,128,0,376,2,31,345,202,143,35,341,185,156
10,Marzahn-Hellersdorf,212,electoral_district,2,85,Berlin-Ost,1337,1148,189,0,361,3,20,341,199,142,30,331,191,140
10,Marzahn-Hellersdorf,213,electoral_district,2,85,Berlin-Ost,2146,1983,163,0,539,0,44,495,310,185,54,485,271,214
10,Marzahn-Hellersdorf,214,electoral_district,2,85,Berlin-Ost,1647,1427,220,0,434,3,37,397,248,149,48,386,218,168
10,Marzahn-Hellersdorf,215,electoral_district,2,85,Berlin-Ost,1720,1490,230,0,465,4,43,422,298,124,46,419,227,192
10,Marzahn-Hellersdorf,216,electoral_district,2,85,Berlin-Ost,1953,1738,215,0,542,1,40,502,307,195,43,499,275,224
10,Marzahn-Hellersdorf,217,electoral_district,2,85,Berlin-Ost,1579,1468,111,0,360,0,38,322,208,114,40,320,178,142
10,Marzahn-Hellersdorf,218,electoral_district,2,85,Berlin-Ost,1474,1320,154,0,360,1,23,337,215,122,37,323,173,150
10,Marzahn-Hellersdorf,219,electoral_district,2,85,Berlin-Ost,1306,1200,106,0,223,0,5,218,124,94,32,191,113,78
10,Marzahn-Hellersdorf,220,electoral_district,2,85,Berlin-Ost,1532,1378,154,0,383,3,37,346,222,124,53,330,182,148
10,Marzahn-Hellersdorf,2A,postal_voting_district,2,85,Berlin-Ost,0,0,0,0,454,454,29,425,243,182,35,419,267,152
10,Marzahn-Hellersdorf,2B,postal_voting_district,2,85,Berlin-Ost,0,0,0,0,475,475,35,440,268,172,44,431,261,170
10,Marzahn-Hellersdorf,2C,postal_voting_district,2,85,Berlin-Ost,0,0,0,0,555,555,36,519,311,208,38,517,314,203
10,Marzahn-Hellersdorf,2D,postal_voting_district,2,85,Berlin-Ost,0,0,0,0,392,392,23,369,207,162,24,368,226,142
10,Marzahn-Hellersdorf,2E,postal_voting_district,2,85,Berlin-Ost,0,0,0,0,559,559,40,519,289,230,43,516,332,184
10,Marzahn-Hellersdorf,2F,postal_voting_district,2,85,Berlin-Ost,0,0,0,0,440,440,29,411,249,162,36,404,263,141
10,Marzahn-Hellersdorf,301,electoral_district,3,85,Berlin-Ost,1914,1756,158,0,524,0,38,486,258,228,46,478,296,182
10,Marzahn-Hellersdorf,302,electoral_district,3,85,Berlin-Ost,1692,1620,72,0,236,1,16,220,157,63,21,215,113,102
10,Marzahn-Hellersdorf,303,electoral_district,3,85,Berlin-Ost,1666,1579,87,0,237,0,17,220,162,58,17,220,119,101
10,Marzahn-Hellersdorf,304,electoral_district,3,85,Berlin-Ost,1166,1109,57,0,163,1,14,149,107,42,15,148,83,65
10,Marzahn-Hellersdorf,305,electoral_district,3,85,Berlin-Ost,1831,1721,110,0,280,1,20,260,195,65,29,251,156,95
10,Marzahn-Hellersdorf,306,electoral_district,3,85,Berlin-Ost,2108,2001,107,0,371,0,20,351,241,110,43,328,166,162
10,Marzahn-Hellersdorf,307,electoral_district,3,85,Berlin-Ost,2021,1923,98,0,389,1,24,365,268,97,38,351,188,163
10,Marzahn-Hellersdorf,308,electoral_district,3,85,Berlin-Ost,1510,1403,107,0,297,1,22,275,191,84,13,284,158,126
10,Marzahn-Hellersdorf,309,electoral_district,3,85,Berlin-Ost,2124,1978,146,0,407,2,19,388,263,125,38,369,178,191
10,Marzahn-Hellersdorf,310,electoral_district,3,85,Berlin-Ost,1574,1497,77,0,309,0,17,292,199,93,32,277,148,129
10,Marzahn-Hellersdorf,311,electoral_district,3,85,Berlin-Ost,1452,1364,88,0,273,0,20,253,169,84,23,250,142,108
10,Marzahn-Hellersdorf,312,electoral_district,3,85,Berlin-Ost,1028,982,46,0,174,0,5,169,118,51,9,165,79,86
10,Marzahn-Hellersdorf,313,electoral_district,3,85,Berlin-Ost,1616,1552,64,0,215,0,9,206,155,51,13,202,98,104
10,Marzahn-Hellersdorf,314,electoral_district,3,85,Berlin-Ost,1917,1807,110,0,352,0,21,331,216,115,40,312,160,152
10,Marzahn-Hellersdorf,315,electoral_district,3,85,Berlin-Ost,1728,1650,78,0,201,0,13,188,128,60,15,186,111,75
10,Marzahn-Hellersdorf,316,electoral_district,3,85,Berlin-Ost,1748,1639,109,0,327,0,21,306,228,78,17,310,157,153
10,Marzahn-Hellersdorf,317,electoral_district,3,85,Berlin-Ost,1968,1796,172,0,443,0,23,420,271,149,40,403,204,199
10,Marzahn-Hellersdorf,318,electoral_district,3,85,Berlin-Ost,1833,1710,123,0,387,0,29,358,239,119,34,353,194,159
10,Marzahn-Hellersdorf,319,electoral_district,3,85,Berlin-Ost,1909,1700,209,0,389,0,31,358,219,139,44,345,188,157
10,Marzahn-Hellersdorf,320,electoral_district,3,85,Berlin-Ost,1808,1697,111,0,413,2,38,375,259,116,41,372,212,160
10,Marzahn-Hellersdorf,3A,postal_voting_district,3,85,Berlin-Ost,0,0,0,0,515,515,30,485,318,167,34,481,290,191
10,Marzahn-Hellersdorf,3B,postal_voting_district,3,85,Berlin-Ost,0,0,0,0,434,434,26,408,257,151,37,397,242,155
10,Marzahn-Hellersdorf,3C,postal_voting_district,3,85,Berlin-Ost,0,0,0,0,348,348,25,323,205,118,23,325,194,131
10,Marzahn-Hellersdorf,3D,postal_voting_district,3,85,Berlin-Ost,0,0,0,0,536,536,34,502,324,178,32,504,296,208
10,Marzahn-Hellersdorf,401,electoral_district,4,85,Berlin-Ost,2116,1904,212,0,530,1,41,489,339,150,46,484,247,237
10,Marzahn-Hellersdorf,402,electoral_district,4,85,Berlin-Ost,2031,1872,159,0,531,0,11,520,320,200,10,521,264,257
10,Marzahn-Hellersdorf,403,electoral_district,4,85,Berlin-Ost,1716,1547,169,0,360,0,35,325,207,118,43,317,186,131
10,Marzahn-Hellersdorf,404,electoral_district,4,85,Berlin-Ost,2149,1925,224,0,499,1,41,458,279,179,62,437,240,197
10,Marzahn-Hellersdorf,405,electoral_district,4,85,Berlin-Ost,2020,1800,220,0,553,2,26,527,344,183,64,489,249,240
10,Marzahn-Hellersdorf,406,electoral_district,4,85,Berlin-Ost,2081,1864,217,0,599,1,69,530,339,191,64,535,312,223
10,Marzahn-Hellersdorf,407,electoral_district,4,85,Berlin-Ost,2159,1825,334,0,696,0,42,654,333,321,63,633,387,246
10,Marzahn-Hellersdorf,408,electoral_district,4,85,Berlin-Ost,1649,1368,281,0,539,0,46,493,285,208,53,486,271,215
10,Marzahn-Hellersdorf,409,electoral_district,4,85,Berlin-Ost,1790,1440,350,0,515,0,31,484,282,202,42,473,254,219
10,Marzahn-Hellersdorf,410,electoral_district,4,85,Berlin-Ost,1389,1295,94,0,286,1,26,260,182,78,37,249,147,102
10,Marzahn-Hellersdorf,411,electoral_district,4,85,Berlin-Ost,1395,1252,143,0,491,3,28,463,287,176,37,454,242,212
10,Marzahn-Hellersdorf,412,electoral_district,4,85,Berlin-Ost,1711,1597,114,0,415,3,34,381,271,110,50,365,215,150
10,Marzahn-Hellersdorf,413,electoral_district,4,85,Berlin-Ost,1805,1508,297,0,614,2,24,590,327,263,44,570,327,243
10,Marzahn-Hellersdorf,414,electoral_district,4,85,Berlin-Ost,1808,1544,264,0,698,0,40,658,327,331,38,660,386,274
10,Marzahn-Hellersdorf,415,electoral_district,4,85,Berlin-Ost,2076,1823,253,0,689,2,49,640,329,311,40,649,350,299
10,Marzahn-Hellersdorf,416,electoral_district,4,85,Berlin-Ost,1781,1468,313,0,689,1,58,631,341,290,45,644,364,280
10,Marzahn-Hellersdorf,417,electoral_district,4,85,Berlin-Ost,1893,1619,274,0,728,1,58,670,372,298,45,683,377,306
10,Marzahn-Hellersdorf,418,electoral_district,4,85,Berlin-Ost,1239,1113,126,0,464,0,22,442,249,193,41,423,241,182
10,Marzahn-Hellersdorf,419,electoral_district,4,85,Berlin-Ost,1455,1301,154,0,463,2,37,426,263,163,55,408,220,188
10,Marzahn-Hellersdorf,4A,postal_voting_district,4,85,Berlin-Ost,0,0,0,0,466,466,23,443,272,171,32,434,249,185
10,Marzahn-Hellersdorf,4B,postal_voting_district,4,85,Berlin-Ost,0,0,0,0,587,587,54,533,287,246,43,544,353,191
10,Marzahn-Hellersdorf,4C,postal_voting_district,4,85,Berlin-Ost,0,0,0,0,506,506,88,418,270,148,29,477,294,183
10,Marzahn-Hellersdorf,4D,postal_voting_district,4,85,Berlin-Ost,0,0,0,0,511,511,52,459,260,199,39,472,293,179
10,Marzahn-Hellersdorf,4E,postal_voting_district,4,85,Berlin-Ost,0,0,0,0,558,558,37,521,291,230,36,522,349,173
10,Marzahn-Hellersdorf,4F,postal_voting_district,4,85,Berlin-Ost,0,0,0,0,474,474,17,457,286,171,31,443,246,197
10,Marzahn-Hellersdorf,4G,postal_voting_district,4,85,Berlin-Ost,0,0,0,0,485,485,28,457,247,210,31,454,274,180
10,Marzahn-Hellersdorf,501,electoral_district,5,85,Berlin-Ost,2078,1779,299,0,793,1,65,728,430,298,80,713,358,355
10,Marzahn-Hellersdorf,502,electoral_district,5,85,Berlin-Ost,1995,1707,288,0,651,3,47,604,360,244,60,591,304,287
10,Marzahn-Hellersdorf,503,electoral_district,5,85,Berlin-Ost,1989,1735,254,0,707,4,51,656,373,283,50,657,387,270
10,Marzahn-Hellersdorf,504,electoral_district,5,85,Berlin-Ost,1814,1576,238,0,641,3,41,600,358,242,57,584,313,271
10,Marzahn-Hellersdorf,505,electoral_district,5,85,Berlin-Ost,2051,1777,274,0,746,4,66,680,409,271,74,672,356,316
10,Marzahn-Hellersdorf,506,electoral_district,5,85,Berlin-Ost,2029,1733,296,0,725,1,64,661,409,252,62,663,350,313
10,Marzahn-Hellersdorf,507,electoral_district,5,85,Berlin-Ost,1644,1446,198,0,655,3,41,614,355,259,71,584,327,257
10,Marzahn-Hellersdorf,508,electoral_district,5,85,Berlin-Ost,1224,1047,177,0,432,2,44,388,198,190,27,405,242,163
10,Marzahn-Hellersdorf,509,electoral_district,5,85,Berlin-Ost,1993,1697,296,0,615,0,36,579,334,245,56,559,301,258
10,Marzahn-Hellersdorf,510,electoral_district,5,85,Berlin-Ost,1792,1553,239,0,706,2,57,649,376,273,51,655,356,299
10,Marzahn-Hellersdorf,511,electoral_district,5,85,Berlin-Ost,2133,1859,274,0,724,5,8,716,406,310,8,716,347,369
10,Marzahn-Hellersdorf,512,electoral_district,5,85,Berlin-Ost,1741,1494,247,0,573,0,43,530,295,235,36,537,286,251
10,Marzahn-Hellersdorf,513,electoral_district,5,85,Berlin-Ost,1888,1620,268,0,645,1,51,594,344,250,52,593,321,272
10,Marzahn-Hellersdorf,514,electoral_district,5,85,Berlin-Ost,2061,1801,260,0,779,1,69,710,399,311,64,715,406,309
10,Marzahn-Hellersdorf,515,electoral_district,5,85,Berlin-Ost,2000,1707,293,0,684,0,53,631,362,269,70,614,338,276
10,Marzahn-Hellersdorf,516,electoral_district,5,85,Berlin-Ost,2161,1919,242,0,845,1,55,790,441,349,68,777,437,340
10,Marzahn-Hellersdorf,517,electoral_district,5,85,Berlin-Ost,1918,1647,271,0,666,0,39,627,375,252,56,610,332,278
10,Marzahn-Hellersdorf,5A,postal_voting_district,5,85,Berlin-Ost,0,0,0,0,504,504,25,479,259,220,21,483,283,200
10,Marzahn-Hellersdorf,5B,postal_voting_district,5,85,Berlin-Ost,0,0,0,0,432,432,18,414,232,182,28,404,234,170
10,Marzahn-Hellersdorf,5C,postal_voting_district,5,85,Berlin-Ost,0,0,0,0,661,661,33,628,358,270,25,636,360,276
10,Marzahn-Hellersdorf,5D,postal_voting_district,5,85,Berlin-Ost,0,0,0,0,608,608,23,585,339,246,35,573,343,230
10,Marzahn-Hellersdorf,5E,postal_voting_district,5,85,Berlin-Ost,0,0,0,0,668,668,10,658,357,301,28,640,398,242
10,Marzahn-Hellersdorf,5F,postal_voting_district,5,85,Berlin-Ost,0,0,0,0,482,482,22,460,267,193,30,452,254,198
10,Marzahn-Hellersdorf,5G,postal_voting_district,5,85,Berlin-Ost,0,0,0,0,430,430,29,401,225,176,39,391,247,144
10,Marzahn-Hellersdorf,601,electoral_district,6,85,Berlin-Ost,1794,1713,81,0,452,3,25,427,307,120,30,422,193,229
10,Marzahn-Hellersdorf,602,electoral_district,6,85,Berlin-Ost,2026,1886,140,0,387,6,35,352,235,117,33,354,189,165
10,Marzahn-Hellersdorf,603,electoral_district,6,85,Berlin-Ost,1965,1810,155,0,419,1,38,381,264,117,43,376,214,162
10,Marzahn-Hellersdorf,604,electoral_district,6,85,Berlin-Ost,1577,1446,131,0,428,0,21,407,266,141,38,390,197,193
10,Marzahn-Hellersdorf,605,electoral_district,6,85,Berlin-Ost,1190,1087,103,0,250,0,14,236,155,81,18,232,133,99
10,Marzahn-Hellersdorf,606,electoral_district,6,85,Berlin-Ost,2095,1905,190,0,469,1,35,434,267,167,37,432,240,192
10,Marzahn-Hellersdorf,607,electoral_district,6,85,Berlin-Ost,2015,1837,178,0,431,2,28,403,249,154,33,398,216,182
10,Marzahn-Hellersdorf,608,electoral_district,6,85,Berlin-Ost,1687,1554,133,0,345,0,22,323,228,95,29,316,173,143
10,Marzahn-Hellersdorf,609,electoral_district,6,85,Berlin-Ost,1661,1513,148,0,397,1,31,366,241,125,36,361,194,167
10,Marzahn-Hellersdorf,610,electoral_district,6,85,Berlin-Ost,1955,1730,225,0,583,0,48,535,346,189,57,526,282,244
10,Marzahn-Hellersdorf,611,electoral_district,6,85,Berlin-Ost,1911,1731,180,0,425,0,38,387,267,120,38,387,196,191
10,Marzahn-Hellersdorf,612,electoral_district,6,85,Berlin-Ost,1863,1611,252,0,669,2,41,628,342,286,49,620,359,261
10,Marzahn-Hellersdorf,613,electoral_district,6,85,Berlin-Ost,1935,1754,181,0,550,0,39,511,315,196,46,504,260,244
10,Marzahn-Hellersdorf,614,electoral_district,6,85,Berlin-Ost,1944,1650,294,0,691,1,38,653,383,270,47,644,336,308
10,Marzahn-Hellersdorf,615,electoral_district,6,85,Berlin-Ost,1956,1869,87,0,396,0,23,373,241,132,33,363,199,164
10,Marzahn-Hellersdorf,616,electoral_district,6,85,Berlin-Ost,1994,1842,152,0,399,0,25,374,237,137,24,375,198,177
10,Marzahn-Hellersdorf,617,electoral_district,6,85,Berlin-Ost,1956,1837,119,0,365,1,28,337,232,105,42,323,178,145
10,Marzahn-Hellersdorf,618,electoral_district,6,85,Berlin-Ost,1830,1691,139,0,334,1,22,312,225,87,29,305,139,166
10,Marzahn-Hellersdorf,6A,postal_voting_district,6,85,Berlin-Ost,0,0,0,0,515,515,36,479,320,159,33,482,283,199
10,Marzahn-Hellersdorf,6B,postal_voting_district,6,85,Berlin-Ost,0,0,0,0,438,438,35,403,240,163,29,409,252,157
10,Marzahn-Hellersdorf,6C,postal_voting_district,6,85,Berlin-Ost,0,0,0,0,491,491,22,469,261,208,33,458,279,179
10,Marzahn-Hellersdorf,6D,postal_voting_district,6,85,Berlin-Ost,0,0,0,0,616,616,34,582,333,249,33,583,356,227
10,Marzahn-Hellersdorf,6E,postal_voting_district,6,85,Berlin-Ost,0,0,0,0,414,414,21,393,258,135,30,384,217,167
11,Lichtenberg,101,electoral_district,1,86,Berlin-Ost,1844,1722,122,0,436,0,26,410,270,140,43,393,218,175
11,Lichtenberg,102,electoral_district,1,86,Berlin-Ost,1042,938,104,0,307,0,34,273,160,113,31,276,157,119
11,Lichtenberg,103,electoral_district,1,86,Berlin-Ost,1042,945,97,0,276,0,17,259,142,117,11,265,143,122
11,Lichtenberg,104,electoral_district,1,86,Berlin-Ost,1435,1335,100,0,372,0,25,347,219,128,37,335,192,143
11,Lichtenberg,105,electoral_district,1,86,Berlin-Ost,1642,1523,119,0,275,7,18,257,181,76,22,253,151,102
11,Lichtenberg,106,electoral_district,1,86,Berlin-Ost,1302,1200,102,0,255,2,20,235,130,105,25,230,160,70
11,Lichtenberg,107,electoral_district,1,86,Berlin-Ost,1753,1533,220,0,461,1,32,429,266,163,33,428,238,190
11,Lichtenberg,108,electoral_district,1,86,Berlin-Ost,1863,1722,141,0,310,0,13,297,200,97,25,285,162,123
11,Lichtenberg,109,electoral_district,1,86,Berlin-Ost,1294,1202,92,0,257,0,18,239,168,71,34,223,127,96
11,Lichtenberg,110,electoral_district,1,86,Berlin-Ost,1837,1648,189,0,369,0,38,331,217,114,45,324,174,150
11,Lichtenberg,111,electoral_district,1,86,Berlin-Ost,1632,1470,162,0,377,1,25,352,206,146,24,353,201,152
11,Lichtenberg,112,electoral_district,1,86,Berlin-Ost,1497,1381,116,0,270,1,18,252,175,77,24,246,140,106
11,Lichtenberg,113,electoral_district,1,86,Berlin-Ost,1117,1022,95,0,198,2,14,184,118,66,20,178,102,76
11,Lichtenberg,114,electoral_district,1,86,Berlin-Ost,1905,1752,153,0,446,0,25,421,285,136,40,406,224,182
11,Lichtenberg,115,electoral_district,1,86,Berlin-Ost,1804,1712,92,0,326,0,17,309,202,107,26,300,167,133
11,Lichtenberg,116,electoral_district,1,86,Berlin-Ost,1294,1193,101,0,268,3,16,252,172,80,20,248,129,119
11,Lichtenberg,117,electoral_district,1,86,Berlin-Ost,1421,1317,104,0,258,2,12,246,173,73,28,230,121,109
11,Lichtenberg,118,electoral_district,1,86,Berlin-Ost,1553,1475,78,0,236,0,21,215,165,50,24,212,110,102
11,Lichtenberg,119,electoral_district,1,86,Berlin-Ost,1920,1788,132,0,340,0,30,310,219,91,32,308,167,141
11,Lichtenberg,120,electoral_district,1,86,Berlin-Ost,1443,1330,113,0,336,1,24,312,217,95,24,312,159,153
11,Lichtenberg,1A,postal_voting_district,1,86,Berlin-Ost,0,0,0,0,370,370,16,354,213,141,22,348,212,136
11,Lichtenberg,1B,postal_voting_district,1,86,Berlin-Ost,0,0,0,0,462,462,40,422,267,155,42,420,234,186
11,Lichtenberg,1C,postal_voting_district,1,86,Berlin-Ost,0,0,0,0,457,457,25,432,269,163,42,415,258,157
11,Lichtenberg,1D,postal_voting_district,1,86,Berlin-Ost,0,0,0,0,384,384,20,364,228,136,27,357,216,141
11,Lichtenberg,1E,postal_voting_district,1,86,Berlin-Ost,0,0,0,0,359,359,27,332,216,116,32,327,168,159
11,Lichtenberg,201,electoral_district,2,86,Berlin-Ost,1611,1452,159,0,347,4,15,332,217,115,32,315,169,146
11,Lichtenberg,202,electoral_district,2,86,Berlin-Ost,1367,1227,140,0,289,1,15,274,181,93,22,267,138,129
11,Lichtenberg,203,electoral_district,2,86,Berlin-Ost,1248,1156,92,0,327,1,35,292,206,86,33,294,162,132
11,Lichtenberg,204,electoral_district,2,86,Berlin-Ost,1200,1091,109,0,260,0,22,238,168,70,22,238,135,103
11,Lichtenberg,205,electoral_district,2,86,Berlin-Ost,1374,1250,124,0,226,0,17,209,131,78,23,203,127,76
11,Lichtenberg,206,electoral_district,2,86,Berlin-Ost,1826,1680,146,0,378,0,32,346,247,99,40,338,176,162
11,Lichtenberg,207,electoral_district,2,86,Berlin-Ost,1587,1483,104,0,281,2,20,261,170,91,31,250,135,115
11,Lichtenberg,208,electoral_district,2,86,Berlin-Ost,1516,1248,268,0,469,0,32,437,254,183,39,430,247,183
11,Lichtenberg,209,electoral_district,2,86,Berlin-Ost,1168,1011,157,0,337,0,31,306,184,122,39,298,170,128
11,Lichtenberg,210,electoral_district,2,86,Berlin-Ost,2026,1802,224,0,572,1,31,541,356,185,42,530,265,265
11,Lichtenberg,211,electoral_district,2,86,Berlin-Ost,2071,1830,241,0,487,0,36,451,293,158,39,448,220,228
11,Lichtenberg,212,electoral_district,2,86,Berlin-Ost,1638,1440,198,0,548,0,43,505,290,215,37,511,270,241
11,Lichtenberg,213,electoral_district,2,86,Berlin-Ost,998,882,116,0,235,0,20,215,128,87,25,210,118,92
11,Lichtenberg,214,electoral_district,2,86,Berlin-Ost,2093,1835,258,0,508,0,52,456,304,152,49,459,259,200
11,Lichtenberg,215,electoral_district,2,86,Berlin-Ost,1352,1163,189,0,450,1,24,426,257,169,41,409,209,200
11,Lichtenberg,216,electoral_district,2,86,Berlin-Ost,1520,1357,163,0,471,0,40,431,264,167,50,421,248,173
11,Lichtenberg,217,electoral_district,2,86,Berlin-Ost,1930,1781,149,0,519,0,49,470,296,174,67,452,266,186
11,Lichtenberg,218,electoral_district,2,86,Berlin-Ost,1771,1492,279,0,531,0,47,484,280,204,53,478,275,203
11,Lichtenberg,219,electoral_district,2,86,Berlin-Ost,2233,1992,241,0,620,1,64,556,366,190,65,555,302,253
11,Lichtenberg,220,electoral_district,2,86,Berlin-Ost,1291,1161,130,0,307,0,27,280,180,100,30,277,154,123
11,Lichtenberg,221,electoral_district,2,86,Berlin-Ost,1052,942,110,0,315,2,24,291,185,106,37,278,142,136
11,Lichtenberg,2A,postal_voting_district,2,86,Berlin-Ost,0,0,0,0,533,533,50,483,299,184,63,470,284,186
11,Lichtenberg,2B,postal_voting_district,2,86,Berlin-Ost,0,0,0,0,532,532,42,490,254,236,38,494,334,160
11,Lichtenberg,2C,postal_voting_district,2,86,Berlin-Ost,0,0,0,0,718,718,61,657,393,264,58,660,388,272
11,Lichtenberg,2D,postal_voting_district,2,86,Berlin-Ost,0,0,0,0,677,677,46,631,356,275,47,630,373,257
11,Lichtenberg,2E,postal_voting_district,2,86,Berlin-Ost,0,0,0,0,513,513,32,481,285,196,35,478,279,199
11,Lichtenberg,301,electoral_district,3,86,Berlin-Ost,1583,1386,197,0,441,1,54,387,266,121,49,392,236,156
11,Lichtenberg,302,electoral_district,3,86,Berlin-Ost,1212,1121,91,0,346,0,35,311,211,100,39,307,184,123
11,Lichtenberg,303,electoral_district,3,86,Berlin-Ost,1807,1664,143,0,437,0,17,420,281,139,50,387,201,186
11,Lichtenberg,304,electoral_district,3,86,Berlin-Ost,1802,1576,226,0,424,0,30,394,275,119,39,385,189,196
11,Lichtenberg,305,electoral_district,3,86,Berlin-Ost,1773,1584,189,0,496,2,34,462,294,168,36,460,238,222
11,Lichtenberg,306,electoral_district,3,86,Berlin-Ost,1801,1644,157,0,362,0,28,334,214,120,32,330,170,160
11,Lichtenberg,307,electoral_district,3,86,Berlin-Ost,1881,1693,188,0,390,0,21,369,244,125,40,350,184,166
11,Lichtenberg,308,electoral_district,3,86,Berlin-Ost,1350,1218,132,0,282,1,21,261,160,101,26,256,142,114
11,Lichtenberg,309,electoral_district,3,86,Berlin-Ost,1704,1516,188,0,332,3,21,311,204,107,30,302,148,154
11,Lichtenberg,310,electoral_district,3,86,Berlin-Ost,1738,1578,160,0,352,0,31,321,206,115,45,307,169,138
11,Lichtenberg,311,electoral_district,3,86,Berlin-Ost,1303,1204,99,0,324,3,33,291,190,101,29,295,163,132
11,Lichtenberg,312,electoral_district,3,86,Berlin-Ost,1894,1658,236,0,512,2,38,474,246,228,35,477,306,171
11,Lichtenberg,313,electoral_district,3,86,Berlin-Ost,798,709,89,0,173,0,11,162,92,70,15,158,93,65
11,Lichtenberg,314,electoral_district,3,86,Berlin-Ost,1572,1301,271,0,394,3,42,352,134,218,52,342,194,148
11,Lichtenberg,315,electoral_district,3,86,Berlin-Ost,1755,1570,185,0,436,1,42,394,263,131,41,395,216,179
11,Lichtenberg,316,electoral_district,3,86,Berlin-Ost,1912,1688,224,0,434,0,26,408,255,153,34,400,216,184
11,Lichtenberg,317,electoral_district,3,86,Berlin-Ost,1115,1028,87,0,284,5,46,238,153,85,28,256,149,107
11,Lichtenberg,318,electoral_district,3,86,Berlin-Ost,1197,1105,92,0,227,0,11,216,156,60,21,206,98,108
11,Lichtenberg,319,electoral_district,3,86,Berlin-Ost,1740,1593,147,0,316,1,25,291,197,94,19,297,151,146
11,Lichtenberg,320,electoral_district,3,86,Berlin-Ost,2023,1805,218,0,507,1,45,462,324,138,53,454,209,245
11,Lichtenberg,321,electoral_district,3,86,Berlin-Ost,1941,1725,216,0,587,0,68,519,344,175,81,506,273,233
11,Lichtenberg,3A,postal_voting_district,3,86,Berlin-Ost,0,0,0,0,535,535,28,507,284,223,32,503,302,201
11,Lichtenberg,3B,postal_voting_district,3,86,Berlin-Ost,0,0,0,0,547,547,39,508,300,208,38,509,307,202
11,Lichtenberg,3C,postal_voting_district,3,86,Berlin-Ost,0,0,0,0,623,623,28,595,257,338,33,590,346,244
11,Lichtenberg,3D,postal_voting_district,3,86,Berlin-Ost,0,0,0,0,630,630,65,565,303,262,55,575,386,189
11,Lichtenberg,3E,postal_voting_district,3,86,Berlin-Ost,0,0,0,0,601,601,87,514,313,201,63,538,312,226
11,Lichtenberg,401,electoral_district,4,86,Berlin-Ost,1934,1677,257,0,464,1,42,422,272,150,45,419,222,197
11,Lichtenberg,402,electoral_district,4,86,Berlin-Ost,1234,1104,130,0,349,2,13,336,246,90,24,325,131,194
11,Lichtenberg,403,electoral_district,4,86,Berlin-Ost,1660,1488,172,0,491,1,37,454,304,150,52,439,221,218
11,Lichtenberg,404,electoral_district,4,86,Berlin-Ost,1990,1694,296,0,598,0,55,543,349,194,60,538,289,249
11,Lichtenberg,405,electoral_district,4,86,Berlin-Ost,1716,1475,241,0,397,0,31,366,224,142,43,354,198,156
11,Lichtenberg,406,electoral_district,4,86,Berlin-Ost,1782,1586,196,0,476,2,36,440,281,159,43,433,227,206
11,Lichtenberg,407,electoral_district,4,86,Berlin-Ost,1369,1177,192,0,348,0,31,317,218,99,34,314,159,155
11,Lichtenberg,408,electoral_district,4,86,Berlin-Ost,1491,1322,169,0,392,1,33,359,228,131,23,369,184,185
11,Lichtenberg,409,electoral_district,4,86,Berlin-Ost,2189,1928,261,0,680,6,36,644,483,161,50,630,244,386
11,Lichtenberg,410,electoral_district,4,86,Berlin-Ost,1795,1605,190,0,527,2,33,494,372,122,50,477,198,279
11,Lichtenberg,411,electoral_district,4,86,Berlin-Ost,1396,1215,181,0,487,2,17,470,317,153,38,449,165,284
11,Lichtenberg,412,electoral_district,4,86,Berlin-Ost,2100,1836,264,0,718,1,35,683,466,217,41,677,300,377
11,Lichtenberg,413,electoral_district,4,86,Berlin-Ost,1313,1156,157,0,349,4,24,325,195,130,32,317,165,152
11,Lichtenberg,414,electoral_district,4,86,Berlin-Ost,2054,1864,190,0,681,3,39,642,417,225,48,633,322,311
11,Lichtenberg,415,electoral_district,4,86,Berlin-Ost,2012,1792,220,0,548,4,17,531,396,135,41,507,202,305
11,Lichtenberg,416,electoral_district,4,86,Berlin-Ost,1951,1744,207,0,553,2,20,533,383,150,46,507,218,289
11,Lichtenberg,417,electoral_district,4,86,Berlin-Ost,2040,1828,212,0,650,3,30,620,467,153,39,611,253,358
11,Lichtenberg,418,electoral_district,4,86,Berlin-Ost,1770,1510,260,0,548,1,43,505,300,205,65,483,246,237
11,Lichtenberg,419,electoral_district,4,86,Berlin-Ost,1549,1344,205,0,347,0,23,324,200,124,34,313,169,144
11,Lichtenberg,420,electoral_district,4,86,Berlin-Ost,1305,1139,166,0,428,1,43,385,272,113,43,385,166,219
11,Lichtenberg,421,electoral_district,4,86,Berlin-Ost,1312,1190,122,0,455,2,25,430,137,293,47,408,197,211
11,Lichtenberg,422,electoral_district,4,86,Berlin-Ost,1224,1070,154,0,307,0,18,289,189,100,26,281,133,148
11,Lichtenberg,4A,postal_voting_district,4,86,Berlin-Ost,0,0,0,0,707,707,61,646,384,262,57,650,409,241
11,Lichtenberg,4B,postal_voting_district,4,86,Berlin-Ost,0,0,0,0,652,652,50,602,354,248,55,597,348,249
11,Lichtenberg,4C,postal_voting_district,4,86,Berlin-Ost,0,0,0,0,768,768,38,730,472,258,46,722,228,494
11,Lichtenberg,4D,postal_voting_district,4,86,Berlin-Ost,0,0,0,0,637,637,30,607,401,206,36,601,309,292
11,Lichtenberg,4E,postal_voting_district,4,86,Berlin-Ost,0,0,0,0,484,484,41,443,197,246,40,444,256,188
11,Lichtenberg,4F,postal_voting_district,4,86,Berlin-Ost,0,0,0,0,479,479,26,453,306,147,35,444,221,223
11,Lichtenberg,501,electoral_district,5,86,Berlin-Ost,1332,1192,140,0,282,1,28,254,161,93,35,247,138,109
11,Lichtenberg,502,electoral_district,5,86,Berlin-Ost,1952,1766,186,0,464,0,36,428,296,132,42,422,226,196
11,Lichtenberg,503,electoral_district,5,86,Berlin-Ost,1024,940,84,0,253,1,19,234,163,71,27,226,109,117
11,Lichtenberg,504,electoral_district,5,86,Berlin-Ost,1909,1756,153,0,538,3,18,520,401,119,40,498,176,322
11,Lichtenberg,505,electoral_district,5,86,Berlin-Ost,1625,1473,152,0,381,2,19,362,244,118,29,352,168,184
11,Lichtenberg,506,electoral_district,5,86,Berlin-Ost,1985,1705,280,0,497,2,26,471,314,157,43,454,217,237
11,Lichtenberg,507,electoral_district,5,86,Berlin-Ost,1904,1714,190,0,520,0,48,472,315,157,59,461,235,226
11,Lichtenberg,508,electoral_district,5,86,Berlin-Ost,2112,1805,307,0,586,0,39,547,320,227,59,527,309,218
11,Lichtenberg,509,electoral_district,5,86,Berlin-Ost,1778,1620,158,0,429,2,44,385,278,107,48,381,203,178
11,Lichtenberg,510,electoral_district,5,86,Berlin-Ost,1811,1611,200,0,544,4,19,525,414,111,30,514,188,326
11,Lichtenberg,511,electoral_district,5,86,Berlin-Ost,1954,1726,228,0,535,2,27,508,357,151,48,487,205,282
11,Lichtenberg,512,electoral_district,5,86,Berlin-Ost,2419,2105,314,0,738,15,27,711,521,190,52,686,256,430
11,Lichtenberg,513,electoral_district,5,86,Berlin-Ost,2167,1872,295,0,595,1,19,576,419,157,38,557,225,332
11,Lichtenberg,514,electoral_district,5,86,Berlin-Ost,2188,1940,248,0,605,3,27,578,401,177,59,546,247,299
11,Lichtenberg,515,electoral_district,5,86,Berlin-Ost,2109,1831,278,0,614,2,64,550,350,200,78,536,291,245
11,Lichtenberg,516,electoral_district,5,86,Berlin-Ost,1531,1314,217,0,353,1,41,312,233,79,39,314,159,155
11,Lichtenberg,517,electoral_district,5,86,Berlin-Ost,1825,1560,265,0,744,12,14,730,582,148,35,709,181,528
11,Lichtenberg,518,electoral_district,5,86,Berlin-Ost,1128,989,139,0,412,7,10,402,319,83,17,395,104,291
11,Lichtenberg,519,electoral_district,5,86,Berlin-Ost,2063,1846,217,0,731,8,23,708,566,142,43,688,208,480
11,Lichtenberg,5A,postal_voting_district,5,86,Berlin-Ost,0,0,0,0,750,750,40,710,539,171,64,686,244,442
11,Lichtenberg,5B,postal_voting_district,5,86,Berlin-Ost,0,0,0,0,780,780,43,737,515,222,37,743,378,365
11,Lichtenberg,5C,postal_voting_district,5,86,Berlin-Ost,0,0,0,0,675,675,51,624,402,222,48,627,348,279
11,Lichtenberg,5D,postal_voting_district,5,86,Berlin-Ost,0,0,0,0,665,665,63,602,367,235,57,608,338,270
11,Lichtenberg,5E,postal_voting_district,5,86,Berlin-Ost,0,0,0,0,446,446,29,417,250,167,18,428,255,173
11,Lichtenberg,601,electoral_district,6,86,Berlin-Ost,2049,1803,246,0,624,0,76,548,360,188,104,520,277,243
11,Lichtenberg,602,electoral_district,6,86,Berlin-Ost,1689,1461,228,0,531,6,36,495,313,182,53,478,248,230
11,Lichtenberg,603,electoral_district,6,86,Berlin-Ost,1827,1636,191,0,489,1,42,447,289,158,61,428,225,203
11,Lichtenberg,604,electoral_district,6,86,Berlin-Ost,1795,1547,248,0,553,0,48,505,325,180,49,504,255,249
11,Lichtenberg,605,electoral_district,6,86,Berlin-Ost,1933,1648,285,0,485,2,78,407,211,196,78,407,196,211
11,Lichtenberg,606,electoral_district,6,86,Berlin-Ost,1879,1612,267,0,527,3,53,474,337,137,57,470,234,236
11,Lichtenberg,607,electoral_district,6,86,Berlin-Ost,986,886,100,0,251,1,31,220,139,81,35,216,126,90
11,Lichtenberg,608,electoral_district,6,86,Berlin-Ost,1717,1463,254,0,456,3,51,405,277,128,47,409,209,200
11,Lichtenberg,609,electoral_district,6,86,Berlin-Ost,1308,1180,128,0,358,0,24,334,241,93,37,321,166,155
11,Lichtenberg,610,electoral_district,6,86,Berlin-Ost,1671,1509,162,0,477,5,38,439,277,162,35,442,227,215
11,Lichtenberg,611,electoral_district,6,86,Berlin-Ost,1289,1098,191,0,451,2,19,432,303,129,20,431,183,248
11,Lichtenberg,612,electoral_district,6,86,Berlin-Ost,2002,1727,275,0,787,6,65,722,432,290,75,712,366,346
11,Lichtenberg,613,electoral_district,6,86,Berlin-Ost,1422,1236,186,0,538,3,25,513,366,147,45,493,195,298
11,Lichtenberg,614,electoral_district,6,86,Berlin-Ost,1174,993,181,0,482,1,21,461,284,177,27,455,215,240
11,Lichtenberg,615,electoral_district,6,86,Berlin-Ost,1623,1377,246,0,612,5,39,573,374,199,65,547,265,282
11,Lichtenberg,616,electoral_district,6,86,Berlin-Ost,2128,1765,363,0,834,14,35,799,549,250,63,771,304,467
11,Lichtenberg,617,electoral_district,6,86,Berlin-Ost,1221,1029,192,0,555,2,22,533,356,177,36,519,222,297
11,Lichtenberg,618,electoral_district,6,86,Berlin-Ost,1167,970,197,0,398,2,32,366,237,129,37,361,181,180
11,Lichtenberg,619,electoral_district,6,86,Berlin-Ost,2435,2102,333,0,1085,10,41,1044,602,442,43,1042,506,536
11,Lichtenberg,620,electoral_district,6,86,Berlin-Ost,1454,1210,244,0,567,4,31,536,345,191,37,530,248,282
11,Lichtenberg,621,electoral_district,6,86,Berlin-Ost,1029,884,145,0,465,3,20,445,286,159,33,432,205,227
11,Lichtenberg,622,electoral_district,6,86,Berlin-Ost,2071,1794,277,0,961,9,39,922,592,330,53,908,356,552
11,Lichtenberg,6A,postal_voting_district,6,86,Berlin-Ost,0,0,0,0,798,798,32,766,458,308,42,756,376,380
11,Lichtenberg,6B,postal_voting_district,6,86,Berlin-Ost,0,0,0,0,722,722,56,666,370,296,53,669,417,252
11,Lichtenberg,6C,postal_voting_district,6,86,Berlin-Ost,0,0,0,0,631,631,56,575,340,235,40,591,370,221
11,Lichtenberg,6D,postal_voting_district,6,86,Berlin-Ost,0,0,0,0,925,925,54,871,559,312,51,874,431,443
11,Lichtenberg,6E,postal_voting_district,6,86,Berlin-Ost,0,0,0,0,897,897,67,830,498,332,73,824,460,364
12,Reinickendorf,101,electoral_district,1,77,Berlin-West,1189,983,206,0,337,3,20,317,178,139,21,316,169,147
12,Reinickendorf,102,electoral_district,1,77,Berlin-West,946,864,82,0,232,0,21,211,149,62,19,213,105,108
12,Reinickendorf,103,electoral_district,1,77,Berlin-West,878,784,94,0,228,2,13,215,147,68,29,199,99,100
12,Reinickendorf,104,electoral_district,1,77,Berlin-West,916,833,83,0,221,0,10,211,145,66,21,200,93,107
12,Reinickendorf,105,electoral_district,1,77,Berlin-West,809,737,72,0,150,1,10,140,97,43,12,138,64,74
12,Reinickendorf,106,electoral_district,1,77,Berlin-West,1160,1079,81,0,290,0,25,265,191,74,24,266,136,130
12,Reinickendorf,107,electoral_district,1,77,Berlin-West,886,815,71,0,254,0,32,222,148,74,34,220,118,102
12,Reinickendorf,108,electoral_district,1,77,Berlin-West,1211,1102,109,0,387,0,43,344,229,115,61,326,185,141
12,Reinickendorf,109,electoral_district,1,77,Berlin-West,921,843,78,0,186,0,14,172,110,62,17,169,97,72
12,Reinickendorf,110,electoral_district,1,77,Berlin-West,898,798,100,0,213,0,16,197,148,49,26,187,105,82
12,Reinickendorf,111,electoral_district,1,77,Berlin-West,1178,1098,80,0,290,0,16,274,193,81,33,257,125,132
12,Reinickendorf,112,electoral_district,1,77,Berlin-West,1273,1039,234,0,378,3,27,351,213,138,41,337,187,150
12,Reinickendorf,113,electoral_district,1,77,Berlin-West,679,605,74,0,205,0,32,173,105,68,19,186,106,80
12,Reinickendorf,114,electoral_district,1,77,Berlin-West,1786,1651,135,0,324,0,33,291,201,90,38,286,174,112
12,Reinickendorf,115,electoral_district,1,77,Berlin-West,675,618,57,0,164,1,10,154,117,37,20,144,49,95
12,Reinickendorf,116,electoral_district,1,77,Berlin-West,1110,1020,90,0,274,1,12,262,186,76,16,258,122,136
12,Reinickendorf,117,electoral_district,1,77,Berlin-West,1643,1454,189,0,397,0,35,362,236,126,44,353,184,169
12,Reinickendorf,118,electoral_district,1,77,Berlin-West,1528,1396,132,0,311,0,42,269,181,88,36,275,158,117
12,Reinickendorf,119,electoral_district,1,77,Berlin-West,1358,1236,122,0,358,1,18,340,245,95,28,330,152,178
12,Reinickendorf,120,electoral_district,1,77,Berlin-West,1414,1288,126,0,350,1,18,332,236,96,33,317,161,156
12,Reinickendorf,121,electoral_district,1,77,Berlin-West,1071,963,108,0,241,1,15,226,160,66,23,218,109,109
12,Reinickendorf,122,electoral_district,1,77,Berlin-West,1546,1358,188,0,394,1,20,374,275,99,33,361,165,196
12,Reinickendorf,123,electoral_district,1,77,Berlin-West,1514,1357,157,0,301,0,23,278,189,89,28,273,122,151
12,Reinickendorf,124,electoral_district,1,77,Berlin-West,1058,945,113,0,208,0,13,195,145,50,26,182,83,99
12,Reinickendorf,125,electoral_district,1,77,Berlin-West,1159,1065,94,0,258,0,15,243,178,65,20,238,109,129
12,Reinickendorf,126,electoral_district,1,77,Berlin-West,1210,1090,120,0,279,0,18,261,173,88,26,253,125,128
12,Reinickendorf,1A,postal_voting_district,1,77,Berlin-West,0,0,0,0,478,478,29,449,275,174,36,442,264,178
12,Reinickendorf,1B,postal_voting_district,1,77,Berlin-West,0,0,0,0,464,464,30,434,268,166,39,425,274,151
12,Reinickendorf,1C,postal_voting_district,1,77,Berlin-West,0,0,0,0,438,438,34,404,234,170,45,393,229,164
12,Reinickendorf,1D,postal_voting_district,1,77,Berlin-West,0,0,0,0,363,363,19,344,210,134,36,327,210,117
12,Reinickendorf,1E,postal_voting_district,1,77,Berlin-West,0,0,0,0,488,488,56,432,262,170,34,454,274,180
12,Reinickendorf,1F,postal_voting_district,1,77,Berlin-West,0,0,0,0,424,424,32,392,253,139,39,385,241,144
12,Reinickendorf,201,electoral_district,2,77,Berlin-West,1188,1074,114,0,342,1,20,322,205,117,28,314,159,155
12,Reinickendorf,202,electoral_district,2,77,Berlin-West,1238,998,240,0,307,0,31,276,167,109,36,271,131,140
12,Reinickendorf,203,electoral_district,2,77,Berlin-West,1448,1175,273,0,469,0,33,436,242,194,33,436,221,215
12,Reinickendorf,204,electoral_district,2,77,Berlin-West,785,652,133,0,281,1,18,263,162,101,24,257,119,138
12,Reinickendorf,205,electoral_district,2,77,Berlin-West,805,677,128,0,285,2,17,268,169,99,31,254,148,106
12,Reinickendorf,206,electoral_district,2,77,Berlin-West,1094,906,188,0,316,0,19,297,174,123,31,285,149,136
12,Reinickendorf,207,electoral_district,2,77,Berlin-West,1514,1403,111,0,392,0,31,361,219,142,31,361,178,183
12,Reinickendorf,208,electoral_district,2,77,Berlin-West,1323,1235,88,0,276,0,25,251,154,97,28,248,137,111
12,Reinickendorf,209,electoral_district,2,77,Berlin-West,1296,1150,146,0,283,2,22,261,182,79,27,256,114,142
12,Reinickendorf,210,electoral_district,2,77,Berlin-West,1516,1315,201,0,355,0,16,339,231,108,29,326,143,183
12,Reinickendorf,211,electoral_district,2,77,Berlin-West,1250,1075,175,0,362,1,26,336,206,130,25,337,185,152
12,Reinickendorf,212,electoral_district,2,77,Berlin-West,1712,1450,262,0,405,0,37,368,213,155,49,356,217,139
12,Reinickendorf,213,electoral_district,2,77,Berlin-West,1623,1433,190,0,411,2,28,383,260,123,35,376,183,193
12,Reinickendorf,214,electoral_district,2,77,Berlin-West,1117,982,135,0,298,1,19,279,182,97,30,268,145,123
12,Reinickendorf,215,electoral_district,2,77,Berlin-West,1499,1346,153,0,400,0,27,373,233,140,33,367,187,180
12,Reinickendorf,216,electoral_district,2,77,Berlin-West,1624,1455,169,0,380,0,37,343,225,118,43,337,190,147
12,Reinickendorf,217,electoral_district,2,77,Berlin-West,1430,1323,107,0,350,2,18,332,214,118,38,312,158,154
12,Reinickendorf,218,electoral_district,2,77,Berlin-West,1058,949,109,0,181,0,15,166,110,56,21,160,69,91
12,Reinickendorf,219,electoral_district,2,77,Berlin-West,1204,1029,175,0,281,2,32,249,150,99,30,251,133,118
12,Reinickendorf,220,electoral_district,2,77,Berlin-West,1356,1274,82,0,279,1,13,266,201,65,22,257,123,134
12,Reinickendorf,221,electoral_district,2,77,Berlin-West,1538,1339,199,0,349,0,36,313,225,88,54,295,151,144
12,Reinickendorf,222,electoral_district,2,77,Berlin-West,1039,967,72,0,255,2,15,240,166,74,21,234,105,129
12,Reinickendorf,223,electoral_district,2,77,Berlin-West,608,525,83,0,240,0,25,215,112,103,26,214,136,78
12,Reinickendorf,224,electoral_district,2,77,Berlin-West,361,292,69,0,77,2,10,67,46,21,6,71,37,34
12,Reinickendorf,225,electoral_district,2,77,Berlin-West,1219,1037,182,0,359,2,22,337,197,140,42,317,158,159
12,Reinickendorf,2A,postal_voting_district,2,77,Berlin-West,0,0,0,0,472,472,29,443,294,149,37,435,261,174
12,Reinickendorf,2B,postal_voting_district,2,77,Berlin-West,0,0,0,0,458,458,21,437,264,173,23,435,232,203
12,Reinickendorf,2C,postal_voting_district,2,77,Berlin-West,0,0,0,0,460,460,27,433,257,176,21,439,252,187
12,Reinickendorf,2D,postal_voting_district,2,77,Berlin-West,0,0,0,0,338,338,23,315,193,122,26,312,172,140
12,Reinickendorf,2E,postal_voting_district,2,77,Berlin-West,0,0,0,0,382,382,26,356,197,159,36,346,209,137
12,Reinickendorf,2F,postal_voting_district,2,77,Berlin-West,0,0,0,0,369,369,22,347,208,139,25,344,203,141
12,Reinickendorf,2G,postal_voting_district,2,77,Berlin-West,0,0,0,0,375,375,20,355,222,133,19,356,218,138
12,Reinickendorf,2H,postal_voting_district,2,77,Berlin-West,0,0,0,0,443,443,24,419,272,147,43,400,221,179
12,Reinickendorf,301,electoral_district,3,77,Berlin-West,1515,1247,268,0,701,7,32,669,381,288,47,654,320,334
12,Reinickendorf,302,electoral_district,3,77,Berlin-West,977,802,175,0,366,0,27,339,209,130,33,333,156,177
12,Reinickendorf,303,electoral_district,3,77,Berlin-West,1150,988,162,0,439,1,32,407,252,155,53,386,190,196
12,Reinickendorf,304,electoral_district,3,77,Berlin-West,837,673,164,0,304,2,27,277,166,111,23,281,144,137
12,Reinickendorf,305,electoral_district,3,77,Berlin-West,1413,1113,300,0,596,0,37,559,346,213,39,557,263,294
12,Reinickendorf,306,electoral_district,3,77,Berlin-West,1370,1123,247,0,559,0,36,523,304,219,40,519,243,276
12,Reinickendorf,307,electoral_district,3,77,Berlin-West,1371,1149,222,0,634,1,43,591,364,227,59,575,260,315
12,Reinickendorf,308,electoral_district,3,77,Berlin-West,1308,1057,251,0,567,2,36,531,325,206,42,525,224,301
12,Reinickendorf,309,electoral_district,3,77,Berlin-West,1384,1163,221,0,537,4,39,498,319,179,67,470,207,263
12,Reinickendorf,310,electoral_district,3,77,Berlin-West,1118,950,168,0,443,0,21,422,257,165,25,418,210,208
12,Reinickendorf,311,electoral_district,3,77,Berlin-West,1257,992,265,0,497,3,34,463,282,181,47,450,212,238
12,Reinickendorf,312,electoral_district,3,77,Berlin-West,1420,1175,245,0,638,2,39,599,341,258,51,587,302,285
12,Reinickendorf,313,electoral_district,3,77,Berlin-West,1259,963,296,0,458,0,30,428,237,191,41,417,211,206
12,Reinickendorf,314,electoral_district,3,77,Berlin-West,1853,1508,345,0,713,6,69,644,357,287,65,648,379,269
12,Reinickendorf,315,electoral_district,3,77,Berlin-West,1228,944,284,0,488,0,44,444,245,199,39,449,236,213
12,Reinickendorf,316,electoral_district,3,77,Berlin-West,1630,1378,252,0,552,2,38,514,319,195,49,503,242,261
12,Reinickendorf,317,electoral_district,3,77,Berlin-West,1734,1484,250,0,603,3,50,553,326,227,68,535,298,237
12,Reinickendorf,318,electoral_district,3,77,Berlin-West,1205,991,214,0,558,0,39,519,273,246,44,514,279,235
12,Reinickendorf,319,electoral_district,3,77,Berlin-West,1626,1463,163,0,483,0,59,424,281,143,56,427,251,176
12,Reinickendorf,320,electoral_district,3,77,Berlin-West,974,894,80,0,241,0,21,220,153,67,40,201,108,93
12,Reinickendorf,321,electoral_district,3,77,Berlin-West,1326,1218,108,0,373,1,35,338,246,92,41,332,160,172
12,Reinickendorf,322,electoral_district,3,77,Berlin-West,1587,1423,164,0,455,0,36,419,266,153,47,408,208,200
12,Reinickendorf,323,electoral_district,3,77,Berlin-West,1122,902,220,0,492,1,42,450,223,227,50,442,247,195
12,Reinickendorf,324,electoral_district,3,77,Berlin-West,255,222,33,0,106,3,6,100,51,49,5,101,54,47
12,Reinickendorf,3A,postal_voting_district,3,77,Berlin-West,0,0,0,0,557,557,73,484,288,196,53,504,303,201
12,Reinickendorf,3B,postal_voting_district,3,77,Berlin-West,0,0,0,0,446,446,38,408,235,173,27,419,235,184
12,Reinickendorf,3C,postal_voting_district,3,77,Berlin-West,0,0,0,0,437,437,30,407,229,178,35,402,232,170
12,Reinickendorf,3D,postal_voting_district,3,77,Berlin-West,0,0,0,0,633,633,51,582,294,288,28,605,378,227
12,Reinickendorf,3E,postal_voting_district,3,77,Berlin-West,0,0,0,0,486,486,30,456,263,193,29,457,240,217
12,Reinickendorf,3F,postal_voting_district,3,77,Berlin-West,0,0,0,0,686,686,78,608,321,287,76,610,360,250
12,Reinickendorf,3G,postal_voting_district,3,77,Berlin-West,0,0,0,0,386,386,46,340,170,170,32,354,232,122
12,Reinickendorf,3H,postal_voting_district,3,77,Berlin-West,0,0,0,0,311,311,23,288,172,116,41,270,170,100
12,Reinickendorf,3I,postal_voting_district,3,77,Berlin-West,0,0,0,0,541,541,40,501,274,227,37,504,299,205
12,Reinickendorf,401,electoral_district,4,77,Berlin-West,1405,1160,245,0,608,7,36,572,349,223,54,554,268,286
12,Reinickendorf,402,electoral_district,4,77,Berlin-West,1224,1039,185,0,364,0,22,342,202,140,28,336,160,176
12,Reinickendorf,403,electoral_district,4,77,Berlin-West,782,611,171,0,301,0,21,280,160,120,20,281,141,140
12,Reinickendorf,404,electoral_district,4,77,Berlin-West,1622,1487,135,0,350,1,29,321,211,110,57,293,152,141
12,Reinickendorf,405,electoral_district,4,77,Berlin-West,1786,1598,188,0,510,2,39,471,311,160,44,466,259,207
12,Reinickendorf,406,electoral_district,4,77,Berlin-West,1760,1540,220,0,535,1,31,504,336,168,58,477,226,251
12,Reinickendorf,407,electoral_district,4,77,Berlin-West,1177,979,198,0,513,1,37,476,306,170,50,463,204,259
12,Reinickendorf,408,electoral_district,4,77,Berlin-West,1328,1119,209,0,541,3,45,496,314,182,29,512,240,272
12,Reinickendorf,409,electoral_district,4,77,Berlin-West,1151,990,161,0,422,3,26,396,226,170,40,382,213,169
12,Reinickendorf,410,electoral_district,4,77,Berlin-West,1145,1039,106,0,393,0,45,348,210,138,54,339,202,137
12,Reinickendorf,411,electoral_district,4,77,Berlin-West,846,723,123,0,252,0,17,235,150,85,35,217,108,109
12,Reinickendorf,412,electoral_district,4,77,Berlin-West,1636,1418,218,0,578,1,33,545,357,188,64,514,221,293
12,Reinickendorf,413,electoral_district,4,77,Berlin-West,1504,1217,287,0,554,2,44,510,296,214,45,509,257,252
12,Reinickendorf,414,electoral_district,4,77,Berlin-West,1469,1219,250,0,567,1,44,523,315,208,47,520,270,250
12,Reinickendorf,415,electoral_district,4,77,Berlin-West,1593,1373,220,0,505,4,25,480,307,173,45,460,212,248
12,Reinickendorf,416,electoral_district,4,77,Berlin-West,1834,1632,202,0,546,2,42,504,355,149,54,492,226,266
12,Reinickendorf,417,electoral_district,4,77,Berlin-West,1399,1144,255,0,537,0,52,485,278,207,58,479,256,223
12,Reinickendorf,418,electoral_district,4,77,Berlin-West,1261,1154,107,0,296,1,24,272,184,88,26,270,145,125
12,Reinickendorf,419,electoral_district,4,77,Berlin-West,1489,1276,213,0,426,0,30,396,240,156,48,378,218,160
12,Reinickendorf,420,electoral_district,4,77,Berlin-West,1048,929,119,0,336,0,31,305,204,101,33,303,156,147
12,Reinickendorf,421,electoral_district,4,77,Berlin-West,1056,922,134,0,393,1,23,370,240,130,30,363,175,188
12,Reinickendorf,422,electoral_district,4,77,Berlin-West,1649,1448,201,0,490,4,50,440,293,147,53,437,220,217
12,Reinickendorf,423,electoral_district,4,77,Berlin-West,1405,1219,186,0,430,0,26,404,259,145,39,391,198,193
12,Reinickendorf,424,electoral_district,4,77,Berlin-West,790,681,109,0,246,0,11,235,144,91,27,219,113,106
12,Reinickendorf,425,electoral_district,4,77,Berlin-West,1807,1616,191,0,699,3,44,655,434,221,71,628,292,336
12,Reinickendorf,426,electoral_district,4,77,Berlin-West,673,579,94,0,217,0,21,196,110,86,23,194,113,81
12,Reinickendorf,4A,postal_voting_district,4,77,Berlin-West,0,0,0,0,389,389,38,351,202,149,28,361,209,152
12,Reinickendorf,4B,postal_voting_district,4,77,Berlin-West,0,0,0,0,517,517,55,462,283,179,54,463,279,184
12,Reinickendorf,4C,postal_voting_district,4,77,Berlin-West,0,0,0,0,378,378,49,329,201,128,51,327,187,140
12,Reinickendorf,4D,postal_voting_district,4,77,Berlin-West,0,0,0,0,438,438,52,386,218,168,46,392,243,149
12,Reinickendorf,4E,postal_voting_district,4,77,Berlin-West,0,0,0,0,565,565,61,504,317,187,89,476,268,208
12,Reinickendorf,4F,postal_voting_district,4,77,Berlin-West,0,0,0,0,564,564,66,498,287,211,58,506,307,199
12,Reinickendorf,4G,postal_voting_district,4,77,Berlin-West,0,0,0,0,409,409,27,382,232,150,41,368,212,156
12,Reinickendorf,4H,postal_voting_district,4,77,Berlin-West,0,0,0,0,590,590,43,547,328,219,41,549,305,244
12,Reinickendorf,4I,postal_voting_district,4,77,Berlin-West,0,0,0,0,361,361,46,315,184,131,39,322,205,117
12,Reinickendorf,501,electoral_district,5,77,Berlin-West,862,719,143,0,382,1,20,362,206,156,39,343,173,170
12,Reinickendorf,502,electoral_district,5,77,Berlin-West,1249,1032,217,0,514,4,37,477,288,189,57,457,232,225
12,Reinickendorf,503,electoral_district,5,77,Berlin-West,1777,1520,257,0,686,2,64,622,402,220,75,611,290,321
12,Reinickendorf,504,electoral_district,5,77,Berlin-West,1263,1157,106,0,251,2,17,234,132,102,36,215,115,100
12,Reinickendorf,505,electoral_district,5,77,Berlin-West,880,748,132,0,242,0,30,212,135,77,27,215,106,109
12,Reinickendorf,506,electoral_district,5,77,Berlin-West,709,644,65,0,167,0,12,155,97,58,24,143,73,70
12,Reinickendorf,507,electoral_district,5,77,Berlin-West,803,716,87,0,177,0,18,159,101,58,21,156,93,63
12,Reinickendorf,508,electoral_district,5,77,Berlin-West,625,598,27,0,118,0,9,109,72,37,17,101,54,47
12,Reinickendorf,509,electoral_district,5,77,Berlin-West,872,825,47,0,155,0,13,142,81,61,15,140,80,60
12,Reinickendorf,510,electoral_district,5,77,Berlin-West,724,685,39,0,147,0,12,135,100,35,25,122,53,69
12,Reinickendorf,511,electoral_district,5,77,Berlin-West,878,822,56,0,160,0,10,150,87,63,20,140,86,54
12,Reinickendorf,512,electoral_district,5,77,Berlin-West,982,879,103,0,229,0,25,204,124,80,25,204,119,85
12,Reinickendorf,513,electoral_district,5,77,Berlin-West,1493,1389,104,0,284,1,20,264,168,96,31,253,152,101
12,Reinickendorf,514,electoral_district,5,77,Berlin-West,1318,1190,128,0,242,0,15,227,144,83,27,215,123,92
12,Reinickendorf,515,electoral_district,5,77,Berlin-West,847,791,56,0,167,0,12,155,94,61,20,147,92,55
12,Reinickendorf,516,electoral_district,5,77,Berlin-West,1245,1175,70,0,268,4,24,244,171,73,37,231,119,112
12,Reinickendorf,517,electoral_district,5,77,Berlin-West,930,847,83,0,206,0,11,195,137,58,30,176,87,89
12,Reinickendorf,518,electoral_district,5,77,Berlin-West,1007,882,125,0,311,2,26,285,176,109,32,279,153,126
12,Reinickendorf,519,electoral_district,5,77,Berlin-West,1130,1010,120,0,309,0,24,285,169,116,34,275,160,115
12,Reinickendorf,520,electoral_district,5,77,Berlin-West,1027,919,108,0,173,1,13,160,115,45,23,150,83,67
12,Reinickendorf,521,electoral_district,5,77,Berlin-West,1104,930,174,0,315,0,23,292,184,108,35,280,139,141
12,Reinickendorf,522,electoral_district,5,77,Berlin-West,766,704,62,0,151,0,13,138,82,56,19,132,74,58
12,Reinickendorf,523,electoral_district,5,77,Berlin-West,1074,1000,74,0,222,0,19,203,137,66,39,183,119,64
12,Reinickendorf,524,electoral_district,5,77,Berlin-West,1107,1032,75,0,234,1,13,221,151,70,24,210,106,104
12,Reinickendorf,525,electoral_district,5,77,Berlin-West,827,708,119,0,317,0,15,302,222,80,34,283,159,124
12,Reinickendorf,526,electoral_district,5,77,Berlin-West,1404,1319,85,0,308,0,21,287,175,112,29,279,165,114
12,Reinickendorf,5A,postal_voting_district,5,77,Berlin-West,0,0,0,0,434,434,35,399,210,189,35,399,260,139
12,Reinickendorf,5B,postal_voting_district,5,77,Berlin-West,0,0,0,0,447,447,43,404,210,194,44,403,248,155
12,Reinickendorf,5C,postal_voting_district,5,77,Berlin-West,0,0,0,0,401,401,40,361,207,154,29,372,240,132
12,Reinickendorf,5D,postal_voting_district,5,77,Berlin-West,0,0,0,0,573,573,71,502,278,224,43,530,334,196
12,Reinickendorf,5E,postal_voting_district,5,77,Berlin-West,0,0,0,0,410,410,35,375,220,155,33,377,230,147
12,Reinickendorf,601,electoral_district,6,77,Berlin-West,281,261,20,0,127,1,12,115,81,34,20,107,53,54
12,Reinickendorf,602,electoral_district,6,77,Berlin-West,1330,1033,297,0,636,0,35,601,338,263,43,593,314,279
12,Reinickendorf,603,electoral_district,6,77,Berlin-West,1221,984,237,0,502,3,35,467,283,184,42,460,225,235
12,Reinickendorf,604,electoral_district,6,77,Berlin-West,1046,862,184,0,523,1,49,474,237,237,30,493,273,220
12,Reinickendorf,605,electoral_district,6,77,Berlin-West,948,721,227,0,420,6,40,380,218,162,36,384,192,192
12,Reinickendorf,606,electoral_district,6,77,Berlin-West,1219,968,251,0,597,7,39,558,310,248,54,543,292,251
12,Reinickendorf,607,electoral_district,6,77,Berlin-West,1013,787,226,0,412,4,28,384,214,170,42,370,197,173
12,Reinickendorf,608,electoral_district,6,77,Berlin-West,770,625,145,0,366,6,33,333,151,182,26,340,194,146
12,Reinickendorf,609,electoral_district,6,77,Berlin-West,1408,1100,308,0,646,0,52,594,331,263,41,605,294,311
12,Reinickendorf,610,electoral_district,6,77,Berlin-West,1005,780,225,0,460,7,26,434,248,186,38,422,192,230
12,Reinickendorf,611,electoral_district,6,77,Berlin-West,842,629,213,0,361,4,22,339,197,142,36,325,160,165
12,Reinickendorf,612,electoral_district,6,77,Berlin-West,1095,810,285,0,412,4,31,381,212,169,24,388,192,196
12,Reinickendorf,613,electoral_district,6,77,Berlin-West,1119,854,265,0,483,0,35,448,252,196,36,447,231,216
12,Reinickendorf,614,electoral_district,6,77,Berlin-West,1422,1096,326,0,528,4,51,477,286,191,53,475,242,233
12,Reinickendorf,615,electoral_district,6,77,Berlin-West,1764,1376,388,0,728,8,51,677,404,273,69,659,339,320
12,Reinickendorf,616,electoral_district,6,77,Berlin-West,1438,1121,317,0,637,4,37,600,335,265,75,562,278,284
12,Reinickendorf,617,electoral_district,6,77,Berlin-West,1079,843,236,0,454,2,39,415,250,165,48,406,209,197
12,Reinickendorf,618,electoral_district,6,77,Berlin-West,1647,1297,350,0,630,3,13,617,287,330,13,617,306,311
12,Reinickendorf,619,electoral_district,6,77,Berlin-West,1449,1130,319,0,632,2,45,587,355,232,41,591,286,305
12,Reinickendorf,620,electoral_district,6,77,Berlin-West,1017,781,236,0,448,5,32,416,248,168,38,410,198,212
12,Reinickendorf,621,electoral_district,6,77,Berlin-West,937,738,199,0,404,3,39,365,197,168,38,366,178,188
12,Reinickendorf,622,electoral_district,6,77,Berlin-West,1091,859,232,0,489,1,46,443,248,195,44,445,239,206
12,Reinickendorf,623,electoral_district,6,77,Berlin-West,912,708,204,0,445,2,38,407,222,185,48,397,199,198
12,Reinickendorf,624,electoral_district,6,77,Berlin-West,1217,1005,212,0,540,0,35,505,293,212,33,507,255,252
12,Reinickendorf,625,electoral_district,6,77,Berlin-West,1114,944,170,0,475,0,30,445,284,161,46,429,197,232
12,Reinickendorf,6A,postal_voting_district,6,77,Berlin-West,0,0,0,0,450,450,49,401,227,174,46,404,242,162
12,Reinickendorf,6B,postal_voting_district,6,77,Berlin-West,0,0,0,0,617,617,64,553,286,267,77,540,348,192
12,Reinickendorf,6C,postal_voting_district,6,77,Berlin-West,0,0,0,0,511,511,62,449,212,237,56,455,286,169
12,Reinickendorf,6D,postal_voting_district,6,77,Berlin-West,0,0,0,0,503,503,23,480,267,213,39,464,277,187
12,Reinickendorf,6E,postal_voting_district,6,77,Berlin-West,0,0,0,0,442,442,26,416,234,182,43,399,232,167
12,Reinickendorf,6F,postal_voting_district,6,77,Berlin-West,0,0,0,0,443,443,20,423,230,193,20,423,244,179
12,Reinickendorf,6G,postal_voting_district,6,77,Berlin-West,0,0,0,0,623,623,87,536,315,221,70,553,310,243
12,Reinickendorf,6H,postal_voting_district,6,77,Berlin-West,0,0,0,0,563,563,45,518,288,230,44,519,323,196
12,Reinickendorf,6I,postal_voting_district,6,77,Berlin-West,0,0,0,0,560,560,62,498,264,234,61,499,296,203
12,Reinickendorf,6J,postal_voting_district,6,77,Berlin-West,0,0,0,0,548,548,53,495,275,220,32,516,312,204
