district_id,district_name,electoral_district_id,electoral_district_type,eligible_voters,eligible_voters_a1,eligible_voters_a2,eligible_voters_a3,voters,voters_b1,invalid_votes,valid_votes,vote_yes,vote_no
01,Mitte,1A ,postal_voting_district,0,0,0,0,521,521,1,520,293,227
01,Mitte,1B ,postal_voting_district,0,0,0,0,541,541,1,540,333,207
01,Mitte,1C ,postal_voting_district,0,0,0,0,539,539,2,537,310,227
01,Mitte,1D ,postal_voting_district,0,0,0,0,544,544,2,542,306,236
01,Mitte,1E ,postal_voting_district,0,0,0,0,544,544,2,542,353,189
01,Mitte,1F ,postal_voting_district,0,0,0,0,1097,1097,1,1096,676,420
01,Mitte,1G ,postal_voting_district,0,0,0,0,1053,1053,0,1053,632,421
01,Mitte,1H ,postal_voting_district,0,0,0,0,1091,1091,1,1090,664,426
01,Mitte,1J ,postal_voting_district,0,0,0,0,1101,1101,1,1100,669,431
01,Mitte,1K ,postal_voting_district,0,0,0,0,1095,1095,1,1094,711,383
01,Mitte,1L ,postal_voting_district,0,0,0,0,1082,1082,4,1078,663,415
01,Mitte,1M ,postal_voting_district,0,0,0,0,1067,1067,1,1066,657,409
01,Mitte,1N ,postal_voting_district,0,0,0,0,1093,1093,1,1092,677,415
01,Mitte,1O ,postal_voting_district,0,0,0,0,1080,1080,2,1078,674,404
01,Mitte,1P ,postal_voting_district,0,0,0,0,1072,1072,1,1071,677,394
01,Mitte,1Q ,postal_voting_district,0,0,0,0,543,543,1,542,353,189
01,Mitte,1R ,postal_voting_district,0,0,0,0,544,544,1,543,306,237
01,Mitte,1S ,postal_voting_district,0,0,0,0,539,539,1,538,310,228
01,Mitte,1T ,postal_voting_district,0,0,0,0,541,541,0,541,333,208
01,Mitte,1U ,postal_voting_district,0,0,0,0,521,521,0,521,293,228
01,Mitte,100,electoral_district,3071,2814,257,0,594,1,2,592,291,301
01,Mitte,101,electoral_district,2429,2096,333,0,533,4,3,530,281,249
01,Mitte,105,electoral_district,3960,3565,395,0,882,1,2,880,410,470
01,Mitte,107,electoral_district,3531,3226,305,0,744,5,1,743,274,469
01,Mitte,111,electoral_district,2213,2021,192,0,540,7,2,538,183,355
01,Mitte,112,electoral_district,2396,2217,179,0,558,6,1,557,198,359
01,Mitte,115,electoral_district,3153,2862,291,0,632,2,2,630,244,386
01,Mitte,118,electoral_district,2499,2248,251,0,532,4,0,532,247,285
01,Mitte,120,electoral_district,3512,3313,199,0,817,0,4,813,615,198
01,Mitte,121,electoral_district,2958,2689,269,0,589,6,3,586,283,303
01,Mitte,129,electoral_district,3031,2852,179,0,566,1,2,564,398,166
01,Mitte,200,electoral_district,2117,1839,278,0,537,7,1,536,261,275
01,Mitte,202,electoral_district,3393,2907,486,0,737,3,0,737,313,424
01,Mitte,205,electoral_district,2979,2620,359,0,637,4,2,635,236,399
01,Mitte,207,electoral_district,3147,2609,538,0,556,0,1,555,231,324
01,Mitte,209,electoral_district,3996,3633,363,0,723,3,7,716,292,424
01,Mitte,212,electoral_district,3477,2932,545,0,676,3,1,675,186,489
01,Mitte,214,electoral_district,3099,2677,422,0,609,2,1,608,189,419
01,Mitte,217,electoral_district,2240,1932,308,0,471,0,2,469,176,293
01,Mitte,219,electoral_district,3303,2894,409,0,859,0,2,857,301,556
01,Mitte,221,electoral_district,3930,3512,418,0,876,2,3,873,246,627
01,Mitte,300,electoral_district,3173,2887,286,0,904,4,1,903,604,299
01,Mitte,302,electoral_district,2838,2466,372,0,753,2,2,751,501,250
01,Mitte,305,electoral_district,3105,2691,414,0,916,1,4,912,474,438
01,Mitte,307,electoral_district,2578,2340,238,0,631,0,5,626,368,258
01,Mitte,308,electoral_district,1978,1785,193,0,372,0,1,371,235,136
01,Mitte,312,electoral_district,2375,2088,287,0,724,1,2,722,369,353
01,Mitte,315,electoral_district,2305,1989,316,0,740,4,2,738,450,288
01,Mitte,317,electoral_district,3717,3196,521,0,1126,6,4,1122,728,394
01,Mitte,321,electoral_district,2390,2043,347,0,627,1,0,627,445,182
01,Mitte,323,electoral_district,2146,1945,201,0,533,3,0,533,336,197
01,Mitte,325,electoral_district,2460,2198,262,0,480,1,0,480,290,190
01,Mitte,327,electoral_district,2798,2546,252,0,521,3,3,518,335,183
01,Mitte,400,electoral_district,3083,2901,182,0,651,1,5,646,430,216
01,Mitte,403,electoral_district,2556,2315,241,0,614,0,1,613,354,259
01,Mitte,404,electoral_district,2418,2223,195,0,551,0,0,551,328,223
01,Mitte,405,electoral_district,1858,1712,146,0,477,1,4,473,323,150
01,Mitte,409,electoral_district,3035,2746,289,0,714,0,1,713,402,311
01,Mitte,414,electoral_district,1926,1772,154,0,392,0,0,392,252,140
01,Mitte,415,electoral_district,2749,2519,230,0,604,0,3,601,400,201
01,Mitte,416,electoral_district,3317,3091,226,0,810,0,2,808,482,326
01,Mitte,421,electoral_district,2591,2389,202,0,576,0,1,575,321,254
01,Mitte,425,electoral_district,2563,2349,214,0,557,0,2,555,342,213
01,Mitte,427,electoral_district,2690,2483,207,0,581,2,3,578,300,278
01,Mitte,431,electoral_district,2887,2705,182,0,520,1,4,516,293,223
01,Mitte,500,electoral_district,3170,2886,284,0,856,3,0,856,656,200
01,Mitte,504,electoral_district,3044,2789,255,0,710,0,1,709,508,201
01,Mitte,505,electoral_district,2653,2344,309,0,922,1,0,922,656,266
01,Mitte,508,electoral_district,2252,2019,233,0,613,0,2,611,435,176
01,Mitte,510,electoral_district,2218,2046,172,0,544,0,0,544,460,84
01,Mitte,512,electoral_district,2062,1904,158,0,549,2,0,549,391,158
01,Mitte,513,electoral_district,2497,2283,214,0,476,1,3,473,344,129
01,Mitte,516,electoral_district,2992,2759,233,0,769,0,4,765,506,259
01,Mitte,519,electoral_district,2371,2163,208,0,739,0,2,737,504,233
01,Mitte,522,electoral_district,2315,2141,174,0,451,0,0,451,325,126
01,Mitte,524,electoral_district,1892,1790,102,0,382,2,1,381,208,173
01,Mitte,528,electoral_district,2906,2718,188,0,657,2,0,657,400,257
01,Mitte,600,electoral_district,2060,1890,170,0,431,2,2,429,310,119
01,Mitte,601,electoral_district,2678,2549,129,0,414,0,0,414,269,145
01,Mitte,602,electoral_district,1895,1780,115,0,527,1,0,527,330,197
01,Mitte,603,electoral_district,2708,2493,215,0,505,0,1,504,379,125
01,Mitte,605,electoral_district,2733,2572,161,0,474,1,0,474,254,220
01,Mitte,612,electoral_district,1962,1871,91,0,385,2,1,384,237,147
01,Mitte,613,electoral_district,2950,2786,164,0,534,0,2,532,346,186
01,Mitte,617,electoral_district,2082,1938,144,0,345,0,0,345,226,119
01,Mitte,620,electoral_district,1936,1761,175,0,277,0,0,277,186,91
01,Mitte,623,electoral_district,2753,2590,163,0,508,1,1,507,342,165
01,Mitte,624,electoral_district,2115,1989,126,0,389,0,0,389,266,123
01,Mitte,627,electoral_district,2706,2596,110,0,462,1,1,461,313,148
01,Mitte,632,electoral_district,2260,2097,163,0,556,0,2,554,348,206
01,Mitte,634,electoral_district,2429,2322,107,0,453,1,2,451,257,194
02,Friedrichshain-Kreuzberg,1A ,postal_voting_district,0,0,0,0,686,686,2,684,349,335
02,Friedrichshain-Kreuzberg,1B ,postal_voting_district,0,0,0,0,810,810,1,809,399,410
02,Friedrichshain-Kreuzberg,1C ,postal_voting_district,0,0,0,0,853,853,0,853,386,467
02,Friedrichshain-Kreuzberg,1D ,postal_voting_district,0,0,0,0,793,793,4,789,339,450
02,Friedrichshain-Kreuzberg,1E ,postal_voting_district,0,0,0,0,803,803,1,802,326,476
02,Friedrichshain-Kreuzberg,1F ,postal_voting_district,0,0,0,0,693,693,3,690,304,386
02,Friedrichshain-Kreuzberg,1G ,postal_voting_district,0,0,0,0,690,690,1,689,300,389
02,Friedrichshain-Kreuzberg,1H ,postal_voting_district,0,0,0,0,788,788,3,785,351,434
02,Friedrichshain-Kreuzberg,1J ,postal_voting_district,0,0,0,0,683,683,0,683,279,404
02,Friedrichshain-Kreuzberg,1K ,postal_voting_district,0,0,0,0,656,656,3,653,278,375
02,Friedrichshain-Kreuzberg,1L ,postal_voting_district,0,0,0,0,674,674,0,674,282,392
02,Friedrichshain-Kreuzberg,1M ,postal_voting_district,0,0,0,0,682,682,3,679,277,402
02,Friedrichshain-Kreuzberg,1N ,postal_voting_district,0,0,0,0,688,688,1,687,262,425
02,Friedrichshain-Kreuzberg,1O ,postal_voting_district,0,0,0,0,678,678,2,676,295,381
02,Friedrichshain-Kreuzberg,1P ,postal_voting_district,0,0,0,0,682,682,0,682,271,411
02,Friedrichshain-Kreuzberg,1Q ,postal_voting_district,0,0,0,0,683,683,2,681,288,393
02,Friedrichshain-Kreuzberg,101,electoral_district,1915,1815,100,0,372,1,5,367,204,163
02,Friedrichshain-Kreuzberg,102,electoral_district,982,908,74,0,201,0,0,201,120,81
02,Friedrichshain-Kreuzberg,103,electoral_district,705,655,50,0,170,2,0,170,119,51
02,Friedrichshain-Kreuzberg,104,electoral_district,943,858,85,0,212,0,0,212,120,92
02,Friedrichshain-Kreuzberg,105,electoral_district,3476,3103,373,0,982,3,2,980,486,494
02,Friedrichshain-Kreuzberg,106,electoral_district,2602,2287,315,0,819,3,3,816,408,408
02,Friedrichshain-Kreuzberg,107,electoral_district,1412,1233,179,0,474,1,2,472,237,235
02,Friedrichshain-Kreuzberg,108,electoral_district,3730,3330,400,0,1244,6,1,1243,612,631
02,Friedrichshain-Kreuzberg,109,electoral_district,977,874,103,0,344,0,0,344,127,217
02,Friedrichshain-Kreuzberg,110,electoral_district,2330,2083,247,0,759,0,1,758,275,483
02,Friedrichshain-Kreuzberg,111,electoral_district,2339,2123,216,0,761,0,3,758,335,423
02,Friedrichshain-Kreuzberg,112,electoral_district,2531,2317,214,0,811,2,2,809,355,454
02,Friedrichshain-Kreuzberg,113,electoral_district,1257,1172,85,0,318,2,0,318,261,57
02,Friedrichshain-Kreuzberg,114,electoral_district,921,834,87,0,193,0,0,193,133,60
02,Friedrichshain-Kreuzberg,115,electoral_district,1944,1791,153,0,457,0,3,454,300,154
02,Friedrichshain-Kreuzberg,116,electoral_district,1002,924,78,0,180,0,0,180,140,40
02,Friedrichshain-Kreuzberg,117,electoral_district,3007,2755,252,0,769,0,1,768,533,235
02,Friedrichshain-Kreuzberg,118,electoral_district,916,870,46,0,241,0,1,240,158,82
02,Friedrichshain-Kreuzberg,119,electoral_district,1120,999,121,0,385,0,1,384,192,192
02,Friedrichshain-Kreuzberg,120,electoral_district,3198,2890,308,0,1054,5,3,1051,402,649
02,Friedrichshain-Kreuzberg,121,electoral_district,1129,1007,122,0,431,0,2,429,148,281
02,Friedrichshain-Kreuzberg,122,electoral_district,1057,906,151,0,326,1,0,326,142,184
02,Friedrichshain-Kreuzberg,123,electoral_district,1880,1691,189,0,650,1,3,647,310,337
02,Friedrichshain-Kreuzberg,124,electoral_district,2345,2112,233,0,733,2,5,728,292,436
02,Friedrichshain-Kreuzberg,125,electoral_district,3211,2951,260,0,749,2,2,747,292,455
02,Friedrichshain-Kreuzberg,126,electoral_district,1102,1002,100,0,278,0,1,277,93,184
02,Friedrichshain-Kreuzberg,127,electoral_district,1374,1231,143,0,406,2,0,406,117,289
02,Friedrichshain-Kreuzberg,128,electoral_district,775,738,37,0,154,0,0,154,51,103
02,Friedrichshain-Kreuzberg,129,electoral_district,1029,924,105,0,286,2,0,286,112,174
02,Friedrichshain-Kreuzberg,130,electoral_district,1990,1852,138,0,417,0,1,416,230,186
02,Friedrichshain-Kreuzberg,131,electoral_district,1687,1559,128,0,421,0,0,421,343,78
02,Friedrichshain-Kreuzberg,132,electoral_district,1027,952,75,0,200,0,0,200,96,104
02,Friedrichshain-Kreuzberg,133,electoral_district,1063,1002,61,0,279,0,1,278,234,44
02,Friedrichshain-Kreuzberg,134,electoral_district,2251,2123,128,0,454,1,2,452,141,311
02,Friedrichshain-Kreuzberg,135,electoral_district,1065,1009,56,0,222,1,1,221,75,146
02,Friedrichshain-Kreuzberg,136,electoral_district,1212,1137,75,0,302,0,0,302,136,166
02,Friedrichshain-Kreuzberg,137,electoral_district,1304,1192,112,0,315,0,2,313,101,212
02,Friedrichshain-Kreuzberg,138,electoral_district,3152,2931,221,0,748,2,3,745,246,499
02,Friedrichshain-Kreuzberg,139,electoral_district,1148,1042,106,0,317,1,0,317,102,215
02,Friedrichshain-Kreuzberg,140,electoral_district,1801,1693,108,0,444,0,0,444,193,251
02,Friedrichshain-Kreuzberg,141,electoral_district,2505,2314,191,0,682,1,4,678,217,461
02,Friedrichshain-Kreuzberg,142,electoral_district,2256,2084,172,0,534,0,4,530,255,275
02,Friedrichshain-Kreuzberg,143,electoral_district,1397,1305,92,0,332,2,2,330,107,223
02,Friedrichshain-Kreuzberg,144,electoral_district,2296,2150,146,0,538,4,0,538,136,402
02,Friedrichshain-Kreuzberg,145,electoral_district,1025,976,49,0,227,3,2,225,84,141
02,Friedrichshain-Kreuzberg,146,electoral_district,2191,2067,124,0,527,0,1,526,173,353
02,Friedrichshain-Kreuzberg,147,electoral_district,626,592,34,0,205,3,0,205,75,130
02,Friedrichshain-Kreuzberg,148,electoral_district,987,901,86,0,280,1,0,280,110,170
02,Friedrichshain-Kreuzberg,149,electoral_district,2110,1970,140,0,409,2,0,409,117,292
02,Friedrichshain-Kreuzberg,150,electoral_district,1218,1167,51,0,206,0,1,205,74,131
02,Friedrichshain-Kreuzberg,151,electoral_district,1248,1182,66,0,227,0,1,226,89,137
02,Friedrichshain-Kreuzberg,152,electoral_district,898,837,61,0,181,0,0,181,58,123
02,Friedrichshain-Kreuzberg,153,electoral_district,2200,2062,138,0,477,2,0,477,140,337
02,Friedrichshain-Kreuzberg,154,electoral_district,1358,1237,121,0,264,0,3,261,89,172
02,Friedrichshain-Kreuzberg,155,electoral_district,1417,1333,84,0,257,0,1,256,94,162
02,Friedrichshain-Kreuzberg,156,electoral_district,2505,2220,285,0,505,0,2,503,160,343
02,Friedrichshain-Kreuzberg,157,electoral_district,1104,1002,102,0,228,1,0,228,73,155
02,Friedrichshain-Kreuzberg,158,electoral_district,1231,1150,81,0,308,0,0,308,101,207
02,Friedrichshain-Kreuzberg,159,electoral_district,1947,1782,165,0,525,0,0,525,153,372
02,Friedrichshain-Kreuzberg,160,electoral_district,1354,1239,115,0,345,4,0,345,92,253
02,Friedrichshain-Kreuzberg,161,electoral_district,1298,1205,93,0,295,1,1,294,73,221
02,Friedrichshain-Kreuzberg,162,electoral_district,3878,3640,238,0,723,1,2,721,180,541
02,Friedrichshain-Kreuzberg,163,electoral_district,1120,1059,61,0,234,1,0,234,65,169
02,Friedrichshain-Kreuzberg,164,electoral_district,5451,5069,382,0,1228,6,3,1225,297,928
02,Friedrichshain-Kreuzberg,165,electoral_district,2400,2238,162,0,468,0,0,468,143,325
02,Friedrichshain-Kreuzberg,166,electoral_district,4049,3842,207,0,898,3,6,892,209,683
02,Friedrichshain-Kreuzberg,167,electoral_district,2332,2182,150,0,500,1,0,500,137,363
02,Friedrichshain-Kreuzberg,168,electoral_district,3714,3497,217,0,711,0,4,707,185,522
02,Friedrichshain-Kreuzberg,169,electoral_district,1401,1332,69,0,300,0,0,300,78,222
02,Friedrichshain-Kreuzberg,170,electoral_district,2548,2383,165,0,493,22,2,491,163,328
02,Friedrichshain-Kreuzberg,171,electoral_district,1393,1298,95,0,265,0,0,265,76,189
02,Friedrichshain-Kreuzberg,172,electoral_district,4042,3783,259,0,723,2,1,722,196,526
02,Friedrichshain-Kreuzberg,173,electoral_district,3844,3535,309,0,739,1,5,734,188,546
02,Friedrichshain-Kreuzberg,174,electoral_district,1425,1337,88,0,259,0,1,258,84,174
02,Friedrichshain-Kreuzberg,175,electoral_district,2477,2329,148,0,511,0,0,511,140,371
02,Friedrichshain-Kreuzberg,176,electoral_district,3519,3318,201,0,632,0,1,631,195,436
02,Friedrichshain-Kreuzberg,177,electoral_district,2784,2632,152,0,502,0,0,502,154,348
02,Friedrichshain-Kreuzberg,178,electoral_district,1200,1106,94,0,284,0,1,283,99,184
02,Friedrichshain-Kreuzberg,179,electoral_district,1280,1205,75,0,309,2,2,307,96,211
02,Friedrichshain-Kreuzberg,180,electoral_district,4117,3785,332,0,791,2,2,789,230,559
02,Friedrichshain-Kreuzberg,181,electoral_district,915,841,74,0,242,0,2,240,63,177
02,Friedrichshain-Kreuzberg,182,electoral_district,1294,1187,107,0,287,0,3,284,96,188
02,Friedrichshain-Kreuzberg,183,electoral_district,2455,2273,182,0,500,0,1,499,144,355
02,Friedrichshain-Kreuzberg,184,electoral_district,1248,1147,101,0,320,0,1,319,90,229
02,Friedrichshain-Kreuzberg,185,electoral_district,2427,2170,257,0,555,0,1,554,163,391
02,Friedrichshain-Kreuzberg,186,electoral_district,2061,1891,170,0,446,1,3,443,99,344
02,Friedrichshain-Kreuzberg,187,electoral_district,2381,2154,227,0,406,0,1,405,115,290
03,Pankow,1A ,postal_voting_district,0,0,0,0,1300,1300,0,1300,485,815
03,Pankow,1B ,postal_voting_district,0,0,0,0,1240,1240,1,1239,449,790
03,Pankow,2A ,postal_voting_district,0,0,0,0,1218,1218,2,1216,446,770
03,Pankow,2B ,postal_voting_district,0,0,0,0,1254,1254,1,1253,432,821
03,Pankow,3B ,postal_voting_district,0,0,0,0,1414,1414,1,1413,483,930
03,Pankow,4A ,postal_voting_district,0,0,0,0,1109,1109,1,1108,389,719
03,Pankow,5B ,postal_voting_district,0,0,0,0,1216,1216,0,1216,403,813
03,Pankow,6A ,postal_voting_district,0,0,0,0,1318,1318,2,1316,461,855
03,Pankow,6B ,postal_voting_district,0,0,0,0,1243,1243,0,1243,433,810
03,Pankow,7A ,postal_voting_district,0,0,0,0,1191,1191,1,1190,454,736
03,Pankow,7B ,postal_voting_district,0,0,0,0,1188,1188,0,1188,447,741
03,Pankow,8A ,postal_voting_district,0,0,0,0,1208,1208,1,1207,424,783
03,Pankow,8B ,postal_voting_district,0,0,0,0,1217,1217,2,1215,430,785
03,Pankow,9A ,postal_voting_district,0,0,0,0,1247,1247,2,1245,435,810
03,Pankow,9B ,postal_voting_district,0,0,0,0,1225,1225,2,1223,441,782
03,Pankow,101,electoral_district,2349,2162,187,0,475,0,1,474,209,265
03,Pankow,102,electoral_district,2241,2098,143,0,358,0,2,356,122,234
03,Pankow,103,electoral_district,1574,1472,102,0,339,0,2,337,103,234
03,Pankow,104,electoral_district,1173,1129,44,0,215,0,0,215,69,146
03,Pankow,105,electoral_district,1046,992,54,0,113,0,0,113,49,64
03,Pankow,106,electoral_district,896,856,40,0,132,0,0,132,48,84
03,Pankow,107,electoral_district,1474,1376,98,0,258,0,0,258,77,181
03,Pankow,108,electoral_district,3455,3313,142,0,720,0,1,719,323,396
03,Pankow,109,electoral_district,3033,2884,149,0,626,0,0,626,255,371
03,Pankow,110,electoral_district,1336,1284,52,0,278,0,1,277,122,155
03,Pankow,111,electoral_district,1200,1106,94,0,342,0,1,341,109,232
03,Pankow,112,electoral_district,2981,2713,268,0,885,0,0,885,328,557
03,Pankow,113,electoral_district,1048,966,82,0,286,0,1,285,109,176
03,Pankow,114,electoral_district,1470,1385,85,0,441,0,0,441,191,250
03,Pankow,115,electoral_district,3012,2854,158,0,684,0,0,684,285,399
03,Pankow,116,electoral_district,1442,1334,108,0,301,0,2,299,136,163
03,Pankow,117,electoral_district,3107,2889,218,0,678,0,0,678,259,419
03,Pankow,201,electoral_district,830,807,23,0,184,0,0,184,88,96
03,Pankow,202,electoral_district,618,588,30,0,123,0,0,123,78,45
03,Pankow,203,electoral_district,2804,2640,164,0,560,0,2,558,246,312
03,Pankow,204,electoral_district,2688,2520,168,0,542,0,0,542,269,273
03,Pankow,205,electoral_district,1174,1081,93,0,286,286,0,286,151,135
03,Pankow,206,electoral_district,2516,2280,236,0,626,0,2,624,348,276
03,Pankow,207,electoral_district,2147,2009,138,0,564,0,1,563,257,306
03,Pankow,208,electoral_district,1493,1354,139,0,366,0,0,366,200,166
03,Pankow,209,electoral_district,2853,2637,216,0,668,0,0,668,254,414
03,Pankow,210,electoral_district,3036,2763,273,0,777,0,0,777,326,451
03,Pankow,211,electoral_district,1280,1148,132,0,288,0,0,288,130,158
03,Pankow,212,electoral_district,2783,2505,278,0,733,0,0,733,287,446
03,Pankow,213,electoral_district,2838,2565,273,0,698,0,3,695,252,443
03,Pankow,214,electoral_district,1288,1189,99,0,222,0,0,222,76,146
03,Pankow,215,electoral_district,1377,1238,139,0,348,0,0,348,130,218
03,Pankow,216,electoral_district,1536,1379,157,0,408,0,0,408,142,266
03,Pankow,301,electoral_district,2503,2291,212,0,654,0,1,653,231,422
03,Pankow,302,electoral_district,1021,944,77,0,226,0,0,226,86,140
03,Pankow,303,electoral_district,2377,2223,154,0,496,0,3,493,148,345
03,Pankow,304,electoral_district,1187,1101,86,0,221,0,1,220,69,151
03,Pankow,305,electoral_district,2394,2146,248,0,606,0,4,602,198,404
03,Pankow,306,electoral_district,1120,1031,89,0,302,0,1,301,88,213
03,Pankow,307,electoral_district,1039,898,141,0,290,0,0,290,82,208
03,Pankow,308,electoral_district,1123,988,135,0,282,0,0,282,68,214
03,Pankow,309,electoral_district,2392,2107,285,0,553,0,0,553,151,402
03,Pankow,310,electoral_district,2439,2262,177,0,623,0,1,622,158,464
03,Pankow,311,electoral_district,1120,1048,72,0,258,0,0,258,69,189
03,Pankow,312,electoral_district,2812,2536,276,0,698,0,0,698,179,519
03,Pankow,313,electoral_district,1321,1169,152,0,404,0,2,402,64,338
03,Pankow,314,electoral_district,1092,1004,88,0,272,0,0,272,64,208
03,Pankow,315,electoral_district,2237,2049,188,0,473,0,0,473,127,346
03,Pankow,316,electoral_district,1344,1234,110,0,298,0,1,297,71,226
03,Pankow,317,electoral_district,2482,2260,222,0,612,0,1,611,178,433
03,Pankow,318,electoral_district,914,832,82,0,189,0,0,189,47,142
03,Pankow,401,electoral_district,2494,2259,235,0,535,0,0,535,237,298
03,Pankow,402,electoral_district,2382,2162,220,0,522,0,0,522,207,315
03,Pankow,403,electoral_district,1019,939,80,0,228,0,0,228,79,149
03,Pankow,404,electoral_district,2202,1998,204,0,472,0,0,472,161,311
03,Pankow,405,electoral_district,1203,1153,50,0,196,0,0,196,59,137
03,Pankow,406,electoral_district,1381,1316,65,0,268,0,0,268,89,179
03,Pankow,407,electoral_district,2650,2408,242,0,614,0,1,613,218,395
03,Pankow,408,electoral_district,2238,2149,89,0,395,0,0,395,150,245
03,Pankow,409,electoral_district,1253,1181,72,0,223,0,0,223,100,123
03,Pankow,410,electoral_district,1147,1049,98,0,210,0,0,210,56,154
03,Pankow,411,electoral_district,2639,2480,159,0,522,0,0,522,172,350
03,Pankow,412,electoral_district,1006,947,59,0,185,0,0,185,62,123
03,Pankow,413,electoral_district,751,699,52,0,156,0,0,156,67,89
03,Pankow,414,electoral_district,2244,2139,105,0,478,0,1,477,158,319
03,Pankow,415,electoral_district,2567,2402,165,0,500,0,1,499,172,327
03,Pankow,416,electoral_district,1452,1344,108,0,233,0,0,233,57,176
03,Pankow,501,electoral_district,2816,2637,179,0,629,0,0,629,200,429
03,Pankow,502,electoral_district,3059,2830,229,0,570,0,1,569,181,388
03,Pankow,503,electoral_district,1565,1444,121,0,378,0,1,377,107,270
03,Pankow,504,electoral_district,2510,2310,200,0,548,0,0,548,162,386
03,Pankow,505,electoral_district,2203,2043,160,0,463,0,1,462,128,334
03,Pankow,506,electoral_district,2930,2644,286,0,559,0,1,558,187,371
03,Pankow,507,electoral_district,2233,1998,235,0,470,0,0,470,117,353
03,Pankow,508,electoral_district,2366,2121,245,0,476,0,0,476,144,332
03,Pankow,509,electoral_district,2385,2187,198,0,472,0,2,470,147,323
03,Pankow,510,electoral_district,2738,2550,188,0,532,0,0,532,176,356
03,Pankow,511,electoral_district,1167,1063,104,0,229,0,2,227,74,153
03,Pankow,512,electoral_district,2241,2064,177,0,567,0,2,565,183,382
03,Pankow,513,electoral_district,1237,1150,87,0,385,0,0,385,140,245
03,Pankow,514,electoral_district,818,725,93,0,263,0,1,262,61,201
03,Pankow,601,electoral_district,1158,1116,42,0,310,0,0,310,86,224
03,Pankow,602,electoral_district,1302,1220,82,0,226,0,2,224,69,155
03,Pankow,603,electoral_district,1321,1245,76,0,292,0,1,291,84,207
03,Pankow,604,electoral_district,2436,2279,157,0,570,0,0,570,175,395
03,Pankow,605,electoral_district,1864,1727,137,0,437,0,0,437,107,330
03,Pankow,606,electoral_district,2408,2262,146,0,589,0,2,587,162,425
03,Pankow,607,electoral_district,1662,1546,116,0,334,0,0,334,78,256
03,Pankow,608,electoral_district,1729,1611,118,0,405,0,1,404,123,281
03,Pankow,609,electoral_district,1836,1682,154,0,398,0,0,398,109,289
03,Pankow,610,electoral_district,2218,2062,156,0,498,0,0,498,145,353
03,Pankow,611,electoral_district,1681,1560,121,0,450,0,1,449,144,305
03,Pankow,612,electoral_district,1642,1550,92,0,378,0,1,377,114,263
03,Pankow,613,electoral_district,902,814,88,0,158,0,2,156,59,97
03,Pankow,614,electoral_district,783,735,48,0,180,0,2,178,63,115
03,Pankow,615,electoral_district,1668,1551,117,0,366,0,1,365,88,277
03,Pankow,616,electoral_district,1914,1783,131,0,326,0,1,325,80,245
03,Pankow,617,electoral_district,2146,1997,149,0,418,0,5,413,136,277
03,Pankow,618,electoral_district,1876,1757,119,0,381,0,0,381,95,286
03,Pankow,619,electoral_district,1705,1567,138,0,352,0,1,351,122,229
03,Pankow,701,electoral_district,1372,1312,60,0,242,0,1,241,109,132
03,Pankow,702,electoral_district,2835,2680,155,0,503,0,2,501,194,307
03,Pankow,703,electoral_district,2884,2719,165,0,431,0,2,429,175,254
03,Pankow,704,electoral_district,2390,2255,135,0,462,0,0,462,135,327
03,Pankow,705,electoral_district,1566,1456,110,0,204,0,3,201,74,127
03,Pankow,706,electoral_district,1485,1389,96,0,267,0,0,267,88,179
03,Pankow,707,electoral_district,1385,1272,113,0,253,0,1,252,92,160
03,Pankow,708,electoral_district,1502,1407,95,0,262,0,0,262,94,168
03,Pankow,709,electoral_district,2331,2160,171,0,447,0,2,445,154,291
03,Pankow,710,electoral_district,2146,1990,156,0,489,0,1,488,135,353
03,Pankow,711,electoral_district,967,886,81,0,189,0,1,188,50,138
03,Pankow,712,electoral_district,2509,2328,181,0,548,0,2,546,182,364
03,Pankow,713,electoral_district,1139,1062,77,0,250,0,2,248,84,164
03,Pankow,714,electoral_district,1096,1046,50,0,216,0,1,215,64,151
03,Pankow,715,electoral_district,1516,1401,115,0,324,0,1,323,99,224
03,Pankow,716,electoral_district,2177,2033,144,0,376,0,2,374,102,272
03,Pankow,717,electoral_district,1313,1236,77,0,242,0,1,241,87,154
03,Pankow,801,electoral_district,2049,1919,130,0,380,0,1,379,137,242
03,Pankow,802,electoral_district,1357,1236,121,0,253,0,1,252,71,181
03,Pankow,803,electoral_district,1151,1079,72,0,234,0,2,232,80,152
03,Pankow,804,electoral_district,2484,2291,193,0,494,0,2,492,142,350
03,Pankow,805,electoral_district,1171,1074,97,0,239,0,0,239,78,161
03,Pankow,806,electoral_district,1303,1203,100,0,294,0,2,292,106,186
03,Pankow,807,electoral_district,2282,2138,144,0,563,0,0,563,133,430
03,Pankow,808,electoral_district,1686,1543,143,0,384,0,3,381,95,286
03,Pankow,809,electoral_district,2155,1983,172,0,500,0,4,496,171,325
03,Pankow,810,electoral_district,2133,1953,180,0,484,0,0,484,156,328
03,Pankow,811,electoral_district,1150,1039,111,0,269,0,0,269,84,185
03,Pankow,812,electoral_district,1364,1235,129,0,326,0,5,321,96,225
03,Pankow,813,electoral_district,1150,1060,90,0,233,0,1,232,76,156
03,Pankow,814,electoral_district,2284,2088,196,0,546,0,0,546,166,380
03,Pankow,815,electoral_district,1069,959,110,0,247,0,0,247,70,177
03,Pankow,816,electoral_district,1965,1817,148,0,473,0,2,471,127,344
03,Pankow,817,electoral_district,1112,1013,99,0,229,0,0,229,72,157
03,Pankow,818,electoral_district,1345,1247,98,0,332,0,0,332,95,237
03,Pankow,901,electoral_district,2581,2417,164,0,557,0,0,557,152,405
03,Pankow,902,electoral_district,2326,2210,116,0,486,0,0,486,154,332
03,Pankow,903,electoral_district,1143,1084,59,0,290,0,0,290,95,195
03,Pankow,904,electoral_district,726,662,64,0,136,0,0,136,38,98
03,Pankow,905,electoral_district,1265,1173,92,0,314,0,1,313,103,210
03,Pankow,906,electoral_district,2509,2297,212,0,483,0,1,482,167,315
03,Pankow,907,electoral_district,2502,2322,180,0,451,0,2,449,170,279
03,Pankow,908,electoral_district,789,714,75,0,127,0,0,127,39,88
03,Pankow,909,electoral_district,1082,1029,53,0,195,0,1,194,75,119
03,Pankow,910,electoral_district,1132,984,148,0,298,0,1,297,90,207
03,Pankow,911,electoral_district,1264,1205,59,0,229,0,1,228,80,148
03,Pankow,912,electoral_district,2878,2697,181,0,592,0,2,590,195,395
03,Pankow,913,electoral_district,1408,1317,91,0,318,0,1,317,90,227
03,Pankow,914,electoral_district,1097,1023,74,0,297,0,0,297,113,184
03,Pankow,915,electoral_district,2247,2064,183,0,521,0,1,520,166,354
03,Pankow,916,electoral_district,1198,1091,107,0,371,0,3,368,110,258
03,Pankow,917,electoral_district,2425,2243,182,0,547,0,2,545,160,385
03,Pankow,918,electoral_district,2508,2356,152,0,422,0,1,421,137,284
03,Pankow,919,electoral_district,2058,1932,126,0,313,0,1,312,93,219
04,Charlottenburg-Wilmersdorf,1A ,postal_voting_district,0,0,0,0,1141,1141,1,1140,857,283
04,Charlottenburg-Wilmersdorf,1B ,postal_voting_district,0,0,0,0,1076,1076,1,1075,861,214
04,Charlottenburg-Wilmersdorf,1C ,postal_voting_district,0,0,0,0,1044,1044,0,1044,806,238
04,Charlottenburg-Wilmersdorf,1D ,postal_voting_district,0,0,0,0,1105,1105,1,1104,817,287
04,Charlottenburg-Wilmersdorf,1E ,postal_voting_district,0,0,0,0,1007,1007,2,1005,736,269
04,Charlottenburg-Wilmersdorf,1F ,postal_voting_district,0,0,0,0,1099,1099,1,1098,818,280
04,Charlottenburg-Wilmersdorf,1G ,postal_voting_district,0,0,0,0,1047,1047,0,1047,794,253
04,Charlottenburg-Wilmersdorf,1H ,postal_voting_district,0,0,0,0,938,938,4,934,733,201
04,Charlottenburg-Wilmersdorf,1J ,postal_voting_district,0,0,0,0,1018,1018,0,1018,794,224
04,Charlottenburg-Wilmersdorf,1K ,postal_voting_district,0,0,0,0,1106,1106,0,1106,800,306
04,Charlottenburg-Wilmersdorf,1L ,postal_voting_district,0,0,0,0,1062,1062,2,1060,767,293
04,Charlottenburg-Wilmersdorf,1M ,postal_voting_district,0,0,0,0,1027,1027,0,1027,792,235
04,Charlottenburg-Wilmersdorf,1N ,postal_voting_district,0,0,0,0,986,986,6,980,728,252
04,Charlottenburg-Wilmersdorf,1O ,postal_voting_district,0,0,0,0,1090,1090,0,1090,849,241
04,Charlottenburg-Wilmersdorf,1P ,postal_voting_district,0,0,0,0,1096,1096,2,1094,821,273
04,Charlottenburg-Wilmersdorf,1Q ,postal_voting_district,0,0,0,0,1150,1150,1,1149,850,299
04,Charlottenburg-Wilmersdorf,1R ,postal_voting_district,0,0,0,0,1207,1207,2,1205,911,294
04,Charlottenburg-Wilmersdorf,1S ,postal_voting_district,0,0,0,0,1114,1114,2,1112,845,267
04,Charlottenburg-Wilmersdorf,1T ,postal_voting_district,0,0,0,0,1085,1085,0,1085,807,278
04,Charlottenburg-Wilmersdorf,1U ,postal_voting_district,0,0,0,0,1106,1106,0,1106,840,266
04,Charlottenburg-Wilmersdorf,1V ,postal_voting_district,0,0,0,0,973,973,0,973,749,224
04,Charlottenburg-Wilmersdorf,1W ,postal_voting_district,0,0,0,0,1068,1068,1,1067,808,259
04,Charlottenburg-Wilmersdorf,1X ,postal_voting_district,0,0,0,0,965,965,1,964,719,245
04,Charlottenburg-Wilmersdorf,1Y ,postal_voting_district,0,0,0,0,999,999,5,994,730,264
04,Charlottenburg-Wilmersdorf,1Z ,postal_voting_district,0,0,0,0,1032,1032,1,1031,785,246
04,Charlottenburg-Wilmersdorf,101,electoral_district,1761,1633,128,0,471,0,1,470,386,84
04,Charlottenburg-Wilmersdorf,102,electoral_district,2019,1841,178,0,470,0,1,469,396,73
04,Charlottenburg-Wilmersdorf,103,electoral_district,1583,1440,143,0,414,0,0,414,337,77
04,Charlottenburg-Wilmersdorf,104,electoral_district,1733,1612,121,0,516,0,0,516,399,117
04,Charlottenburg-Wilmersdorf,105,electoral_district,1379,1227,152,0,387,0,3,384,310,74
04,Charlottenburg-Wilmersdorf,106,electoral_district,2116,1899,217,0,540,0,1,539,443,96
04,Charlottenburg-Wilmersdorf,107,electoral_district,2053,1848,205,0,494,0,2,492,424,68
04,Charlottenburg-Wilmersdorf,108,electoral_district,1211,1096,115,0,287,0,2,285,199,86
04,Charlottenburg-Wilmersdorf,109,electoral_district,1419,1307,112,0,404,0,0,404,311,93
04,Charlottenburg-Wilmersdorf,110,electoral_district,1526,1365,161,0,421,2,0,421,298,123
04,Charlottenburg-Wilmersdorf,111,electoral_district,2011,1854,157,0,535,0,0,535,349,186
04,Charlottenburg-Wilmersdorf,112,electoral_district,1972,1782,190,0,611,0,0,611,391,220
04,Charlottenburg-Wilmersdorf,113,electoral_district,1243,1107,136,0,349,0,1,348,234,114
04,Charlottenburg-Wilmersdorf,114,electoral_district,1268,1074,194,0,477,0,1,476,337,139
04,Charlottenburg-Wilmersdorf,115,electoral_district,2193,1917,276,0,827,3,0,827,690,137
04,Charlottenburg-Wilmersdorf,116,electoral_district,2023,1618,405,0,745,8,2,743,570,173
04,Charlottenburg-Wilmersdorf,117,electoral_district,1309,1051,258,0,436,0,0,436,350,86
04,Charlottenburg-Wilmersdorf,118,electoral_district,1835,1620,215,0,671,0,2,669,537,132
04,Charlottenburg-Wilmersdorf,119,electoral_district,1820,1544,276,0,641,0,1,640,487,153
04,Charlottenburg-Wilmersdorf,120,electoral_district,1653,1433,220,0,542,1,1,541,411,130
04,Charlottenburg-Wilmersdorf,121,electoral_district,1600,1477,123,0,378,0,0,378,291,87
04,Charlottenburg-Wilmersdorf,122,electoral_district,874,791,83,0,215,0,0,215,149,66
04,Charlottenburg-Wilmersdorf,123,electoral_district,1515,1341,174,0,378,0,1,377,248,129
04,Charlottenburg-Wilmersdorf,124,electoral_district,1350,1183,167,0,413,2,0,413,295,118
04,Charlottenburg-Wilmersdorf,125,electoral_district,1416,1192,224,0,408,1,0,408,285,123
04,Charlottenburg-Wilmersdorf,126,electoral_district,1471,1179,292,0,535,2,0,535,411,124
04,Charlottenburg-Wilmersdorf,127,electoral_district,1686,1346,340,0,541,4,3,538,410,128
04,Charlottenburg-Wilmersdorf,128,electoral_district,1565,1293,272,0,559,0,2,557,436,121
04,Charlottenburg-Wilmersdorf,129,electoral_district,1500,1260,240,0,472,2,3,469,365,104
04,Charlottenburg-Wilmersdorf,130,electoral_district,2155,1838,317,0,721,0,1,720,553,167
04,Charlottenburg-Wilmersdorf,131,electoral_district,1687,1410,277,0,667,0,4,663,515,148
04,Charlottenburg-Wilmersdorf,132,electoral_district,1571,1242,329,0,542,1,1,541,407,134
04,Charlottenburg-Wilmersdorf,133,electoral_district,712,587,125,0,308,1,0,308,231,77
04,Charlottenburg-Wilmersdorf,134,electoral_district,1340,1180,160,0,410,0,0,410,291,119
04,Charlottenburg-Wilmersdorf,135,electoral_district,1562,1377,185,0,529,3,0,529,382,147
04,Charlottenburg-Wilmersdorf,136,electoral_district,1594,1448,146,0,441,0,1,440,291,149
04,Charlottenburg-Wilmersdorf,137,electoral_district,1329,1174,155,0,374,1,0,374,222,152
04,Charlottenburg-Wilmersdorf,138,electoral_district,1264,1139,125,0,403,1,1,402,255,147
04,Charlottenburg-Wilmersdorf,139,electoral_district,1717,1537,180,0,402,1,0,402,250,152
04,Charlottenburg-Wilmersdorf,140,electoral_district,1801,1654,147,0,487,0,0,487,215,272
04,Charlottenburg-Wilmersdorf,141,electoral_district,1919,1742,177,0,489,0,7,482,251,231
04,Charlottenburg-Wilmersdorf,142,electoral_district,1732,1470,262,0,480,1,2,478,321,157
04,Charlottenburg-Wilmersdorf,143,electoral_district,1475,1300,175,0,487,1,0,487,356,131
04,Charlottenburg-Wilmersdorf,144,electoral_district,1623,1456,167,0,531,1,2,529,364,165
04,Charlottenburg-Wilmersdorf,145,electoral_district,2079,1768,311,0,600,4,3,597,404,193
04,Charlottenburg-Wilmersdorf,146,electoral_district,1408,1240,168,0,451,2,2,449,279,170
04,Charlottenburg-Wilmersdorf,147,electoral_district,1728,1542,186,0,502,1,0,502,310,192
04,Charlottenburg-Wilmersdorf,148,electoral_district,1896,1642,254,0,644,1,2,642,374,268
04,Charlottenburg-Wilmersdorf,149,electoral_district,1803,1619,184,0,511,2,1,510,317,193
04,Charlottenburg-Wilmersdorf,150,electoral_district,2076,1817,259,0,637,3,1,636,390,246
04,Charlottenburg-Wilmersdorf,151,electoral_district,1806,1619,187,0,448,1,1,447,294,153
04,Charlottenburg-Wilmersdorf,152,electoral_district,2132,1835,297,0,567,0,0,567,401,166
04,Charlottenburg-Wilmersdorf,153,electoral_district,1421,1272,149,0,411,1,2,409,268,141
04,Charlottenburg-Wilmersdorf,154,electoral_district,1041,897,144,0,241,0,0,241,169,72
04,Charlottenburg-Wilmersdorf,155,electoral_district,1447,1197,250,0,279,1,0,279,189,90
04,Charlottenburg-Wilmersdorf,156,electoral_district,1141,1029,112,0,340,1,0,340,216,124
04,Charlottenburg-Wilmersdorf,157,electoral_district,1481,1303,178,0,373,1,1,372,280,92
04,Charlottenburg-Wilmersdorf,158,electoral_district,1626,1447,179,0,409,3,0,409,310,99
04,Charlottenburg-Wilmersdorf,159,electoral_district,1810,1522,288,0,427,1,0,427,269,158
04,Charlottenburg-Wilmersdorf,160,electoral_district,1015,919,96,0,296,1,1,295,201,94
04,Charlottenburg-Wilmersdorf,161,electoral_district,1904,1727,177,0,515,2,2,513,349,164
04,Charlottenburg-Wilmersdorf,162,electoral_district,1300,1151,149,0,374,1,0,374,246,128
04,Charlottenburg-Wilmersdorf,163,electoral_district,1837,1663,174,0,457,2,0,457,286,171
04,Charlottenburg-Wilmersdorf,164,electoral_district,1860,1640,220,0,459,0,0,459,294,165
04,Charlottenburg-Wilmersdorf,165,electoral_district,1681,1502,179,0,424,4,0,424,276,148
04,Charlottenburg-Wilmersdorf,166,electoral_district,1726,1529,197,0,483,2,1,482,312,170
04,Charlottenburg-Wilmersdorf,167,electoral_district,1982,1704,278,0,503,3,0,503,371,132
04,Charlottenburg-Wilmersdorf,168,electoral_district,2146,1822,324,0,583,2,1,582,424,158
04,Charlottenburg-Wilmersdorf,169,electoral_district,1680,1473,207,0,526,2,0,526,356,170
04,Charlottenburg-Wilmersdorf,170,electoral_district,1610,1369,241,0,367,2,0,367,268,99
04,Charlottenburg-Wilmersdorf,171,electoral_district,893,684,209,0,313,3,1,312,248,64
04,Charlottenburg-Wilmersdorf,172,electoral_district,2154,1867,287,0,710,4,4,706,513,193
04,Charlottenburg-Wilmersdorf,173,electoral_district,1768,1495,273,0,528,2,2,526,394,132
04,Charlottenburg-Wilmersdorf,174,electoral_district,1691,1461,230,0,566,2,1,565,405,160
04,Charlottenburg-Wilmersdorf,175,electoral_district,1646,1238,408,0,513,0,2,511,415,96
04,Charlottenburg-Wilmersdorf,176,electoral_district,1699,1382,317,0,580,7,0,580,438,142
04,Charlottenburg-Wilmersdorf,177,electoral_district,1530,1327,203,0,553,2,2,551,427,124
04,Charlottenburg-Wilmersdorf,178,electoral_district,2050,1824,226,0,718,3,0,718,568,150
04,Charlottenburg-Wilmersdorf,179,electoral_district,1625,1261,364,0,492,2,0,492,407,85
04,Charlottenburg-Wilmersdorf,180,electoral_district,1709,1365,344,0,518,2,2,516,410,106
04,Charlottenburg-Wilmersdorf,181,electoral_district,1621,1356,265,0,453,4,1,452,367,85
04,Charlottenburg-Wilmersdorf,182,electoral_district,1579,1297,282,0,547,6,0,547,447,100
04,Charlottenburg-Wilmersdorf,183,electoral_district,2144,1917,227,0,701,0,0,701,468,233
04,Charlottenburg-Wilmersdorf,184,electoral_district,2080,1754,326,0,698,4,3,695,492,203
04,Charlottenburg-Wilmersdorf,185,electoral_district,1733,1496,237,0,490,1,0,490,379,111
04,Charlottenburg-Wilmersdorf,186,electoral_district,1681,1472,209,0,529,2,0,529,370,159
04,Charlottenburg-Wilmersdorf,187,electoral_district,1680,1427,253,0,553,2,0,553,434,119
04,Charlottenburg-Wilmersdorf,188,electoral_district,1873,1555,318,0,491,1,0,491,383,108
04,Charlottenburg-Wilmersdorf,189,electoral_district,943,782,161,0,265,0,1,264,189,75
04,Charlottenburg-Wilmersdorf,190,electoral_district,1539,1333,206,0,473,0,0,473,381,92
04,Charlottenburg-Wilmersdorf,191,electoral_district,1611,1404,207,0,481,0,0,481,344,137
04,Charlottenburg-Wilmersdorf,192,electoral_district,1362,1173,189,0,365,0,1,364,248,116
04,Charlottenburg-Wilmersdorf,193,electoral_district,1608,1389,219,0,475,1,0,475,325,150
04,Charlottenburg-Wilmersdorf,194,electoral_district,1586,1372,214,0,412,2,2,410,311,99
04,Charlottenburg-Wilmersdorf,195,electoral_district,1523,1346,177,0,501,2,2,499,347,152
04,Charlottenburg-Wilmersdorf,196,electoral_district,1647,1433,214,0,568,2,2,566,370,196
04,Charlottenburg-Wilmersdorf,197,electoral_district,1599,1371,228,0,502,1,0,502,363,139
04,Charlottenburg-Wilmersdorf,198,electoral_district,1111,993,118,0,394,1,3,391,299,92
04,Charlottenburg-Wilmersdorf,199,electoral_district,1338,1151,187,0,451,1,0,451,330,121
04,Charlottenburg-Wilmersdorf,200,electoral_district,1669,1479,190,0,532,0,3,529,384,145
04,Charlottenburg-Wilmersdorf,201,electoral_district,1980,1714,266,0,598,1,1,597,387,210
04,Charlottenburg-Wilmersdorf,202,electoral_district,1980,1729,251,0,681,2,1,680,412,268
04,Charlottenburg-Wilmersdorf,203,electoral_district,1408,1206,202,0,427,2,0,427,282,145
04,Charlottenburg-Wilmersdorf,204,electoral_district,2036,1760,276,0,657,4,0,657,428,229
04,Charlottenburg-Wilmersdorf,205,electoral_district,1877,1664,213,0,587,1,0,587,378,209
04,Charlottenburg-Wilmersdorf,206,electoral_district,2063,1817,246,0,652,4,2,650,419,231
04,Charlottenburg-Wilmersdorf,207,electoral_district,1754,1575,179,0,480,0,0,480,326,154
04,Charlottenburg-Wilmersdorf,208,electoral_district,1957,1741,216,0,704,3,2,702,485,217
04,Charlottenburg-Wilmersdorf,209,electoral_district,1753,1542,211,0,632,0,1,631,428,203
04,Charlottenburg-Wilmersdorf,210,electoral_district,2087,1822,265,0,829,5,3,826,486,340
04,Charlottenburg-Wilmersdorf,211,electoral_district,921,805,116,0,278,0,0,278,194,84
04,Charlottenburg-Wilmersdorf,212,electoral_district,1805,1558,247,0,544,3,0,544,447,97
04,Charlottenburg-Wilmersdorf,213,electoral_district,1802,1564,238,0,622,2,2,620,440,180
04,Charlottenburg-Wilmersdorf,214,electoral_district,931,827,104,0,286,1,1,285,192,93
04,Charlottenburg-Wilmersdorf,215,electoral_district,1540,1367,173,0,533,3,1,532,351,181
04,Charlottenburg-Wilmersdorf,216,electoral_district,1756,1506,250,0,617,0,1,616,484,132
04,Charlottenburg-Wilmersdorf,217,electoral_district,1612,1423,189,0,667,3,1,666,419,247
04,Charlottenburg-Wilmersdorf,218,electoral_district,1532,1300,232,0,700,1,2,698,426,272
04,Charlottenburg-Wilmersdorf,219,electoral_district,1966,1683,283,0,660,0,2,658,470,188
04,Charlottenburg-Wilmersdorf,220,electoral_district,1797,1533,264,0,730,1,1,729,397,332
04,Charlottenburg-Wilmersdorf,221,electoral_district,2127,1801,326,0,816,2,1,815,393,422
04,Charlottenburg-Wilmersdorf,222,electoral_district,1573,1346,227,0,630,2,0,630,362,268
04,Charlottenburg-Wilmersdorf,223,electoral_district,1758,1478,280,0,618,1,0,618,399,219
04,Charlottenburg-Wilmersdorf,224,electoral_district,1715,1445,270,0,620,2,2,618,368,250
04,Charlottenburg-Wilmersdorf,225,electoral_district,1562,1326,236,0,603,1,2,601,422,179
04,Charlottenburg-Wilmersdorf,226,electoral_district,1805,1510,295,0,731,0,0,731,439,292
04,Charlottenburg-Wilmersdorf,227,electoral_district,1665,1440,225,0,691,1,0,691,509,182
04,Charlottenburg-Wilmersdorf,228,electoral_district,1668,1411,257,0,566,1,1,565,417,148
04,Charlottenburg-Wilmersdorf,229,electoral_district,1598,1341,257,0,435,0,3,432,274,158
04,Charlottenburg-Wilmersdorf,230,electoral_district,1805,1591,214,0,430,0,1,429,316,113
04,Charlottenburg-Wilmersdorf,231,electoral_district,1490,1351,139,0,309,0,0,309,223,86
05,Spandau,1A ,postal_voting_district,0,0,0,0,680,680,2,678,548,130
05,Spandau,1B ,postal_voting_district,0,0,0,0,826,826,1,825,662,163
05,Spandau,1C ,postal_voting_district,0,0,0,0,777,777,1,776,625,151
05,Spandau,1D ,postal_voting_district,0,0,0,0,811,811,0,811,629,182
05,Spandau,1E ,postal_voting_district,0,0,0,0,741,741,0,741,557,184
05,Spandau,1F ,postal_voting_district,0,0,0,0,654,654,0,654,510,144
05,Spandau,1G ,postal_voting_district,0,0,0,0,628,628,0,628,500,128
05,Spandau,1H ,postal_voting_district,0,0,0,0,492,492,0,492,402,90
05,Spandau,1I ,postal_voting_district,0,0,0,0,698,698,0,698,544,154
05,Spandau,1K ,postal_voting_district,0,0,0,0,693,693,1,692,535,157
05,Spandau,1L ,postal_voting_district,0,0,0,0,717,717,2,715,588,127
05,Spandau,1M ,postal_voting_district,0,0,0,0,736,736,0,736,567,169
05,Spandau,1N ,postal_voting_district,0,0,0,0,777,777,1,776,629,147
05,Spandau,1O ,postal_voting_district,0,0,0,0,786,786,1,785,638,147
05,Spandau,1P ,postal_voting_district,0,0,0,0,767,767,0,767,610,157
05,Spandau,1Q ,postal_voting_district,0,0,0,0,727,727,1,726,559,167
05,Spandau,1R ,postal_voting_district,0,0,0,0,780,780,2,778,620,158
05,Spandau,1S ,postal_voting_district,0,0,0,0,836,836,2,834,657,177
05,Spandau,1T ,postal_voting_district,0,0,0,0,783,783,2,781,590,191
05,Spandau,1U ,postal_voting_district,0,0,0,0,734,734,0,734,553,181
05,Spandau,101,electoral_district,852,796,56,0,212,1,1,211,109,102
05,Spandau,102,electoral_district,1399,1230,169,0,466,0,3,463,314,149
05,Spandau,103,electoral_district,824,757,67,0,242,0,0,242,150,92
05,Spandau,104,electoral_district,1568,1425,143,0,388,0,1,387,288,99
05,Spandau,105,electoral_district,1867,1688,179,0,598,1,1,597,456,141
05,Spandau,106,electoral_district,2481,2220,261,0,564,1,1,563,445,118
05,Spandau,107,electoral_district,1922,1643,279,0,706,0,0,706,465,241
05,Spandau,108,electoral_district,2370,2124,246,0,652,0,1,651,417,234
05,Spandau,109,electoral_district,1035,951,84,0,282,0,0,282,207,75
05,Spandau,110,electoral_district,1142,1063,79,0,258,4,0,258,207,51
05,Spandau,111,electoral_district,930,894,36,0,217,0,1,216,131,85
05,Spandau,112,electoral_district,846,810,36,0,191,2,0,191,135,56
05,Spandau,113,electoral_district,912,809,103,0,332,0,0,332,218,114
05,Spandau,114,electoral_district,556,527,29,0,122,0,1,121,90,31
05,Spandau,115,electoral_district,880,850,30,0,163,0,0,163,127,36
05,Spandau,116,electoral_district,1807,1625,182,0,437,0,0,437,370,67
05,Spandau,117,electoral_district,1706,1539,167,0,524,1,1,523,404,119
05,Spandau,118,electoral_district,1972,1817,155,0,482,1,0,482,384,98
05,Spandau,119,electoral_district,2552,2371,181,0,490,1,1,489,394,95
05,Spandau,120,electoral_district,791,753,38,0,167,0,0,167,136,31
05,Spandau,121,electoral_district,2113,1976,137,0,489,0,0,489,333,156
05,Spandau,122,electoral_district,1493,1390,103,0,353,1,1,352,250,102
05,Spandau,123,electoral_district,671,608,63,0,176,0,0,176,116,60
05,Spandau,124,electoral_district,758,719,39,0,219,0,0,219,158,61
05,Spandau,125,electoral_district,842,798,44,0,172,0,1,171,134,37
05,Spandau,126,electoral_district,692,659,33,0,204,0,2,202,151,51
05,Spandau,127,electoral_district,1454,1374,80,0,248,2,0,248,189,59
05,Spandau,128,electoral_district,1310,1231,79,0,306,0,3,303,235,68
05,Spandau,129,electoral_district,902,848,54,0,149,0,0,149,107,42
05,Spandau,130,electoral_district,723,684,39,0,148,0,0,148,109,39
05,Spandau,131,electoral_district,884,837,47,0,232,0,0,232,170,62
05,Spandau,132,electoral_district,2060,1890,170,0,530,0,3,527,365,162
05,Spandau,133,electoral_district,1525,1400,125,0,408,0,1,407,270,137
05,Spandau,134,electoral_district,1630,1451,179,0,499,1,0,499,302,197
05,Spandau,135,electoral_district,2564,2247,317,0,890,1,2,888,602,286
05,Spandau,136,electoral_district,3108,2804,304,0,839,0,2,837,444,393
05,Spandau,137,electoral_district,1864,1697,167,0,545,0,0,545,424,121
05,Spandau,138,electoral_district,2089,1897,192,0,569,3,1,568,396,172
05,Spandau,139,electoral_district,618,559,59,0,145,0,0,145,117,28
05,Spandau,140,electoral_district,3003,2740,263,0,706,0,1,705,493,212
05,Spandau,141,electoral_district,2596,2441,155,0,527,0,1,526,413,113
05,Spandau,142,electoral_district,2302,2117,185,0,436,0,2,434,340,94
05,Spandau,143,electoral_district,1830,1662,168,0,572,0,1,571,445,126
05,Spandau,144,electoral_district,2572,2414,158,0,573,2,3,570,434,136
05,Spandau,145,electoral_district,1632,1502,130,0,382,1,0,382,304,78
05,Spandau,146,electoral_district,1563,1433,130,0,392,0,1,391,315,76
05,Spandau,147,electoral_district,2155,1988,167,0,527,0,0,527,343,184
05,Spandau,148,electoral_district,2481,2318,163,0,475,0,2,473,384,89
05,Spandau,149,electoral_district,2414,2190,224,0,702,0,2,700,539,161
05,Spandau,150,electoral_district,763,711,52,0,202,0,0,202,167,35
05,Spandau,151,electoral_district,2388,2142,246,0,609,1,1,608,478,130
05,Spandau,152,electoral_district,1136,1038,98,0,264,1,1,263,192,71
05,Spandau,153,electoral_district,953,883,70,0,310,0,1,309,249,60
05,Spandau,154,electoral_district,1869,1682,187,0,560,2,0,560,393,167
05,Spandau,155,electoral_district,1846,1662,184,0,519,1,1,518,378,140
05,Spandau,156,electoral_district,1536,1409,127,0,415,0,4,411,324,87
05,Spandau,157,electoral_district,1747,1525,222,0,430,0,0,430,331,99
05,Spandau,158,electoral_district,1644,1461,183,0,426,0,3,423,334,89
05,Spandau,159,electoral_district,969,918,51,0,268,0,2,266,212,54
05,Spandau,160,electoral_district,1876,1649,227,0,445,5,0,445,327,118
05,Spandau,161,electoral_district,2684,2389,295,0,711,2,0,711,582,129
05,Spandau,162,electoral_district,1626,1519,107,0,399,0,0,399,314,85
05,Spandau,163,electoral_district,2425,2205,220,0,513,1,1,512,403,109
05,Spandau,164,electoral_district,2226,2026,200,0,555,0,0,555,417,138
05,Spandau,165,electoral_district,1572,1420,152,0,409,2,0,409,310,99
05,Spandau,166,electoral_district,1342,1215,127,0,328,0,1,327,254,73
05,Spandau,167,electoral_district,1622,1449,173,0,389,0,0,389,286,103
05,Spandau,168,electoral_district,1977,1794,183,0,588,0,5,583,450,133
05,Spandau,169,electoral_district,2725,2430,295,0,736,0,0,736,602,134
05,Spandau,170,electoral_district,1511,1383,128,0,420,0,0,420,351,69
05,Spandau,171,electoral_district,2603,2383,220,0,374,1,0,374,293,81
05,Spandau,172,electoral_district,2262,2115,147,0,516,0,1,515,415,100
05,Spandau,173,electoral_district,992,876,116,0,338,0,1,337,243,94
05,Spandau,174,electoral_district,2474,2162,312,0,744,1,0,744,565,179
05,Spandau,175,electoral_district,1674,1531,143,0,444,0,1,443,371,72
05,Spandau,176,electoral_district,1561,1454,107,0,509,0,0,509,414,95
05,Spandau,177,electoral_district,1587,1403,184,0,357,0,0,357,295,62
05,Spandau,178,electoral_district,1572,1443,129,0,514,2,0,514,400,114
05,Spandau,179,electoral_district,721,683,38,0,200,0,0,200,174,26
05,Spandau,180,electoral_district,2034,1866,168,0,458,0,0,458,316,142
05,Spandau,181,electoral_district,1135,1041,94,0,320,0,0,320,220,100
05,Spandau,182,electoral_district,1049,951,98,0,351,0,0,351,278,73
05,Spandau,183,electoral_district,1862,1731,131,0,443,1,0,443,386,57
05,Spandau,184,electoral_district,1407,1309,98,0,372,0,2,370,311,59
05,Spandau,185,electoral_district,1851,1675,176,0,616,0,0,616,517,99
05,Spandau,186,electoral_district,2442,2116,326,0,844,1,2,842,652,190
05,Spandau,187,electoral_district,859,722,137,0,356,1,1,355,253,102
05,Spandau,188,electoral_district,1834,1510,324,0,676,4,0,676,517,159
05,Spandau,189,electoral_district,2345,1900,445,0,813,2,1,812,648,164
05,Spandau,190,electoral_district,1926,1672,254,0,744,2,2,742,499,243
05,Spandau,191,electoral_district,1137,965,172,0,422,0,1,421,313,108
05,Spandau,192,electoral_district,836,734,102,0,281,0,0,281,216,65
05,Spandau,193,electoral_district,1049,878,171,0,392,1,0,392,286,106
05,Spandau,194,electoral_district,935,814,121,0,342,0,2,340,259,81
05,Spandau,195,electoral_district,1090,898,192,0,430,3,1,429,307,122
05,Spandau,196,electoral_district,1125,966,159,0,402,0,0,402,301,101
05,Spandau,197,electoral_district,1949,1653,296,0,722,4,0,722,595,127
05,Spandau,198,electoral_district,1841,1494,347,0,698,0,0,698,525,173
05,Spandau,199,electoral_district,1921,1679,242,0,746,1,0,746,564,182
06,Steglitz-Zehlendorf,1A ,postal_voting_district,0,0,0,0,664,664,2,662,529,133
06,Steglitz-Zehlendorf,1B ,postal_voting_district,0,0,0,0,656,656,2,654,472,182
06,Steglitz-Zehlendorf,1C ,postal_voting_district,0,0,0,0,850,850,0,850,645,205
06,Steglitz-Zehlendorf,1D ,postal_voting_district,0,0,0,0,840,840,3,837,660,177
06,Steglitz-Zehlendorf,1E ,postal_voting_district,0,0,0,0,850,850,0,850,667,183
06,Steglitz-Zehlendorf,1F ,postal_voting_district,0,0,0,0,831,831,6,825,597,228
06,Steglitz-Zehlendorf,1G ,postal_voting_district,0,0,0,0,848,848,0,848,601,247
06,Steglitz-Zehlendorf,1H ,postal_voting_district,0,0,0,0,845,845,0,845,663,182
06,Steglitz-Zehlendorf,1J ,postal_voting_district,0,0,0,0,845,845,1,844,661,183
06,Steglitz-Zehlendorf,1K ,postal_voting_district,0,0,0,0,842,842,1,841,634,207
06,Steglitz-Zehlendorf,1L ,postal_voting_district,0,0,0,0,853,853,1,852,699,153
06,Steglitz-Zehlendorf,1M ,postal_voting_district,0,0,0,0,849,849,2,847,646,201
06,Steglitz-Zehlendorf,1N ,postal_voting_district,0,0,0,0,846,846,0,846,633,213
06,Steglitz-Zehlendorf,1O ,postal_voting_district,0,0,0,0,839,839,3,836,627,209
06,Steglitz-Zehlendorf,1P ,postal_voting_district,0,0,0,0,839,839,1,838,653,185
06,Steglitz-Zehlendorf,1Q ,postal_voting_district,0,0,0,0,782,782,1,781,588,193
06,Steglitz-Zehlendorf,1R ,postal_voting_district,0,0,0,0,853,853,1,852,697,155
06,Steglitz-Zehlendorf,1S ,postal_voting_district,0,0,0,0,837,837,2,835,638,197
06,Steglitz-Zehlendorf,1T ,postal_voting_district,0,0,0,0,840,840,0,840,658,182
06,Steglitz-Zehlendorf,1U ,postal_voting_district,0,0,0,0,850,850,1,849,654,195
06,Steglitz-Zehlendorf,1V ,postal_voting_district,0,0,0,0,852,852,2,850,684,166
06,Steglitz-Zehlendorf,1W ,postal_voting_district,0,0,0,0,816,816,1,815,613,202
06,Steglitz-Zehlendorf,1X ,postal_voting_district,0,0,0,0,847,847,1,846,624,222
06,Steglitz-Zehlendorf,1Y ,postal_voting_district,0,0,0,0,839,839,0,839,670,169
06,Steglitz-Zehlendorf,1Z ,postal_voting_district,0,0,0,0,831,831,2,829,691,138
06,Steglitz-Zehlendorf,2A ,postal_voting_district,0,0,0,0,846,846,1,845,651,194
06,Steglitz-Zehlendorf,2B ,postal_voting_district,0,0,0,0,877,877,2,875,661,214
06,Steglitz-Zehlendorf,2C ,postal_voting_district,0,0,0,0,851,851,0,851,651,200
06,Steglitz-Zehlendorf,2D ,postal_voting_district,0,0,0,0,848,848,0,848,658,190
06,Steglitz-Zehlendorf,2E ,postal_voting_district,0,0,0,0,872,872,1,871,680,191
06,Steglitz-Zehlendorf,2F ,postal_voting_district,0,0,0,0,849,849,1,848,655,193
06,Steglitz-Zehlendorf,2G ,postal_voting_district,0,0,0,0,837,837,0,837,705,132
06,Steglitz-Zehlendorf,2H ,postal_voting_district,0,0,0,0,847,847,1,846,615,231
06,Steglitz-Zehlendorf,2J ,postal_voting_district,0,0,0,0,837,837,2,835,645,190
06,Steglitz-Zehlendorf,2K ,postal_voting_district,0,0,0,0,829,829,2,827,658,169
06,Steglitz-Zehlendorf,2L ,postal_voting_district,0,0,0,0,824,824,2,822,670,152
06,Steglitz-Zehlendorf,2M ,postal_voting_district,0,0,0,0,820,820,0,820,652,168
06,Steglitz-Zehlendorf,2N ,postal_voting_district,0,0,0,0,805,805,0,805,652,153
06,Steglitz-Zehlendorf,2O ,postal_voting_district,0,0,0,0,834,834,1,833,667,166
06,Steglitz-Zehlendorf,001,electoral_district,1844,1468,376,0,655,8,2,653,395,258
06,Steglitz-Zehlendorf,002,electoral_district,2341,2009,332,0,759,2,1,758,456,302
06,Steglitz-Zehlendorf,003,electoral_district,2459,2074,385,0,841,3,0,841,433,408
06,Steglitz-Zehlendorf,004,electoral_district,1286,1124,162,0,444,2,0,444,232,212
06,Steglitz-Zehlendorf,005,electoral_district,2113,1853,260,0,756,3,1,755,506,249
06,Steglitz-Zehlendorf,006,electoral_district,1326,1152,174,0,501,1,1,500,327,173
06,Steglitz-Zehlendorf,007,electoral_district,2133,1748,385,0,818,4,3,815,474,341
06,Steglitz-Zehlendorf,008,electoral_district,1279,1114,165,0,404,2,1,403,275,128
06,Steglitz-Zehlendorf,009,electoral_district,2334,2065,269,0,882,4,2,880,617,263
06,Steglitz-Zehlendorf,010,electoral_district,817,711,106,0,343,2,0,343,258,85
06,Steglitz-Zehlendorf,011,electoral_district,823,748,75,0,258,2,0,258,201,57
06,Steglitz-Zehlendorf,012,electoral_district,1083,956,127,0,401,0,0,401,220,181
06,Steglitz-Zehlendorf,013,electoral_district,1889,1551,338,0,593,1,1,592,366,226
06,Steglitz-Zehlendorf,014,electoral_district,882,731,151,0,263,1,1,262,184,78
06,Steglitz-Zehlendorf,015,electoral_district,988,858,130,0,352,0,0,352,225,127
06,Steglitz-Zehlendorf,016,electoral_district,2075,1788,287,0,645,4,2,643,453,190
06,Steglitz-Zehlendorf,017,electoral_district,1177,936,241,0,436,1,1,435,325,110
06,Steglitz-Zehlendorf,018,electoral_district,1186,971,215,0,402,0,1,401,263,138
06,Steglitz-Zehlendorf,019,electoral_district,1347,1194,153,0,458,0,2,456,315,141
06,Steglitz-Zehlendorf,020,electoral_district,1275,1091,184,0,530,1,1,529,368,161
06,Steglitz-Zehlendorf,021,electoral_district,2319,1914,405,0,852,1,2,850,610,240
06,Steglitz-Zehlendorf,022,electoral_district,1113,977,136,0,377,0,0,377,230,147
06,Steglitz-Zehlendorf,023,electoral_district,1027,900,127,0,351,1,1,350,249,101
06,Steglitz-Zehlendorf,024,electoral_district,1066,908,158,0,387,2,0,387,256,131
06,Steglitz-Zehlendorf,025,electoral_district,1142,970,172,0,479,0,1,478,334,144
06,Steglitz-Zehlendorf,026,electoral_district,1897,1656,241,0,706,0,4,702,550,152
06,Steglitz-Zehlendorf,027,electoral_district,2223,1939,284,0,733,0,1,732,533,199
06,Steglitz-Zehlendorf,028,electoral_district,1114,959,155,0,321,1,0,321,257,64
06,Steglitz-Zehlendorf,029,electoral_district,1223,1059,164,0,382,1,0,382,255,127
06,Steglitz-Zehlendorf,030,electoral_district,1322,1137,185,0,427,2,2,425,315,110
06,Steglitz-Zehlendorf,031,electoral_district,2263,1859,404,0,847,4,0,847,570,277
06,Steglitz-Zehlendorf,032,electoral_district,1973,1710,263,0,619,0,1,618,431,187
06,Steglitz-Zehlendorf,033,electoral_district,1832,1572,260,0,533,0,1,532,364,168
06,Steglitz-Zehlendorf,034,electoral_district,2213,1854,359,0,808,7,0,808,609,199
06,Steglitz-Zehlendorf,035,electoral_district,2348,2042,305,1,766,4,4,762,536,226
06,Steglitz-Zehlendorf,036,electoral_district,2281,1945,336,0,868,1,0,868,566,302
06,Steglitz-Zehlendorf,037,electoral_district,2228,1928,300,0,821,3,3,818,581,237
06,Steglitz-Zehlendorf,038,electoral_district,875,776,99,0,317,0,3,314,228,86
06,Steglitz-Zehlendorf,039,electoral_district,1131,974,157,0,324,0,0,324,250,74
06,Steglitz-Zehlendorf,040,electoral_district,1084,974,110,0,312,1,0,312,172,140
06,Steglitz-Zehlendorf,041,electoral_district,944,836,108,0,364,0,0,364,267,97
06,Steglitz-Zehlendorf,042,electoral_district,2493,2108,385,0,945,3,2,943,615,328
06,Steglitz-Zehlendorf,043,electoral_district,2245,1942,303,0,922,2,2,920,639,281
06,Steglitz-Zehlendorf,044,electoral_district,978,784,194,0,363,0,0,363,248,115
06,Steglitz-Zehlendorf,045,electoral_district,1023,816,207,0,395,2,3,392,270,122
06,Steglitz-Zehlendorf,046,electoral_district,1102,854,248,0,410,2,2,408,296,112
06,Steglitz-Zehlendorf,047,electoral_district,2357,1974,383,0,967,3,3,964,686,278
06,Steglitz-Zehlendorf,048,electoral_district,1150,991,159,0,418,0,0,418,332,86
06,Steglitz-Zehlendorf,049,electoral_district,2517,1979,538,0,978,6,0,978,669,309
06,Steglitz-Zehlendorf,050,electoral_district,1147,942,205,0,449,1,0,449,302,147
06,Steglitz-Zehlendorf,051,electoral_district,1944,1476,468,0,741,0,1,740,552,188
06,Steglitz-Zehlendorf,052,electoral_district,955,710,245,0,387,0,1,386,278,108
06,Steglitz-Zehlendorf,053,electoral_district,1304,977,327,0,441,0,1,440,323,117
06,Steglitz-Zehlendorf,054,electoral_district,2502,1993,509,0,867,2,4,863,613,250
06,Steglitz-Zehlendorf,055,electoral_district,1264,1102,162,0,478,1,0,478,369,109
06,Steglitz-Zehlendorf,056,electoral_district,1079,954,125,0,347,0,0,347,281,66
06,Steglitz-Zehlendorf,057,electoral_district,2452,2039,413,0,881,1,1,880,645,235
06,Steglitz-Zehlendorf,058,electoral_district,2343,1964,379,0,738,0,0,738,551,187
06,Steglitz-Zehlendorf,059,electoral_district,2206,1827,379,0,868,5,1,867,650,217
06,Steglitz-Zehlendorf,060,electoral_district,2087,1787,300,0,741,1,1,740,528,212
06,Steglitz-Zehlendorf,061,electoral_district,2201,1873,328,0,790,5,2,788,605,183
06,Steglitz-Zehlendorf,062,electoral_district,1051,929,122,0,417,0,0,417,341,76
06,Steglitz-Zehlendorf,063,electoral_district,2556,2168,388,0,976,9,3,973,712,261
06,Steglitz-Zehlendorf,064,electoral_district,1166,1043,123,0,405,0,1,404,332,72
06,Steglitz-Zehlendorf,065,electoral_district,2252,1951,301,0,762,1,2,760,618,142
06,Steglitz-Zehlendorf,066,electoral_district,2226,1986,240,0,751,1,0,751,602,149
06,Steglitz-Zehlendorf,067,electoral_district,933,777,156,0,368,1,0,368,274,94
06,Steglitz-Zehlendorf,068,electoral_district,2473,2076,397,0,1081,3,4,1077,805,272
06,Steglitz-Zehlendorf,069,electoral_district,2101,1688,413,0,893,0,0,893,696,197
06,Steglitz-Zehlendorf,070,electoral_district,1210,1069,141,0,502,0,1,501,407,94
06,Steglitz-Zehlendorf,071,electoral_district,1159,990,169,0,440,0,0,440,363,77
06,Steglitz-Zehlendorf,072,electoral_district,2235,1972,263,0,906,1,2,904,699,205
06,Steglitz-Zehlendorf,073,electoral_district,2766,2452,314,0,937,1,1,936,770,166
06,Steglitz-Zehlendorf,074,electoral_district,1836,1722,114,0,478,3,3,475,382,93
06,Steglitz-Zehlendorf,075,electoral_district,1718,1469,249,0,602,6,2,600,482,118
06,Steglitz-Zehlendorf,076,electoral_district,1019,854,165,0,304,1,2,302,229,73
06,Steglitz-Zehlendorf,077,electoral_district,1188,1074,114,0,427,2,1,426,338,88
06,Steglitz-Zehlendorf,078,electoral_district,2239,1937,302,0,775,2,4,771,571,200
06,Steglitz-Zehlendorf,079,electoral_district,2022,1642,380,0,644,1,2,642,476,166
06,Steglitz-Zehlendorf,080,electoral_district,1195,971,224,0,484,1,0,484,375,109
06,Steglitz-Zehlendorf,081,electoral_district,1202,1057,145,0,420,1,1,419,326,93
06,Steglitz-Zehlendorf,082,electoral_district,2235,1925,310,0,748,5,0,748,619,129
06,Steglitz-Zehlendorf,083,electoral_district,1219,1095,124,0,455,0,0,455,387,68
06,Steglitz-Zehlendorf,084,electoral_district,1176,994,182,0,479,0,1,478,373,105
06,Steglitz-Zehlendorf,085,electoral_district,1145,985,160,0,441,0,0,441,325,116
06,Steglitz-Zehlendorf,086,electoral_district,2514,2210,304,0,741,1,1,740,589,151
06,Steglitz-Zehlendorf,087,electoral_district,983,870,113,0,358,3,2,356,292,64
06,Steglitz-Zehlendorf,088,electoral_district,1299,1165,134,0,407,0,2,405,335,70
06,Steglitz-Zehlendorf,089,electoral_district,1022,923,99,0,355,1,1,354,308,46
06,Steglitz-Zehlendorf,090,electoral_district,2118,1876,242,0,728,3,1,727,606,121
06,Steglitz-Zehlendorf,091,electoral_district,1073,925,148,0,397,0,0,397,321,76
06,Steglitz-Zehlendorf,092,electoral_district,1049,855,194,0,431,1,0,431,331,100
06,Steglitz-Zehlendorf,093,electoral_district,1048,903,145,0,361,6,0,361,278,83
06,Steglitz-Zehlendorf,094,electoral_district,958,861,97,0,279,0,0,279,227,52
06,Steglitz-Zehlendorf,095,electoral_district,1018,864,154,0,484,4,0,484,360,124
06,Steglitz-Zehlendorf,096,electoral_district,1838,1572,266,0,702,0,4,698,531,167
06,Steglitz-Zehlendorf,097,electoral_district,2616,2123,493,0,969,1,2,967,693,274
06,Steglitz-Zehlendorf,098,electoral_district,1198,977,221,0,457,0,1,456,291,165
06,Steglitz-Zehlendorf,099,electoral_district,1430,1218,212,0,513,0,1,512,386,126
06,Steglitz-Zehlendorf,100,electoral_district,1054,874,180,0,440,3,3,437,253,184
06,Steglitz-Zehlendorf,101,electoral_district,2221,1918,303,0,793,1,0,793,509,284
06,Steglitz-Zehlendorf,102,electoral_district,2523,1874,649,0,901,2,0,901,642,259
06,Steglitz-Zehlendorf,103,electoral_district,1133,857,276,0,375,2,0,375,260,115
06,Steglitz-Zehlendorf,104,electoral_district,1156,886,270,0,417,0,1,416,294,122
06,Steglitz-Zehlendorf,105,electoral_district,2421,1808,613,0,855,1,4,851,578,273
06,Steglitz-Zehlendorf,106,electoral_district,2168,1714,454,0,789,3,1,788,578,210
06,Steglitz-Zehlendorf,107,electoral_district,1635,1248,387,0,376,1,0,376,286,90
06,Steglitz-Zehlendorf,108,electoral_district,2461,1953,508,0,748,8,1,747,535,212
06,Steglitz-Zehlendorf,109,electoral_district,2223,1771,452,0,824,4,3,821,601,220
06,Steglitz-Zehlendorf,110,electoral_district,2578,2139,439,0,761,1,1,760,533,227
06,Steglitz-Zehlendorf,111,electoral_district,1922,1645,277,0,676,0,2,674,500,174
06,Steglitz-Zehlendorf,112,electoral_district,2337,1909,428,0,818,0,1,817,568,249
06,Steglitz-Zehlendorf,113,electoral_district,2003,1655,348,0,823,0,1,822,635,187
06,Steglitz-Zehlendorf,114,electoral_district,2080,1649,431,0,730,0,0,730,564,166
06,Steglitz-Zehlendorf,115,electoral_district,2232,1867,365,0,856,1,3,853,642,211
06,Steglitz-Zehlendorf,116,electoral_district,2413,1912,501,0,784,0,0,784,546,238
06,Steglitz-Zehlendorf,117,electoral_district,2238,1721,517,0,724,1,2,722,540,182
06,Steglitz-Zehlendorf,118,electoral_district,2239,1846,393,0,769,3,2,767,568,199
06,Steglitz-Zehlendorf,119,electoral_district,2157,1738,419,0,816,3,1,815,620,195
06,Steglitz-Zehlendorf,120,electoral_district,1010,881,129,0,415,1,0,415,252,163
06,Steglitz-Zehlendorf,121,electoral_district,2011,1602,409,0,791,2,1,790,574,216
06,Steglitz-Zehlendorf,122,electoral_district,2058,1512,546,0,694,2,0,694,501,193
06,Steglitz-Zehlendorf,123,electoral_district,1805,1486,319,0,672,2,0,672,436,236
06,Steglitz-Zehlendorf,124,electoral_district,2198,1769,429,0,905,1,1,904,700,204
06,Steglitz-Zehlendorf,125,electoral_district,769,661,108,0,243,0,0,243,161,82
06,Steglitz-Zehlendorf,126,electoral_district,971,781,190,0,400,1,1,399,294,105
06,Steglitz-Zehlendorf,127,electoral_district,1152,909,243,0,386,2,1,385,284,101
06,Steglitz-Zehlendorf,128,electoral_district,1177,932,245,0,497,3,0,497,369,128
07,Tempelhof-Schöneberg,1A ,postal_voting_district,0,0,0,0,917,917,2,915,696,219
07,Tempelhof-Schöneberg,1B ,postal_voting_district,0,0,0,0,540,540,22,518,361,157
07,Tempelhof-Schöneberg,1C ,postal_voting_district,0,0,0,0,921,921,3,918,676,242
07,Tempelhof-Schöneberg,1D ,postal_voting_district,0,0,0,0,900,900,2,898,655,243
07,Tempelhof-Schöneberg,1E ,postal_voting_district,0,0,0,0,900,900,1,899,672,227
07,Tempelhof-Schöneberg,1F ,postal_voting_district,0,0,0,0,878,878,0,878,635,243
07,Tempelhof-Schöneberg,1G ,postal_voting_district,0,0,0,0,893,893,0,893,696,197
07,Tempelhof-Schöneberg,1H ,postal_voting_district,0,0,0,0,904,904,1,903,629,274
07,Tempelhof-Schöneberg,1I ,postal_voting_district,0,0,0,0,958,958,0,958,642,316
07,Tempelhof-Schöneberg,1K ,postal_voting_district,0,0,0,0,956,956,3,953,671,282
07,Tempelhof-Schöneberg,1L ,postal_voting_district,0,0,0,0,902,902,1,901,652,249
07,Tempelhof-Schöneberg,1M ,postal_voting_district,0,0,0,0,877,877,1,876,639,237
07,Tempelhof-Schöneberg,1N ,postal_voting_district,0,0,0,0,927,927,3,924,627,297
07,Tempelhof-Schöneberg,1O ,postal_voting_district,0,0,0,0,923,923,15,908,696,212
07,Tempelhof-Schöneberg,1P ,postal_voting_district,0,0,0,0,929,929,2,927,563,364
07,Tempelhof-Schöneberg,1Q ,postal_voting_district,0,0,0,0,901,901,0,901,646,255
07,Tempelhof-Schöneberg,1R ,postal_voting_district,0,0,0,0,900,900,0,900,677,223
07,Tempelhof-Schöneberg,1S ,postal_voting_district,0,0,0,0,926,926,1,925,656,269
07,Tempelhof-Schöneberg,1T ,postal_voting_district,0,0,0,0,921,921,0,921,703,218
07,Tempelhof-Schöneberg,1U ,postal_voting_district,0,0,0,0,916,916,2,914,659,255
07,Tempelhof-Schöneberg,1V ,postal_voting_district,0,0,0,0,917,917,0,917,709,208
07,Tempelhof-Schöneberg,1W ,postal_voting_district,0,0,0,0,922,922,1,921,693,228
07,Tempelhof-Schöneberg,1X ,postal_voting_district,0,0,0,0,887,887,1,886,660,226
07,Tempelhof-Schöneberg,1Y ,postal_voting_district,0,0,0,0,890,890,3,887,672,215
07,Tempelhof-Schöneberg,1Z ,postal_voting_district,0,0,0,0,872,872,8,864,625,239
07,Tempelhof-Schöneberg,2A ,postal_voting_district,0,0,0,0,884,884,1,883,670,213
07,Tempelhof-Schöneberg,2B ,postal_voting_district,0,0,0,0,863,863,0,863,653,210
07,Tempelhof-Schöneberg,2C ,postal_voting_district,0,0,0,0,872,872,0,872,691,181
07,Tempelhof-Schöneberg,2D ,postal_voting_district,0,0,0,0,847,847,1,846,657,189
07,Tempelhof-Schöneberg,2E ,postal_voting_district,0,0,0,0,895,895,2,893,683,210
07,Tempelhof-Schöneberg,2F ,postal_voting_district,0,0,0,0,891,891,1,890,689,201
07,Tempelhof-Schöneberg,2G ,postal_voting_district,0,0,0,0,880,880,0,880,577,303
07,Tempelhof-Schöneberg,2H ,postal_voting_district,0,0,0,0,871,871,1,870,630,240
07,Tempelhof-Schöneberg,2I ,postal_voting_district,0,0,0,0,849,849,5,844,613,231
07,Tempelhof-Schöneberg,2K ,postal_voting_district,0,0,0,0,443,443,2,441,328,113
07,Tempelhof-Schöneberg,2L ,postal_voting_district,0,0,0,0,850,850,4,846,615,231
07,Tempelhof-Schöneberg,2M ,postal_voting_district,0,0,0,0,879,879,3,876,658,218
07,Tempelhof-Schöneberg,2N ,postal_voting_district,0,0,0,0,882,882,1,881,602,279
07,Tempelhof-Schöneberg,2O ,postal_voting_district,0,0,0,0,862,862,0,862,620,242
07,Tempelhof-Schöneberg,2P ,postal_voting_district,0,0,0,0,683,683,1,682,493,189
07,Tempelhof-Schöneberg,899,electoral_district,1014,803,211,0,455,0,0,455,392,63
07,Tempelhof-Schöneberg,900,electoral_district,2253,1948,305,0,508,0,0,508,371,137
07,Tempelhof-Schöneberg,901,electoral_district,3244,2835,409,0,570,0,0,570,337,233
07,Tempelhof-Schöneberg,902,electoral_district,3328,2946,382,0,545,0,1,544,285,259
07,Tempelhof-Schöneberg,903,electoral_district,2396,1972,424,0,584,0,1,583,323,260
07,Tempelhof-Schöneberg,904,electoral_district,1316,1061,255,0,248,0,0,248,154,94
07,Tempelhof-Schöneberg,905,electoral_district,2042,1663,379,0,440,0,0,440,258,182
07,Tempelhof-Schöneberg,906,electoral_district,3242,2770,472,0,917,0,2,915,562,353
07,Tempelhof-Schöneberg,907,electoral_district,3183,2686,497,0,984,0,2,982,661,321
07,Tempelhof-Schöneberg,908,electoral_district,3318,2641,677,0,774,0,1,773,385,388
07,Tempelhof-Schöneberg,909,electoral_district,1085,927,158,0,252,0,1,251,136,115
07,Tempelhof-Schöneberg,910,electoral_district,822,718,104,0,223,0,1,222,113,109
07,Tempelhof-Schöneberg,911,electoral_district,1280,1151,129,0,355,0,1,354,188,166
07,Tempelhof-Schöneberg,912,electoral_district,1219,1079,140,0,212,0,0,212,81,131
07,Tempelhof-Schöneberg,913,electoral_district,3399,2870,529,0,1063,0,4,1059,691,368
07,Tempelhof-Schöneberg,914,electoral_district,2454,1969,485,0,679,0,2,677,348,329
07,Tempelhof-Schöneberg,915,electoral_district,2373,2046,327,0,621,0,0,621,289,332
07,Tempelhof-Schöneberg,916,electoral_district,2404,2045,359,0,629,0,0,629,292,337
07,Tempelhof-Schöneberg,917,electoral_district,2274,1995,279,0,667,0,0,667,287,380
07,Tempelhof-Schöneberg,918,electoral_district,2308,1841,467,0,494,0,1,493,257,236
07,Tempelhof-Schöneberg,919,electoral_district,2330,1733,597,0,329,0,2,327,181,146
07,Tempelhof-Schöneberg,920,electoral_district,2452,1983,469,0,489,0,2,487,260,227
07,Tempelhof-Schöneberg,921,electoral_district,2337,2028,309,0,611,0,2,609,317,292
07,Tempelhof-Schöneberg,922,electoral_district,2076,1898,178,0,520,0,1,519,333,186
07,Tempelhof-Schöneberg,923,electoral_district,877,757,120,0,203,0,1,202,97,105
07,Tempelhof-Schöneberg,924,electoral_district,1067,891,176,0,292,0,1,291,109,182
07,Tempelhof-Schöneberg,925,electoral_district,1120,973,147,0,242,0,0,242,104,138
07,Tempelhof-Schöneberg,926,electoral_district,2234,1943,291,0,645,0,1,644,279,365
07,Tempelhof-Schöneberg,927,electoral_district,3541,2893,648,0,1189,0,6,1183,496,687
07,Tempelhof-Schöneberg,928,electoral_district,3708,3100,608,0,705,0,1,704,385,319
07,Tempelhof-Schöneberg,929,electoral_district,3707,3016,691,0,1231,0,2,1229,464,765
07,Tempelhof-Schöneberg,930,electoral_district,1299,999,300,0,361,0,0,361,175,186
07,Tempelhof-Schöneberg,931,electoral_district,2343,1816,527,0,759,0,0,759,295,464
07,Tempelhof-Schöneberg,932,electoral_district,2216,1724,492,0,752,0,2,750,316,434
07,Tempelhof-Schöneberg,933,electoral_district,2438,1936,502,0,790,0,1,789,315,474
07,Tempelhof-Schöneberg,934,electoral_district,3505,2929,576,0,1418,0,2,1416,560,856
07,Tempelhof-Schöneberg,935,electoral_district,3395,2771,624,0,1141,0,0,1141,502,639
07,Tempelhof-Schöneberg,936,electoral_district,3272,2795,477,0,1315,0,4,1311,487,824
07,Tempelhof-Schöneberg,937,electoral_district,1987,1730,257,0,715,0,1,714,534,180
07,Tempelhof-Schöneberg,938,electoral_district,2212,1810,402,0,974,0,2,972,650,322
07,Tempelhof-Schöneberg,939,electoral_district,2213,1862,351,0,902,0,2,900,668,232
07,Tempelhof-Schöneberg,940,electoral_district,2063,1639,424,0,999,0,1,998,530,468
07,Tempelhof-Schöneberg,941,electoral_district,2609,2146,463,0,1042,0,0,1042,605,437
07,Tempelhof-Schöneberg,942,electoral_district,1107,939,168,0,364,0,0,364,209,155
07,Tempelhof-Schöneberg,943,electoral_district,2296,2027,269,0,493,0,2,491,330,161
07,Tempelhof-Schöneberg,944,electoral_district,2640,2040,600,0,671,0,1,670,484,186
07,Tempelhof-Schöneberg,945,electoral_district,2366,1965,401,0,751,0,1,750,541,209
07,Tempelhof-Schöneberg,946,electoral_district,3562,2934,628,0,1169,0,0,1169,759,410
07,Tempelhof-Schöneberg,947,electoral_district,1102,905,197,0,341,0,0,341,247,94
07,Tempelhof-Schöneberg,948,electoral_district,2470,1822,648,0,750,0,1,749,512,237
07,Tempelhof-Schöneberg,949,electoral_district,1272,1036,236,0,281,0,1,280,223,57
07,Tempelhof-Schöneberg,950,electoral_district,1018,908,110,0,225,0,0,225,182,43
07,Tempelhof-Schöneberg,951,electoral_district,3661,2884,777,0,1377,0,7,1370,1101,269
07,Tempelhof-Schöneberg,952,electoral_district,2354,1822,532,0,449,0,1,448,316,132
07,Tempelhof-Schöneberg,953,electoral_district,3308,2857,451,0,1209,0,3,1206,815,391
07,Tempelhof-Schöneberg,954,electoral_district,1156,1037,119,0,479,0,4,475,320,155
07,Tempelhof-Schöneberg,955,electoral_district,2436,2132,304,0,812,0,3,809,571,238
07,Tempelhof-Schöneberg,956,electoral_district,2357,2037,320,0,792,0,4,788,608,180
07,Tempelhof-Schöneberg,957,electoral_district,3317,2935,382,0,1148,0,3,1145,947,198
07,Tempelhof-Schöneberg,958,electoral_district,2114,1794,320,0,788,0,0,788,639,149
07,Tempelhof-Schöneberg,959,electoral_district,2321,1992,329,0,753,0,0,753,597,156
07,Tempelhof-Schöneberg,960,electoral_district,2234,1847,387,0,720,0,1,719,530,189
07,Tempelhof-Schöneberg,961,electoral_district,2136,1737,399,0,801,0,0,801,662,139
07,Tempelhof-Schöneberg,962,electoral_district,2025,1694,331,0,704,0,2,702,551,151
07,Tempelhof-Schöneberg,963,electoral_district,2371,2031,340,0,764,0,1,763,627,136
07,Tempelhof-Schöneberg,964,electoral_district,2592,2239,353,0,883,0,2,881,746,135
07,Tempelhof-Schöneberg,965,electoral_district,2574,2187,387,0,928,0,1,927,739,188
07,Tempelhof-Schöneberg,966,electoral_district,2320,1912,408,0,877,0,0,877,709,168
07,Tempelhof-Schöneberg,967,electoral_district,2293,1850,443,0,655,0,2,653,563,90
07,Tempelhof-Schöneberg,968,electoral_district,2307,1881,426,0,720,0,3,717,604,113
07,Tempelhof-Schöneberg,969,electoral_district,1287,987,300,0,279,0,0,279,232,47
07,Tempelhof-Schöneberg,970,electoral_district,2394,1959,435,0,952,0,1,951,743,208
07,Tempelhof-Schöneberg,971,electoral_district,2478,2023,455,0,1025,0,1,1024,831,193
07,Tempelhof-Schöneberg,972,electoral_district,2248,1848,400,0,1016,0,1,1015,822,193
07,Tempelhof-Schöneberg,973,electoral_district,3373,2935,438,0,1225,0,0,1225,961,264
07,Tempelhof-Schöneberg,974,electoral_district,2405,2114,291,0,829,0,1,828,677,151
07,Tempelhof-Schöneberg,975,electoral_district,2020,1692,328,0,710,0,1,709,601,108
07,Tempelhof-Schöneberg,976,electoral_district,2090,1886,204,0,521,0,0,521,451,70
07,Tempelhof-Schöneberg,977,electoral_district,2894,2541,353,0,968,0,1,967,808,159
07,Tempelhof-Schöneberg,978,electoral_district,1946,1759,187,0,660,0,1,659,549,110
07,Tempelhof-Schöneberg,979,electoral_district,2043,1872,171,0,565,0,1,564,477,87
07,Tempelhof-Schöneberg,980,electoral_district,2496,2097,399,0,937,0,1,936,802,134
07,Tempelhof-Schöneberg,981,electoral_district,2621,2170,451,0,1126,0,1,1125,934,191
07,Tempelhof-Schöneberg,982,electoral_district,1091,921,170,0,400,0,0,400,344,56
07,Tempelhof-Schöneberg,983,electoral_district,2470,2138,332,0,1063,0,3,1060,895,165
07,Tempelhof-Schöneberg,984,electoral_district,1992,1684,308,0,916,0,1,915,736,179
07,Tempelhof-Schöneberg,985,electoral_district,2107,1757,350,0,868,0,0,868,714,154
07,Tempelhof-Schöneberg,986,electoral_district,2276,1875,401,0,883,0,0,883,724,159
07,Tempelhof-Schöneberg,987,electoral_district,2022,1734,288,0,608,0,0,608,515,93
07,Tempelhof-Schöneberg,988,electoral_district,2343,1977,366,0,1032,0,0,1032,778,254
07,Tempelhof-Schöneberg,989,electoral_district,2358,1931,427,0,858,0,0,858,702,156
07,Tempelhof-Schöneberg,990,electoral_district,2297,2001,296,0,820,0,1,819,678,141
07,Tempelhof-Schöneberg,991,electoral_district,2175,1825,350,0,887,0,1,886,761,125
07,Tempelhof-Schöneberg,992,electoral_district,2156,1839,317,0,532,0,1,531,467,64
07,Tempelhof-Schöneberg,993,electoral_district,3578,2963,615,0,1263,0,0,1263,1043,220
07,Tempelhof-Schöneberg,994,electoral_district,2212,1881,331,0,546,0,0,546,481,65
07,Tempelhof-Schöneberg,995,electoral_district,2440,2043,397,0,944,0,0,944,759,185
07,Tempelhof-Schöneberg,996,electoral_district,3364,2725,639,0,1273,0,1,1272,1003,269
07,Tempelhof-Schöneberg,997,electoral_district,1141,952,189,0,403,0,0,403,327,76
07,Tempelhof-Schöneberg,998,electoral_district,1150,928,222,0,462,0,0,462,378,84
07,Tempelhof-Schöneberg,999,electoral_district,1059,893,166,0,291,0,0,291,247,44
08,Neukölln,1A ,postal_voting_district,0,0,0,0,1292,1292,2,1290,977,313
08,Neukölln,1B ,postal_voting_district,0,0,0,0,1070,1070,3,1067,828,239
08,Neukölln,1C ,postal_voting_district,0,0,0,0,1083,1083,1,1082,857,225
08,Neukölln,1D ,postal_voting_district,0,0,0,0,1104,1104,14,1090,832,258
08,Neukölln,1E ,postal_voting_district,0,0,0,0,1081,1081,2,1079,855,224
08,Neukölln,1F ,postal_voting_district,0,0,0,0,1081,1081,0,1081,812,269
08,Neukölln,1G ,postal_voting_district,0,0,0,0,1078,1078,0,1078,834,244
08,Neukölln,1H ,postal_voting_district,0,0,0,0,1081,1081,2,1079,868,211
08,Neukölln,1I ,postal_voting_district,0,0,0,0,1074,1074,3,1071,849,222
08,Neukölln,1K ,postal_voting_district,0,0,0,0,1081,1081,2,1079,803,276
08,Neukölln,1L ,postal_voting_district,0,0,0,0,1053,1053,4,1049,794,255
08,Neukölln,1M ,postal_voting_district,0,0,0,0,1125,1125,22,1103,799,304
08,Neukölln,1N ,postal_voting_district,0,0,0,0,1084,1084,0,1084,831,253
08,Neukölln,1O ,postal_voting_district,0,0,0,0,1071,1071,2,1069,844,225
08,Neukölln,1P ,postal_voting_district,0,0,0,0,1071,1071,3,1068,822,246
08,Neukölln,1Q ,postal_voting_district,0,0,0,0,1069,1069,1,1068,804,264
08,Neukölln,1R ,postal_voting_district,0,0,0,0,1074,1074,4,1070,851,219
08,Neukölln,1S ,postal_voting_district,0,0,0,0,1172,1172,0,1172,901,271
08,Neukölln,101,electoral_district,3723,3354,369,0,919,0,7,912,372,540
08,Neukölln,104,electoral_district,3987,3608,379,0,944,0,3,941,406,535
08,Neukölln,105,electoral_district,2602,2419,183,0,692,1,1,691,309,382
08,Neukölln,108,electoral_district,2620,2437,183,0,661,4,6,655,319,336
08,Neukölln,110,electoral_district,2984,2756,228,0,754,1,2,752,414,338
08,Neukölln,114,electoral_district,1072,972,100,0,255,0,0,255,139,116
08,Neukölln,115,electoral_district,3467,3132,335,0,885,0,2,883,554,329
08,Neukölln,118,electoral_district,2100,1888,212,0,582,1,2,580,393,187
08,Neukölln,119,electoral_district,4030,3640,390,0,1021,1,1,1020,627,393
08,Neukölln,122,electoral_district,1710,1590,120,0,453,0,2,451,340,111
08,Neukölln,125,electoral_district,1233,1119,114,0,340,0,1,339,209,130
08,Neukölln,126,electoral_district,3668,3340,328,0,994,0,1,993,480,513
08,Neukölln,129,electoral_district,971,899,72,0,237,0,2,235,116,119
08,Neukölln,201,electoral_district,3828,3460,368,0,1106,1,1,1105,527,578
08,Neukölln,202,electoral_district,2910,2693,217,0,722,1,1,721,368,353
08,Neukölln,207,electoral_district,3207,2964,243,0,1079,4,3,1076,525,551
08,Neukölln,208,electoral_district,3105,2878,227,0,817,0,0,817,417,400
08,Neukölln,211,electoral_district,1384,1221,163,0,282,0,1,281,144,137
08,Neukölln,213,electoral_district,3509,3274,235,0,886,0,3,883,566,317
08,Neukölln,216,electoral_district,1162,1092,70,0,341,0,1,340,181,159
08,Neukölln,218,electoral_district,888,810,78,0,185,0,0,185,99,86
08,Neukölln,219,electoral_district,3250,2973,277,0,988,5,4,984,577,407
08,Neukölln,221,electoral_district,3620,3286,334,0,991,0,3,988,512,476
08,Neukölln,223,electoral_district,3125,2887,238,0,794,0,6,788,378,410
08,Neukölln,227,electoral_district,831,773,58,0,199,1,0,199,130,69
08,Neukölln,229,electoral_district,924,849,75,0,203,0,0,203,119,84
08,Neukölln,301,electoral_district,2556,2390,166,0,804,0,1,803,555,248
08,Neukölln,304,electoral_district,2388,2212,176,0,463,0,1,462,329,133
08,Neukölln,305,electoral_district,2212,2015,197,0,542,0,2,540,371,169
08,Neukölln,308,electoral_district,3586,3246,340,0,870,2,1,869,668,201
08,Neukölln,309,electoral_district,1337,1265,72,0,259,0,0,259,211,48
08,Neukölln,310,electoral_district,2763,2551,212,0,721,5,0,721,544,177
08,Neukölln,313,electoral_district,3625,3200,425,0,955,0,1,954,786,168
08,Neukölln,318,electoral_district,3378,3000,378,0,1151,1,3,1148,932,216
08,Neukölln,321,electoral_district,1599,1407,192,0,494,1,1,493,429,64
08,Neukölln,322,electoral_district,1571,1360,211,0,449,0,1,448,359,89
08,Neukölln,323,electoral_district,1197,1046,151,0,354,2,0,354,271,83
08,Neukölln,325,electoral_district,3487,2902,585,0,1295,0,1,1294,924,370
08,Neukölln,401,electoral_district,2598,2259,339,0,1112,6,0,1112,819,293
08,Neukölln,403,electoral_district,2905,2594,311,0,818,1,1,817,668,149
08,Neukölln,406,electoral_district,3649,3220,429,0,1098,6,3,1095,872,223
08,Neukölln,410,electoral_district,1557,1339,218,0,674,1,2,672,568,104
08,Neukölln,411,electoral_district,2444,2148,296,0,875,0,0,875,763,112
08,Neukölln,412,electoral_district,3243,2827,416,0,1258,5,1,1257,1038,219
08,Neukölln,413,electoral_district,2995,2522,473,0,1288,3,3,1285,1065,220
08,Neukölln,417,electoral_district,1420,1251,169,0,553,0,0,553,438,115
08,Neukölln,422,electoral_district,3726,3383,343,0,1358,0,3,1355,1181,174
08,Neukölln,425,electoral_district,2972,2586,386,0,1021,0,1,1020,866,154
08,Neukölln,426,electoral_district,2015,1747,268,0,772,0,1,771,668,103
08,Neukölln,428,electoral_district,2740,2314,426,0,1090,2,0,1090,888,202
08,Neukölln,501,electoral_district,2887,2452,435,0,1048,5,1,1047,872,175
08,Neukölln,504,electoral_district,2970,2534,436,0,1148,0,0,1148,876,272
08,Neukölln,505,electoral_district,3787,3178,609,0,1222,2,3,1219,1016,203
08,Neukölln,510,electoral_district,1356,1212,144,0,471,0,2,469,408,61
08,Neukölln,511,electoral_district,3261,2831,430,0,1099,0,0,1099,945,154
08,Neukölln,512,electoral_district,3610,3036,574,0,1456,6,1,1455,1229,226
08,Neukölln,517,electoral_district,3343,2943,400,0,931,5,2,929,797,132
08,Neukölln,519,electoral_district,2489,2111,378,0,825,0,6,819,708,111
08,Neukölln,521,electoral_district,2410,2089,321,0,608,2,0,608,512,96
08,Neukölln,526,electoral_district,3245,2865,380,0,1004,0,2,1002,870,132
08,Neukölln,528,electoral_district,1491,1366,125,0,557,0,1,556,470,86
08,Neukölln,530,electoral_district,2266,2065,201,0,567,0,0,567,475,92
08,Neukölln,534,electoral_district,829,673,156,0,307,1,0,307,242,65
08,Neukölln,601,electoral_district,3150,2882,268,0,795,0,1,794,671,123
08,Neukölln,603,electoral_district,2384,2075,309,0,970,0,2,968,805,163
08,Neukölln,605,electoral_district,3077,2712,365,0,1280,1,3,1277,1023,254
08,Neukölln,608,electoral_district,1125,1059,66,0,321,0,0,321,260,61
08,Neukölln,610,electoral_district,3210,2795,415,0,1226,1,3,1223,970,253
08,Neukölln,614,electoral_district,1089,945,144,0,378,0,0,378,305,73
08,Neukölln,616,electoral_district,1063,994,69,0,406,0,1,405,344,61
08,Neukölln,617,electoral_district,3371,2996,375,0,1344,2,1,1343,1021,322
08,Neukölln,619,electoral_district,3096,2712,384,0,1458,4,3,1455,1154,301
08,Neukölln,622,electoral_district,2297,1974,323,0,1046,0,0,1046,872,174
08,Neukölln,623,electoral_district,3392,2893,499,0,1313,0,1,1312,1061,251
08,Neukölln,628,electoral_district,3400,3062,338,0,1243,1,1,1242,986,256
08,Neukölln,632,electoral_district,1001,880,121,0,357,0,0,357,294,63
09,Treptow-Köpenick,1A ,postal_voting_district,0,0,0,0,1272,1272,1,1271,543,728
09,Treptow-Köpenick,1B ,postal_voting_district,0,0,0,0,1245,1245,1,1244,546,698
09,Treptow-Köpenick,1C ,postal_voting_district,0,0,0,0,1252,1252,0,1252,547,705
09,Treptow-Köpenick,1D ,postal_voting_district,0,0,0,0,1228,1228,4,1224,509,715
09,Treptow-Köpenick,1E ,postal_voting_district,0,0,0,0,1213,1213,0,1213,703,510
09,Treptow-Köpenick,1F ,postal_voting_district,0,0,0,0,1230,1230,1,1229,509,720
09,Treptow-Köpenick,1G ,postal_voting_district,0,0,0,0,1201,1201,0,1201,572,629
09,Treptow-Köpenick,1H ,postal_voting_district,0,0,0,0,1231,1231,4,1227,508,719
09,Treptow-Köpenick,1J ,postal_voting_district,0,0,0,0,1257,1257,3,1254,541,713
09,Treptow-Köpenick,1K ,postal_voting_district,0,0,0,0,1245,1245,2,1243,549,694
09,Treptow-Köpenick,1L ,postal_voting_district,0,0,0,0,1243,1243,4,1239,551,688
09,Treptow-Köpenick,1M ,postal_voting_district,0,0,0,0,1257,1257,1,1256,579,677
09,Treptow-Köpenick,101,electoral_district,1922,1742,180,0,484,1,3,481,177,304
09,Treptow-Köpenick,103,electoral_district,2438,2221,217,0,615,2,0,615,226,389
09,Treptow-Köpenick,104,electoral_district,3322,3085,237,0,867,3,6,861,274,587
09,Treptow-Köpenick,108,electoral_district,3360,2910,450,0,793,8,0,793,236,557
09,Treptow-Köpenick,111,electoral_district,2437,2242,195,0,605,0,0,605,193,412
09,Treptow-Köpenick,113,electoral_district,2503,2299,204,0,701,7,0,701,173,528
09,Treptow-Köpenick,116,electoral_district,2368,2160,208,0,498,1,1,497,167,330
09,Treptow-Köpenick,120,electoral_district,2529,2251,278,0,761,0,1,760,191,569
09,Treptow-Köpenick,122,electoral_district,2416,2203,213,0,714,0,6,708,208,500
09,Treptow-Köpenick,126,electoral_district,965,878,87,0,257,0,0,257,87,170
09,Treptow-Köpenick,127,electoral_district,917,836,81,0,250,1,0,250,93,157
09,Treptow-Köpenick,128,electoral_district,988,907,81,0,283,0,0,283,91,192
09,Treptow-Köpenick,130,electoral_district,2761,2519,242,0,782,0,3,779,254,525
09,Treptow-Köpenick,133,electoral_district,1944,1731,213,0,548,0,0,548,243,305
09,Treptow-Köpenick,135,electoral_district,2720,2566,154,0,621,1,0,621,240,381
09,Treptow-Köpenick,201,electoral_district,1718,1552,166,0,419,0,1,418,127,291
09,Treptow-Köpenick,204,electoral_district,3146,2928,218,0,783,0,2,781,275,506
09,Treptow-Köpenick,207,electoral_district,3357,3093,264,0,785,7,0,785,298,487
09,Treptow-Köpenick,208,electoral_district,2083,1942,141,0,606,1,2,604,256,348
09,Treptow-Köpenick,211,electoral_district,3123,2794,329,0,878,1,1,877,345,532
09,Treptow-Köpenick,212,electoral_district,834,769,65,0,263,0,2,261,70,191
09,Treptow-Köpenick,214,electoral_district,1102,997,105,0,340,2,0,340,108,232
09,Treptow-Köpenick,216,electoral_district,3489,3092,397,0,928,4,1,927,328,599
09,Treptow-Köpenick,221,electoral_district,1922,1756,166,0,412,0,0,412,132,280
09,Treptow-Köpenick,222,electoral_district,1377,1307,70,0,287,0,1,286,111,175
09,Treptow-Köpenick,224,electoral_district,2365,2248,117,0,381,3,1,380,139,241
09,Treptow-Köpenick,227,electoral_district,530,515,15,0,124,0,0,124,60,64
09,Treptow-Köpenick,228,electoral_district,2415,2271,144,0,558,2,2,556,208,348
09,Treptow-Köpenick,230,electoral_district,3498,3275,223,0,731,0,2,729,263,466
09,Treptow-Köpenick,231,electoral_district,856,796,60,0,147,0,0,147,49,98
09,Treptow-Köpenick,236,electoral_district,2527,2381,146,0,470,2,1,469,196,273
09,Treptow-Köpenick,301,electoral_district,704,653,51,0,236,0,0,236,95,141
09,Treptow-Köpenick,302,electoral_district,2326,2165,161,0,556,0,4,552,193,359
09,Treptow-Köpenick,304,electoral_district,3209,2918,291,0,868,1,0,868,301,567
09,Treptow-Köpenick,308,electoral_district,3215,3018,197,0,606,1,1,605,238,367
09,Treptow-Köpenick,309,electoral_district,3452,3194,258,0,693,2,3,690,279,411
09,Treptow-Köpenick,314,electoral_district,3805,3507,298,0,1076,2,3,1073,548,525
09,Treptow-Köpenick,317,electoral_district,2973,2659,314,0,869,0,1,868,391,477
09,Treptow-Köpenick,319,electoral_district,2025,1920,105,0,467,0,1,466,234,232
09,Treptow-Köpenick,320,electoral_district,943,898,45,0,213,0,2,211,104,107
09,Treptow-Köpenick,321,electoral_district,593,576,17,0,141,0,1,140,73,67
09,Treptow-Köpenick,322,electoral_district,2391,2199,192,0,662,1,1,661,349,312
09,Treptow-Köpenick,324,electoral_district,2047,1880,167,0,576,1,0,576,225,351
09,Treptow-Köpenick,326,electoral_district,1442,1399,43,0,190,0,0,190,105,85
09,Treptow-Köpenick,328,electoral_district,1810,1658,152,0,493,0,0,493,215,278
09,Treptow-Köpenick,330,electoral_district,1468,1408,60,0,268,1,2,266,137,129
09,Treptow-Köpenick,333,electoral_district,867,792,75,0,253,0,1,252,112,140
09,Treptow-Köpenick,401,electoral_district,2907,2663,244,0,896,2,4,892,553,339
09,Treptow-Köpenick,403,electoral_district,795,726,69,0,112,0,0,112,51,61
09,Treptow-Köpenick,404,electoral_district,1889,1733,156,0,630,4,1,629,479,150
09,Treptow-Köpenick,405,electoral_district,3561,3124,437,0,1208,5,1,1207,914,293
09,Treptow-Köpenick,409,electoral_district,3223,2996,227,0,699,0,1,698,276,422
09,Treptow-Köpenick,413,electoral_district,3816,3531,285,0,656,3,1,655,266,389
09,Treptow-Köpenick,418,electoral_district,734,718,16,0,110,0,0,110,52,58
09,Treptow-Köpenick,419,electoral_district,640,590,50,0,200,0,2,198,77,121
09,Treptow-Köpenick,420,electoral_district,1926,1775,151,0,527,0,0,527,250,277
09,Treptow-Köpenick,422,electoral_district,911,827,84,0,236,0,0,236,88,148
09,Treptow-Köpenick,423,electoral_district,1263,1144,119,0,417,4,2,415,216,199
09,Treptow-Köpenick,424,electoral_district,760,676,84,0,348,0,0,348,285,63
09,Treptow-Köpenick,425,electoral_district,741,620,121,0,353,6,0,353,333,20
09,Treptow-Köpenick,426,electoral_district,845,714,131,0,385,0,2,383,347,36
09,Treptow-Köpenick,427,electoral_district,744,657,87,0,245,0,0,245,186,59
09,Treptow-Köpenick,428,electoral_district,347,323,24,0,136,2,0,136,109,27
09,Treptow-Köpenick,429,electoral_district,2721,2523,198,0,558,1,0,558,187,371
09,Treptow-Köpenick,432,electoral_district,3180,2964,216,0,635,1,1,634,247,387
09,Treptow-Köpenick,436,electoral_district,1697,1526,171,0,409,0,1,408,127,281
09,Treptow-Köpenick,501,electoral_district,779,727,52,0,178,1,0,178,83,95
09,Treptow-Köpenick,502,electoral_district,746,702,44,0,138,0,0,138,44,94
09,Treptow-Köpenick,503,electoral_district,1145,1073,72,0,272,2,1,271,78,193
09,Treptow-Köpenick,504,electoral_district,697,647,50,0,191,0,0,191,64,127
09,Treptow-Köpenick,505,electoral_district,706,637,69,0,146,0,1,145,49,96
09,Treptow-Köpenick,506,electoral_district,1992,1821,171,0,477,0,3,474,134,340
09,Treptow-Köpenick,508,electoral_district,1343,1254,89,0,319,1,0,319,100,219
09,Treptow-Köpenick,510,electoral_district,1411,1293,118,0,280,0,2,278,109,169
09,Treptow-Köpenick,512,electoral_district,751,706,45,0,120,0,0,120,41,79
09,Treptow-Köpenick,513,electoral_district,930,869,61,0,182,1,1,181,57,124
09,Treptow-Köpenick,514,electoral_district,718,678,40,0,169,0,0,169,61,108
09,Treptow-Köpenick,515,electoral_district,2113,1995,118,0,409,1,0,409,194,215
09,Treptow-Köpenick,518,electoral_district,1130,1077,53,0,203,0,1,202,99,103
09,Treptow-Köpenick,519,electoral_district,3280,3017,263,0,770,4,0,770,336,434
09,Treptow-Köpenick,522,electoral_district,3098,2779,319,0,728,3,1,727,294,433
09,Treptow-Köpenick,525,electoral_district,2151,1993,158,0,419,1,0,419,153,266
09,Treptow-Köpenick,527,electoral_district,1446,1278,168,0,403,0,0,403,189,214
09,Treptow-Köpenick,528,electoral_district,2383,2119,264,0,1008,4,0,1008,862,146
09,Treptow-Köpenick,530,electoral_district,3135,2819,316,0,1247,0,2,1245,1086,159
09,Treptow-Köpenick,601,electoral_district,2839,2596,243,0,774,2,1,773,296,477
09,Treptow-Köpenick,603,electoral_district,890,833,57,0,166,0,1,165,58,107
09,Treptow-Köpenick,604,electoral_district,1001,915,86,0,306,1,1,305,127,178
09,Treptow-Köpenick,605,electoral_district,1966,1812,154,0,496,1,1,495,186,309
09,Treptow-Köpenick,608,electoral_district,1430,1322,108,0,370,1,1,369,127,242
09,Treptow-Köpenick,609,electoral_district,1608,1467,141,0,428,3,2,426,136,290
09,Treptow-Köpenick,611,electoral_district,2428,2240,188,0,657,0,2,655,235,420
09,Treptow-Köpenick,614,electoral_district,2664,2422,242,0,697,0,3,694,233,461
09,Treptow-Köpenick,617,electoral_district,2347,2133,214,0,553,1,0,553,180,373
09,Treptow-Köpenick,619,electoral_district,787,722,65,0,252,0,0,252,84,168
09,Treptow-Köpenick,620,electoral_district,3502,3207,295,0,955,0,3,952,302,650
09,Treptow-Köpenick,624,electoral_district,3545,3241,304,0,914,1,4,910,264,646
09,Treptow-Köpenick,628,electoral_district,630,574,56,0,181,0,0,181,57,124
09,Treptow-Köpenick,629,electoral_district,1377,1261,116,0,381,1,0,381,288,93
09,Treptow-Köpenick,630,electoral_district,1605,1462,143,0,471,3,0,471,271,200
09,Treptow-Köpenick,631,electoral_district,1867,1702,165,0,549,1,3,546,353,193
09,Treptow-Köpenick,633,electoral_district,1324,1237,87,0,400,3,2,398,268,130
09,Treptow-Köpenick,634,electoral_district,1264,1144,120,0,455,0,0,455,308,147
10,Marzahn-Hellersdorf,1A ,postal_voting_district,0,0,0,0,1034,1034,3,1031,329,702
10,Marzahn-Hellersdorf,1B ,postal_voting_district,0,0,0,0,1026,1026,1,1025,347,678
10,Marzahn-Hellersdorf,1C ,postal_voting_district,0,0,0,0,1020,1020,1,1019,386,633
10,Marzahn-Hellersdorf,1D ,postal_voting_district,0,0,0,0,1023,1023,0,1023,346,677
10,Marzahn-Hellersdorf,1E ,postal_voting_district,0,0,0,0,1051,1051,41,1010,343,667
10,Marzahn-Hellersdorf,1F ,postal_voting_district,0,0,0,0,1017,1017,2,1015,369,646
10,Marzahn-Hellersdorf,1G ,postal_voting_district,0,0,0,0,1055,1055,3,1052,343,709
10,Marzahn-Hellersdorf,1H ,postal_voting_district,0,0,0,0,1113,1113,5,1108,372,736
10,Marzahn-Hellersdorf,1J ,postal_voting_district,0,0,0,0,1013,1013,4,1009,348,661
10,Marzahn-Hellersdorf,1K ,postal_voting_district,0,0,0,0,1113,1113,2,1111,366,745
10,Marzahn-Hellersdorf,101,electoral_district,4318,4168,150,0,518,2,2,516,191,325
10,Marzahn-Hellersdorf,102,electoral_district,4098,3967,131,0,503,0,1,502,194,308
10,Marzahn-Hellersdorf,103,electoral_district,5406,5183,223,0,722,4,2,720,239,481
10,Marzahn-Hellersdorf,104,electoral_district,3297,3189,108,0,327,0,0,327,101,226
10,Marzahn-Hellersdorf,105,electoral_district,3680,3476,204,0,517,1,1,516,152,364
10,Marzahn-Hellersdorf,106,electoral_district,2719,2614,105,0,454,0,2,452,165,287
10,Marzahn-Hellersdorf,107,electoral_district,3718,3550,168,0,496,0,2,494,169,325
10,Marzahn-Hellersdorf,201,electoral_district,4202,4047,155,0,551,0,2,549,221,328
10,Marzahn-Hellersdorf,202,electoral_district,3506,3325,181,0,406,1,1,405,129,276
10,Marzahn-Hellersdorf,203,electoral_district,3489,3318,171,0,455,1,0,455,184,271
10,Marzahn-Hellersdorf,204,electoral_district,3732,3556,176,0,466,0,0,466,160,306
10,Marzahn-Hellersdorf,205,electoral_district,2386,2252,134,0,429,0,0,429,152,277
10,Marzahn-Hellersdorf,206,electoral_district,3120,2932,188,0,560,1,2,558,170,388
10,Marzahn-Hellersdorf,207,electoral_district,4098,3878,220,0,513,0,3,510,156,354
10,Marzahn-Hellersdorf,208,electoral_district,3522,3372,150,0,675,1,1,674,200,474
10,Marzahn-Hellersdorf,301,electoral_district,3929,3718,211,0,661,1,0,661,217,444
10,Marzahn-Hellersdorf,302,electoral_district,2487,2375,112,0,495,0,0,495,144,351
10,Marzahn-Hellersdorf,303,electoral_district,3936,3655,281,0,778,2,1,777,234,543
10,Marzahn-Hellersdorf,304,electoral_district,4355,4046,309,0,869,2,1,868,252,616
10,Marzahn-Hellersdorf,305,electoral_district,4145,3951,194,0,612,0,0,612,210,402
10,Marzahn-Hellersdorf,306,electoral_district,1633,1501,132,0,333,0,0,333,105,228
10,Marzahn-Hellersdorf,307,electoral_district,4009,3875,134,0,432,0,0,432,158,274
10,Marzahn-Hellersdorf,308,electoral_district,3739,3629,110,0,483,1,3,480,151,329
10,Marzahn-Hellersdorf,309,electoral_district,3889,3782,107,0,387,0,2,385,139,246
10,Marzahn-Hellersdorf,401,electoral_district,4245,4009,236,0,710,1,1,709,197,512
10,Marzahn-Hellersdorf,402,electoral_district,3765,3574,191,0,792,1,4,788,231,557
10,Marzahn-Hellersdorf,403,electoral_district,4319,3915,404,0,944,0,2,942,331,611
10,Marzahn-Hellersdorf,404,electoral_district,3738,3295,443,0,851,0,0,851,375,476
10,Marzahn-Hellersdorf,405,electoral_district,3062,2920,142,0,425,0,2,423,141,282
10,Marzahn-Hellersdorf,406,electoral_district,1143,1073,70,0,232,0,0,232,63,169
10,Marzahn-Hellersdorf,407,electoral_district,1165,1074,91,0,341,1,0,341,125,216
10,Marzahn-Hellersdorf,408,electoral_district,2394,2132,262,0,660,0,0,660,215,445
10,Marzahn-Hellersdorf,409,electoral_district,2094,1945,149,0,599,3,1,598,220,378
10,Marzahn-Hellersdorf,410,electoral_district,1255,1172,83,0,379,0,4,375,101,274
10,Marzahn-Hellersdorf,411,electoral_district,1384,1289,95,0,366,2,1,365,128,237
10,Marzahn-Hellersdorf,501,electoral_district,3438,3150,288,0,1027,6,6,1021,270,751
10,Marzahn-Hellersdorf,502,electoral_district,1258,1148,110,0,319,2,1,318,122,196
10,Marzahn-Hellersdorf,503,electoral_district,2549,2369,180,0,673,4,0,673,222,451
10,Marzahn-Hellersdorf,504,electoral_district,2561,2389,172,0,604,1,1,603,250,353
10,Marzahn-Hellersdorf,505,electoral_district,2469,2254,215,0,726,0,2,724,219,505
10,Marzahn-Hellersdorf,506,electoral_district,2485,2232,253,0,731,3,0,731,238,493
10,Marzahn-Hellersdorf,507,electoral_district,2527,2336,191,0,668,0,0,668,205,463
10,Marzahn-Hellersdorf,508,electoral_district,1261,1188,73,0,380,2,1,379,120,259
10,Marzahn-Hellersdorf,509,electoral_district,2646,2447,199,0,708,0,0,708,248,460
10,Marzahn-Hellersdorf,510,electoral_district,2486,2282,204,0,596,0,1,595,197,398
10,Marzahn-Hellersdorf,511,electoral_district,1120,1014,106,0,244,0,0,244,76,168
10,Marzahn-Hellersdorf,512,electoral_district,2176,2006,170,0,617,0,4,613,214,399
10,Marzahn-Hellersdorf,513,electoral_district,1054,972,82,0,265,1,1,264,95,169
10,Marzahn-Hellersdorf,514,electoral_district,3701,3373,328,0,976,1,4,972,308,664
10,Marzahn-Hellersdorf,601,electoral_district,2291,2219,72,0,352,0,0,352,130,222
10,Marzahn-Hellersdorf,602,electoral_district,2292,2206,86,0,285,0,1,284,95,189
10,Marzahn-Hellersdorf,603,electoral_district,2649,2518,131,0,498,0,1,497,146,351
10,Marzahn-Hellersdorf,604,electoral_district,2815,2687,128,0,457,1,0,457,155,302
10,Marzahn-Hellersdorf,605,electoral_district,2606,2484,122,0,335,0,4,331,111,220
10,Marzahn-Hellersdorf,606,electoral_district,2350,2224,126,0,337,0,2,335,131,204
10,Marzahn-Hellersdorf,607,electoral_district,1952,1855,97,0,361,0,0,361,97,264
10,Marzahn-Hellersdorf,608,electoral_district,2828,2652,176,0,625,0,1,624,199,425
10,Marzahn-Hellersdorf,609,electoral_district,725,665,60,0,194,0,2,192,67,125
10,Marzahn-Hellersdorf,610,electoral_district,1044,962,82,0,293,0,1,292,117,175
10,Marzahn-Hellersdorf,611,electoral_district,1891,1759,132,0,435,0,0,435,135,300
10,Marzahn-Hellersdorf,612,electoral_district,2242,2044,198,0,573,0,2,571,198,373
10,Marzahn-Hellersdorf,613,electoral_district,2789,2656,133,0,518,0,3,515,173,342
10,Marzahn-Hellersdorf,701,electoral_district,1722,1649,73,0,234,1,0,234,83,151
10,Marzahn-Hellersdorf,702,electoral_district,3615,3510,105,0,436,0,1,435,155,280
10,Marzahn-Hellersdorf,703,electoral_district,3366,3256,110,0,332,0,0,332,121,211
10,Marzahn-Hellersdorf,704,electoral_district,2460,2364,96,0,312,0,0,312,92,220
10,Marzahn-Hellersdorf,705,electoral_district,1624,1556,68,0,207,0,0,207,76,131
10,Marzahn-Hellersdorf,706,electoral_district,2096,1999,97,0,371,0,2,369,121,248
10,Marzahn-Hellersdorf,707,electoral_district,3415,3260,155,0,582,1,4,578,180,398
10,Marzahn-Hellersdorf,708,electoral_district,2603,2483,120,0,382,0,1,381,116,265
10,Marzahn-Hellersdorf,709,electoral_district,3482,3325,157,0,429,2,1,428,166,262
10,Marzahn-Hellersdorf,710,electoral_district,2080,1992,88,0,274,1,0,274,85,189
11,Lichtenberg,1A ,postal_voting_district,0,0,0,0,1099,1099,2,1097,370,727
11,Lichtenberg,1B ,postal_voting_district,0,0,0,0,1221,1221,2,1219,368,851
11,Lichtenberg,1C ,postal_voting_district,0,0,0,0,1174,1174,1,1173,325,848
11,Lichtenberg,1D ,postal_voting_district,0,0,0,0,1221,1221,3,1218,349,869
11,Lichtenberg,1E ,postal_voting_district,0,0,0,0,1042,1042,2,1040,297,743
11,Lichtenberg,1F ,postal_voting_district,0,0,0,0,991,991,5,986,242,744
11,Lichtenberg,1G ,postal_voting_district,0,0,0,0,1155,1155,0,1155,338,817
11,Lichtenberg,1H ,postal_voting_district,0,0,0,0,1200,1200,1,1199,381,818
11,Lichtenberg,1J ,postal_voting_district,0,0,0,0,1188,1188,2,1186,405,781
11,Lichtenberg,1K ,postal_voting_district,0,0,0,0,1905,1905,5,1900,637,1263
11,Lichtenberg,101,electoral_district,1498,1398,100,0,249,0,1,248,69,179
11,Lichtenberg,102,electoral_district,1155,1078,77,0,245,0,0,245,57,188
11,Lichtenberg,103,electoral_district,3338,3151,187,0,608,0,1,607,168,439
11,Lichtenberg,104,electoral_district,3250,3142,108,0,353,0,0,353,145,208
11,Lichtenberg,109,electoral_district,3398,3192,206,0,538,0,2,536,177,359
11,Lichtenberg,112,electoral_district,2976,2802,174,0,457,0,1,456,120,336
11,Lichtenberg,115,electoral_district,3320,3161,159,0,421,0,0,421,153,268
11,Lichtenberg,116,electoral_district,3224,3022,202,0,586,0,0,586,170,416
11,Lichtenberg,121,electoral_district,3651,3498,153,0,506,0,0,506,162,344
11,Lichtenberg,124,electoral_district,3445,3309,136,0,409,0,1,408,145,263
11,Lichtenberg,127,electoral_district,2652,2544,108,0,363,0,2,361,126,235
11,Lichtenberg,201,electoral_district,1150,1091,59,0,207,0,1,206,51,155
11,Lichtenberg,202,electoral_district,2316,2191,125,0,420,0,1,419,139,280
11,Lichtenberg,204,electoral_district,2966,2801,165,0,427,0,2,425,120,305
11,Lichtenberg,207,electoral_district,2373,2252,121,0,327,0,0,327,100,227
11,Lichtenberg,209,electoral_district,2153,2022,131,0,358,0,0,358,102,256
11,Lichtenberg,211,electoral_district,3344,3082,262,0,754,0,2,752,230,522
11,Lichtenberg,212,electoral_district,3446,3232,214,0,716,0,0,716,226,490
11,Lichtenberg,215,electoral_district,1859,1735,124,0,323,0,0,323,108,215
11,Lichtenberg,217,electoral_district,3053,2808,245,0,587,0,0,587,175,412
11,Lichtenberg,221,electoral_district,3401,3130,271,0,837,0,3,834,213,621
11,Lichtenberg,222,electoral_district,2890,2741,149,0,608,0,1,607,191,416
11,Lichtenberg,225,electoral_district,2111,1974,137,0,442,0,1,441,115,326
11,Lichtenberg,228,electoral_district,2335,2184,151,0,422,0,0,422,115,307
11,Lichtenberg,301,electoral_district,2360,2214,146,0,466,0,1,465,148,317
11,Lichtenberg,303,electoral_district,2346,2244,102,0,344,0,1,343,140,203
11,Lichtenberg,305,electoral_district,2236,2096,140,0,341,0,0,341,95,246
11,Lichtenberg,306,electoral_district,2141,2007,134,0,367,0,1,366,118,248
11,Lichtenberg,308,electoral_district,3244,3066,178,0,566,0,1,565,214,351
11,Lichtenberg,311,electoral_district,3111,2911,200,0,381,0,0,381,128,253
11,Lichtenberg,315,electoral_district,2904,2754,150,0,412,0,0,412,165,247
11,Lichtenberg,318,electoral_district,2453,2312,141,0,485,0,2,483,150,333
11,Lichtenberg,320,electoral_district,2536,2346,190,0,557,0,1,556,192,364
11,Lichtenberg,322,electoral_district,2154,2006,148,0,304,0,2,302,102,200
11,Lichtenberg,323,electoral_district,3157,2981,176,0,607,0,1,606,198,408
11,Lichtenberg,327,electoral_district,1006,971,35,0,73,0,1,72,29,43
11,Lichtenberg,328,electoral_district,2023,1903,120,0,342,0,0,342,103,239
11,Lichtenberg,330,electoral_district,1975,1806,169,0,372,0,0,372,96,276
11,Lichtenberg,401,electoral_district,3753,3520,233,0,702,0,2,700,228,472
11,Lichtenberg,405,electoral_district,3938,3616,322,0,801,0,1,800,236,564
11,Lichtenberg,409,electoral_district,3767,3407,360,0,715,0,0,715,258,457
11,Lichtenberg,412,electoral_district,2924,2711,213,0,461,0,2,459,140,319
11,Lichtenberg,415,electoral_district,3554,3319,235,0,670,0,2,668,231,437
11,Lichtenberg,416,electoral_district,3785,3526,259,0,645,0,0,645,163,482
11,Lichtenberg,420,electoral_district,2841,2670,171,0,503,0,1,502,144,358
11,Lichtenberg,424,electoral_district,3988,3781,207,0,660,0,4,656,217,439
11,Lichtenberg,428,electoral_district,3378,3094,284,0,774,0,0,774,250,524
11,Lichtenberg,431,electoral_district,3921,3578,343,0,742,0,0,742,172,570
11,Lichtenberg,501,electoral_district,2645,2482,163,0,485,0,1,484,141,343
11,Lichtenberg,503,electoral_district,1935,1842,93,0,313,0,0,313,116,197
11,Lichtenberg,505,electoral_district,3254,3035,219,0,448,0,1,447,170,277
11,Lichtenberg,506,electoral_district,2566,2468,98,0,411,0,1,410,169,241
11,Lichtenberg,508,electoral_district,2655,2531,124,0,464,0,2,462,164,298
11,Lichtenberg,509,electoral_district,3495,3252,243,0,640,0,1,639,215,424
11,Lichtenberg,510,electoral_district,3631,3448,183,0,744,0,2,742,242,500
11,Lichtenberg,513,electoral_district,2418,2276,142,0,346,0,2,344,113,231
11,Lichtenberg,514,electoral_district,2267,2126,141,0,332,0,1,331,114,217
11,Lichtenberg,516,electoral_district,2088,1962,126,0,296,0,2,294,117,177
11,Lichtenberg,521,electoral_district,3063,2841,222,0,605,0,2,603,162,441
11,Lichtenberg,524,electoral_district,3326,3064,262,0,650,0,1,649,175,474
11,Lichtenberg,601,electoral_district,3786,3448,338,0,908,0,1,907,203,704
11,Lichtenberg,604,electoral_district,3444,3243,201,0,681,0,1,680,219,461
11,Lichtenberg,605,electoral_district,3392,3060,332,0,749,0,1,748,157,591
11,Lichtenberg,608,electoral_district,2144,1971,173,0,455,0,3,452,108,344
11,Lichtenberg,610,electoral_district,2589,2345,244,0,551,0,4,547,164,383
11,Lichtenberg,614,electoral_district,3002,2816,186,0,634,0,1,633,199,434
11,Lichtenberg,617,electoral_district,2867,2658,209,0,770,0,0,770,244,526
11,Lichtenberg,620,electoral_district,2342,2110,232,0,744,0,1,743,215,528
11,Lichtenberg,622,electoral_district,1921,1706,215,0,558,0,0,558,141,417
11,Lichtenberg,624,electoral_district,2924,2634,290,0,848,0,4,844,216,628
11,Lichtenberg,627,electoral_district,1455,1330,125,0,485,0,0,485,96,389
11,Lichtenberg,628,electoral_district,2476,2217,259,0,813,0,2,811,208,603
11,Lichtenberg,630,electoral_district,1719,1595,124,0,606,0,0,606,206,400
12,Reinickendorf,1A ,postal_voting_district,0,0,0,0,807,807,1,806,645,161
12,Reinickendorf,1B ,postal_voting_district,0,0,0,0,784,784,21,763,607,156
12,Reinickendorf,1C ,postal_voting_district,0,0,0,0,788,788,0,788,629,159
12,Reinickendorf,1D ,postal_voting_district,0,0,0,0,707,707,1,706,551,155
12,Reinickendorf,1E ,postal_voting_district,0,0,0,0,766,766,0,766,634,132
12,Reinickendorf,1F ,postal_voting_district,0,0,0,0,777,777,3,774,597,177
12,Reinickendorf,1G ,postal_voting_district,0,0,0,0,775,775,0,775,621,154
12,Reinickendorf,1H ,postal_voting_district,0,0,0,0,769,769,0,769,617,152
12,Reinickendorf,1I ,postal_voting_district,0,0,0,0,768,768,3,765,597,168
12,Reinickendorf,1K ,postal_voting_district,0,0,0,0,808,808,1,807,643,164
12,Reinickendorf,1L ,postal_voting_district,0,0,0,0,763,763,0,763,601,162
12,Reinickendorf,1M ,postal_voting_district,0,0,0,0,761,761,0,761,595,166
12,Reinickendorf,1N ,postal_voting_district,0,0,0,0,721,721,0,721,607,114
12,Reinickendorf,1O ,postal_voting_district,0,0,0,0,761,761,0,761,582,179
12,Reinickendorf,1P ,postal_voting_district,0,0,0,0,775,775,1,774,616,158
12,Reinickendorf,1Q ,postal_voting_district,0,0,0,0,781,781,2,779,654,125
12,Reinickendorf,1R ,postal_voting_district,0,0,0,0,764,764,1,763,605,158
12,Reinickendorf,1S ,postal_voting_district,0,0,0,0,768,768,2,766,592,174
12,Reinickendorf,1T ,postal_voting_district,0,0,0,0,759,759,1,758,576,182
12,Reinickendorf,1U ,postal_voting_district,0,0,0,0,835,835,5,830,663,167
12,Reinickendorf,1V ,postal_voting_district,0,0,0,0,768,768,2,766,595,171
12,Reinickendorf,1W ,postal_voting_district,0,0,0,0,774,774,0,774,601,173
12,Reinickendorf,1X ,postal_voting_district,0,0,0,0,765,765,0,765,597,168
12,Reinickendorf,1Y ,postal_voting_district,0,0,0,0,778,778,0,778,629,149
12,Reinickendorf,101,electoral_district,2306,2102,204,0,691,0,0,691,522,169
12,Reinickendorf,102,electoral_district,1552,1422,130,0,430,0,0,430,333,97
12,Reinickendorf,106,electoral_district,1991,1877,114,0,456,0,1,455,333,122
12,Reinickendorf,107,electoral_district,1221,1089,132,0,429,0,0,429,296,133
12,Reinickendorf,108,electoral_district,2211,2040,171,0,583,0,1,582,446,136
12,Reinickendorf,109,electoral_district,608,566,42,0,143,0,1,142,110,32
12,Reinickendorf,110,electoral_district,509,476,33,0,132,0,0,132,108,24
12,Reinickendorf,111,electoral_district,1751,1633,118,0,448,0,0,448,336,112
12,Reinickendorf,114,electoral_district,3107,2919,188,0,918,0,1,917,705,212
12,Reinickendorf,117,electoral_district,936,877,59,0,300,0,0,300,229,71
12,Reinickendorf,119,electoral_district,1523,1418,105,0,358,0,1,357,258,99
12,Reinickendorf,120,electoral_district,1516,1411,105,0,414,0,2,412,314,98
12,Reinickendorf,122,electoral_district,1254,1185,69,0,353,0,1,352,261,91
12,Reinickendorf,124,electoral_district,2532,2353,179,0,615,0,2,613,450,163
12,Reinickendorf,129,electoral_district,2438,2198,240,0,555,0,1,554,434,120
12,Reinickendorf,133,electoral_district,2080,1893,187,0,508,0,1,507,395,112
12,Reinickendorf,135,electoral_district,2395,2209,186,0,555,0,1,554,428,126
12,Reinickendorf,201,electoral_district,1706,1527,179,0,557,0,0,557,443,114
12,Reinickendorf,203,electoral_district,1911,1643,268,0,564,0,2,562,424,138
12,Reinickendorf,205,electoral_district,2974,2633,341,0,1089,0,1,1088,770,318
12,Reinickendorf,209,electoral_district,830,597,233,0,221,0,0,221,155,66
12,Reinickendorf,210,electoral_district,2841,2658,183,0,728,0,1,727,562,165
12,Reinickendorf,212,electoral_district,1609,1458,151,0,459,0,2,457,361,96
12,Reinickendorf,213,electoral_district,1706,1513,193,0,536,0,2,534,420,114
12,Reinickendorf,214,electoral_district,2550,2278,272,0,747,0,0,747,584,163
12,Reinickendorf,215,electoral_district,2302,2053,249,0,730,0,1,729,551,178
12,Reinickendorf,222,electoral_district,1783,1592,191,0,509,0,2,507,411,96
12,Reinickendorf,224,electoral_district,2813,2574,239,0,768,0,2,766,594,172
12,Reinickendorf,227,electoral_district,1687,1556,131,0,474,0,0,474,367,107
12,Reinickendorf,228,electoral_district,1549,1373,176,0,360,0,0,360,260,100
12,Reinickendorf,229,electoral_district,760,729,31,0,150,0,0,150,119,31
12,Reinickendorf,233,electoral_district,1212,1145,67,0,281,0,0,281,206,75
12,Reinickendorf,234,electoral_district,607,549,58,0,174,0,0,174,128,46
12,Reinickendorf,236,electoral_district,584,533,51,0,263,0,1,262,179,83
12,Reinickendorf,237,electoral_district,413,398,15,0,107,0,1,106,91,15
12,Reinickendorf,239,electoral_district,320,296,24,0,111,0,0,111,77,34
12,Reinickendorf,301,electoral_district,2165,1881,284,0,918,0,1,917,705,212
12,Reinickendorf,303,electoral_district,2073,1819,254,0,824,0,2,822,629,193
12,Reinickendorf,305,electoral_district,679,582,97,0,285,0,0,285,216,69
12,Reinickendorf,306,electoral_district,2918,2586,332,0,1225,0,1,1224,882,342
12,Reinickendorf,310,electoral_district,1825,1652,173,0,691,0,2,689,493,196
12,Reinickendorf,311,electoral_district,1336,1174,162,0,565,0,0,565,427,138
12,Reinickendorf,313,electoral_district,1068,946,122,0,431,0,3,428,327,101
12,Reinickendorf,314,electoral_district,1922,1633,289,0,805,0,2,803,602,201
12,Reinickendorf,316,electoral_district,843,734,109,0,357,0,0,357,283,74
12,Reinickendorf,318,electoral_district,2137,1845,292,0,903,0,0,903,672,231
12,Reinickendorf,320,electoral_district,1876,1609,267,0,693,0,3,690,479,211
12,Reinickendorf,322,electoral_district,2701,2326,375,0,1109,0,2,1107,805,302
12,Reinickendorf,324,electoral_district,2342,2101,241,0,790,0,2,788,571,217
12,Reinickendorf,328,electoral_district,928,828,100,0,295,0,1,294,225,69
12,Reinickendorf,329,electoral_district,2869,2648,221,0,842,0,2,840,644,196
12,Reinickendorf,330,electoral_district,1653,1534,119,0,466,0,0,466,394,72
12,Reinickendorf,332,electoral_district,1024,972,52,0,330,0,0,330,266,64
12,Reinickendorf,337,electoral_district,243,224,19,0,95,0,0,95,45,50
12,Reinickendorf,401,electoral_district,2272,1989,283,0,782,0,0,782,574,208
12,Reinickendorf,402,electoral_district,2561,2291,270,0,753,0,4,749,619,130
12,Reinickendorf,406,electoral_district,1821,1664,157,0,555,0,1,554,428,126
12,Reinickendorf,408,electoral_district,942,799,143,0,325,0,0,325,222,103
12,Reinickendorf,409,electoral_district,970,844,126,0,360,0,0,360,237,123
12,Reinickendorf,410,electoral_district,695,617,78,0,231,0,0,231,191,40
12,Reinickendorf,411,electoral_district,1975,1808,167,0,790,0,2,788,654,134
12,Reinickendorf,413,electoral_district,1202,1033,169,0,510,0,0,510,369,141
12,Reinickendorf,414,electoral_district,1731,1428,303,0,702,0,1,701,493,208
12,Reinickendorf,415,electoral_district,1423,1254,169,0,397,0,0,397,310,87
12,Reinickendorf,416,electoral_district,2698,2370,328,0,872,0,2,870,678,192
12,Reinickendorf,417,electoral_district,1814,1605,209,0,601,0,2,599,434,165
12,Reinickendorf,420,electoral_district,1041,821,220,0,346,0,0,346,254,92
12,Reinickendorf,424,electoral_district,2320,2084,236,0,726,0,0,726,533,193
12,Reinickendorf,425,electoral_district,2390,2106,284,0,744,0,2,742,581,161
12,Reinickendorf,428,electoral_district,2938,2658,280,0,952,0,3,949,739,210
12,Reinickendorf,433,electoral_district,791,706,85,0,318,0,0,318,237,81
12,Reinickendorf,434,electoral_district,1821,1598,223,0,664,0,0,664,494,170
12,Reinickendorf,438,electoral_district,2276,2032,244,0,724,0,0,724,547,177
12,Reinickendorf,440,electoral_district,733,667,66,0,249,0,0,249,193,56
12,Reinickendorf,501,electoral_district,1800,1588,212,0,797,0,0,797,585,212
12,Reinickendorf,502,electoral_district,1262,1097,165,0,519,0,0,519,425,94
12,Reinickendorf,503,electoral_district,919,816,103,0,315,0,0,315,269,46
12,Reinickendorf,505,electoral_district,2515,2275,240,0,712,0,0,712,611,101
12,Reinickendorf,506,electoral_district,1859,1729,130,0,583,0,0,583,476,107
12,Reinickendorf,507,electoral_district,2198,2035,163,0,644,0,0,644,547,97
12,Reinickendorf,509,electoral_district,1680,1600,80,0,446,0,0,446,380,66
12,Reinickendorf,514,electoral_district,1649,1553,96,0,490,0,1,489,406,83
12,Reinickendorf,517,electoral_district,2414,2226,188,0,639,0,2,637,537,100
12,Reinickendorf,518,electoral_district,2227,2072,155,0,524,0,2,522,430,92
12,Reinickendorf,521,electoral_district,1788,1690,98,0,457,2,2,455,401,54
12,Reinickendorf,525,electoral_district,795,752,43,0,224,0,0,224,187,37
12,Reinickendorf,526,electoral_district,1758,1634,124,0,486,0,0,486,411,75
12,Reinickendorf,527,electoral_district,1407,1314,93,0,392,0,0,392,314,78
12,Reinickendorf,529,electoral_district,3227,2865,362,0,1096,0,0,1096,902,194
12,Reinickendorf,533,electoral_district,880,812,68,0,237,3,1,236,198,38
12,Reinickendorf,601,electoral_district,291,270,21,0,119,0,1,118,87,31
12,Reinickendorf,602,electoral_district,2132,1780,352,0,958,0,1,957,693,264
12,Reinickendorf,603,electoral_district,1648,1428,220,0,681,0,1,680,528,152
12,Reinickendorf,604,electoral_district,2038,1725,313,0,919,0,1,918,708,210
12,Reinickendorf,608,electoral_district,2696,2217,479,0,1054,0,0,1054,834,220
12,Reinickendorf,609,electoral_district,1572,1331,241,0,655,1,1,654,511,143
12,Reinickendorf,611,electoral_district,2226,1903,323,0,972,3,0,972,730,242
12,Reinickendorf,614,electoral_district,2524,2058,466,0,803,0,0,803,590,213
12,Reinickendorf,617,electoral_district,2643,2233,410,0,1082,0,1,1081,811,270
12,Reinickendorf,619,electoral_district,1443,1237,206,0,597,0,0,597,456,141
12,Reinickendorf,621,electoral_district,667,568,99,0,268,0,4,264,204,60
12,Reinickendorf,623,electoral_district,2652,2232,420,0,1092,0,2,1090,822,268
12,Reinickendorf,625,electoral_district,2250,1903,347,0,925,2,1,924,674,250
12,Reinickendorf,628,electoral_district,1913,1622,291,0,833,0,3,830,585,245
12,Reinickendorf,632,electoral_district,1421,1270,151,0,653,0,4,649,496,153
12,Reinickendorf,633,electoral_district,970,861,109,0,422,0,1,421,308,113
